2,1,1325,1501
1,1,1678,0
1,3,1854,0
1,4,2031,0
1,2,2031,0
1,3,2207,0
1,2,2384,0
2,1,2384,3089
1,3,2560,0
1,4,2737,0
1,3,2913,0
2,4,3089,3619
1,1,3795,0
2,3,3795,4325
1,2,3972,0
1,4,4325,0
1,2,4501,0
2,4,4501,4678
2,3,4678,4854
2,1,4854,5031
1,4,5031,0
2,2,5031,5207
2,3,5207,5560
1,1,5207,0
1,2,5384,0
2,1,5560,5737
1,4,5560,0
1,3,5737,0
2,2,5737,5913
1,1,5913,0
2,3,6089,6442
1,2,6089,0
2,4,6442,6531
1,1,6575,0
2,4,6619,6972
1,2,6619,0
1,3,6619,0
1,2,6972,0
2,3,6972,7325
1,1,7325,0
2,2,7325,7678
2,4,7678,8031
1,3,7678,0
2,3,8031,8384
1,1,8031,0
1,2,8207,0
1,4,8384,0
2,3,8560,8913
1,4,8560,0
1,1,8737,0
1,2,8913,0
1,3,9089,0
2,4,9089,9442
1,2,9442,0
2,3,9442,9795
1,1,9619,0
2,2,9795,10148
1,4,9795,0
1,3,9972,0
2,1,10148,10501
1,3,10501,0
2,4,10501,10854
1,2,10854,0
2,3,10854,11031
2,1,11031,12089
2,4,11207,12089
2,3,11560,12089
2,2,11913,12089
1,1,12266,0
1,4,12266,0
1,3,12266,0
1,4,12442,0
1,2,12442,0
1,4,12795,0
1,3,12795,0
1,2,12972,0
1,4,12972,0
1,1,13325,0
1,3,13325,0
1,4,13325,0
1,1,13501,0
1,2,13501,0
1,1,13589,0
1,2,13589,0
1,3,13678,0
1,4,13678,0
1,1,13678,0
2,2,13854,14031
1,4,13854,0
2,4,14031,14207
1,3,14031,0
1,1,14031,0
1,1,14207,0
2,2,14207,14384
2,3,14384,14560
1,4,14384,0
2,4,14560,14737
1,1,14560,0
2,3,14737,14913
1,1,14737,0
1,2,14737,0
1,2,14913,0
2,1,14913,15266
1,3,15089,0
1,2,15266,0
2,4,15266,15442
1,1,15442,0
2,3,15442,15619
1,2,15442,0
2,2,15619,15795
1,4,15619,0
1,3,15795,0
2,4,15795,15972
1,1,15795,0
1,2,15972,0
2,3,15972,16148
1,1,15972,0
1,1,16148,0
2,2,16148,16325
1,4,16148,0
2,1,16325,16501
1,3,16325,0
1,4,16325,0
1,2,16501,0
1,4,16501,0
1,1,16678,0
2,3,16678,16854
1,4,16678,0
1,2,16854,0
2,4,16854,17031
1,1,16854,0
1,1,17031,0
2,3,17031,17207
2,2,17207,17384
1,1,17207,0
1,4,17384,0
2,3,17384,17560
2,2,17560,17737
1,1,17560,0
1,4,17560,0
2,1,17737,18089
1,4,17737,0
1,3,17913,0
1,2,18089,0
2,4,18089,18266
1,1,18266,0
2,3,18266,18442
1,2,18266,0
1,1,18442,0
2,2,18442,18619
1,3,18619,0
2,4,18619,18795
1,1,18619,0
1,2,18795,0
2,3,18795,18972
1,1,18795,0
2,2,18972,19148
1,4,18972,0
1,1,18972,0
1,3,19060,0
1,4,19060,0
2,1,19148,19325
1,3,19148,0
1,4,19148,0
1,3,19237,0
1,4,19237,0
1,3,19325,0
1,4,19325,0
2,1,19501,19678
1,2,19501,0
1,3,19501,0
1,2,19678,0
2,3,19678,19854
1,4,19678,0
1,2,19854,0
2,1,19854,20031
2,2,20031,20207
1,4,20031,0
1,3,20119,0
2,4,20207,20384
1,1,20207,0
1,2,20384,0
1,1,20384,0
2,3,20384,20560
1,2,20560,0
2,1,20560,20913
1,3,20737,0
1,4,20913,0
2,3,20913,21089
1,1,21089,0
2,2,21089,21266
1,4,21089,0
2,1,21266,21442
1,3,21266,0
1,3,21442,0
2,4,21442,21619
1,2,21442,0
2,3,21619,21795
1,1,21619,0
1,2,21619,0
1,1,21795,0
2,2,21795,21972
1,4,21795,0
2,1,21972,22148
1,3,21972,0
1,4,21972,0
1,2,22148,0
1,4,22148,0
1,1,22325,0
2,2,22325,22501
1,4,22325,0
2,4,22501,22678
1,3,22501,0
1,1,22501,0
1,1,22678,0
2,2,22678,22854
2,3,22854,23031
1,1,22854,0
1,1,22942,0
1,2,23031,0
2,4,23031,23207
1,1,23207,0
2,3,23207,23384
1,2,23207,0
2,1,23384,23737
1,2,23384,0
1,2,23560,0
1,3,23560,0
1,4,23560,0
1,3,23737,0
1,4,23737,0
1,2,23825,0
1,1,23825,0
1,3,23913,0
1,4,23913,0
1,2,24001,0
1,1,24001,0
1,1,24089,0
1,3,24089,0
1,4,24089,0
1,2,24266,0
1,3,24266,0
1,4,24266,0
1,2,24531,0
1,4,24531,0
1,3,24531,0
1,4,24795,0
1,2,24795,0
1,1,24884,0
1,3,24884,0
1,4,24972,0
1,1,24972,0
1,2,24972,0
2,3,25148,25325
1,4,25148,0
1,1,25148,0
2,4,25325,25501
1,2,25325,0
2,3,25501,25678
1,1,25501,0
1,4,25678,0
1,2,25678,0
1,1,25766,0
1,3,25766,0
1,2,25854,0
1,4,25854,0
1,1,26031,0
1,2,26031,0
1,3,26207,0
1,4,26207,0
2,3,26384,26737
1,1,26384,0
1,2,26384,0
2,4,26737,26913
1,1,26737,0
1,3,26913,0
1,1,26913,0
2,2,26913,27266
1,4,27266,0
1,3,27266,0
1,1,27442,0
1,2,27442,0
1,4,27619,0
1,3,27619,0
2,2,27972,28148
1,3,27972,0
1,4,28148,0
2,3,28148,28325
1,1,28148,0
1,1,28325,0
2,2,28325,28501
1,3,28501,0
1,4,28501,0
1,2,28589,0
1,1,28589,0
1,3,28678,0
1,4,28678,0
1,1,28854,0
1,3,28854,0
1,4,29031,0
1,2,29031,0
2,3,29207,29560
1,1,29207,0
1,4,29207,0
2,4,29560,29737
1,2,29560,0
1,1,29560,0
2,3,29737,30089
1,1,29737,0
1,2,30089,0
1,4,30089,0
1,1,30266,0
1,3,30266,0
1,2,30442,0
1,4,30442,0
1,1,30795,0
1,2,30795,0
1,4,30972,0
1,3,30972,0
1,4,31148,0
1,3,31148,0
2,3,31325,31678
2,4,31325,31678
1,3,32207,0
1,1,32207,0
1,4,32384,0
1,2,32384,0
1,1,32560,0
1,3,32560,0
2,2,32737,33089
1,3,32737,0
1,3,33089,0
1,1,33089,0
2,4,33089,33442
2,3,33442,33972
1,2,33442,0
1,1,33442,0
2,1,33972,34148
1,2,33972,0
1,4,33972,0
2,2,34148,35384
1,4,34148,0
1,4,34325,0
1,3,34325,0
1,3,34501,0
1,1,34501,0
2,3,34678,34854
1,4,34678,0
1,1,34678,0
2,1,35031,35207
2,4,35207,35384
1,1,35384,0
1,3,35384,0
1,4,35472,0
1,2,35472,0
1,1,35560,0
1,3,35560,0
1,4,35737,0
1,2,35737,0
1,1,35825,0
1,3,35825,0
1,4,35913,0
1,2,35913,0
1,1,36089,0
1,3,36089,0
1,4,36089,0
1,2,36266,0
1,1,36266,0
1,3,36266,0
1,1,36442,0
2,3,36442,36619
1,2,36619,0
2,4,36619,36707
2,4,36795,36972
1,1,36795,0
1,3,36972,0
1,1,36972,0
1,2,37060,0
1,4,37060,0
1,1,37148,0
1,3,37148,0
1,1,37325,0
1,2,37325,0
1,4,37501,0
1,2,37501,0
2,3,37678,38031
1,1,37678,0
1,4,37678,0
2,4,38031,38207
1,1,38031,0
1,2,38031,0
1,3,38207,0
2,2,38207,38560
1,1,38560,0
1,4,38560,0
1,2,38737,0
1,3,38737,0
1,1,38913,0
1,4,38913,0
1,1,39266,0
2,2,39266,39442
1,3,39266,0
1,4,39442,0
2,3,39442,39531
1,4,39619,0
2,3,39619,39795
1,1,39619,0
1,2,39795,0
1,4,39795,0
1,1,39884,0
1,3,39884,0
1,2,39972,0
1,4,39972,0
1,2,40148,0
1,1,40148,0
1,4,40325,0
1,3,40325,0
1,1,40501,0
1,4,40501,0
2,3,40501,40854
2,4,40854,41031
1,2,40854,0
1,1,41031,0
2,2,41031,41384
1,3,41031,0
1,4,41384,0
1,3,41384,0
1,2,41560,0
1,3,41560,0
1,1,41737,0
1,2,41737,0
1,1,42089,0
1,3,42089,0
1,4,42266,0
1,2,42266,0
1,4,42442,0
1,2,42442,0
2,4,42619,43148
2,2,42619,43148
1,1,43501,0
1,2,43501,0
1,3,43678,0
1,4,43678,0
1,1,43854,0
1,2,43854,0
2,3,44031,44384
1,4,44031,0
1,1,44031,0
1,2,44384,0
2,4,44384,44737
1,1,44384,0
1,1,44737,0
1,3,44737,0
2,2,44737,45266
1,4,45266,0
2,3,45266,45354
1,1,45442,0
1,4,45442,0
2,3,45442,46325
1,2,45442,0
1,4,45619,0
1,1,45619,0
1,2,45707,0
1,4,45795,0
1,1,45795,0
1,4,45972,0
1,1,45972,0
1,2,45972,0
1,1,46325,0
1,2,46325,0
1,4,46501,0
1,3,46501,0
1,2,46501,0
1,1,46678,0
1,4,46678,0
1,3,46766,0
1,2,46766,0
1,1,46854,0
1,4,46854,0
1,2,46942,0
1,3,46942,0
1,1,47031,0
1,4,47031,0
1,2,47119,0
1,3,47119,0
1,2,47207,0
1,1,47207,0
1,4,47295,0
1,3,47295,0
1,1,47384,0
1,2,47384,0
1,4,47472,0
1,3,47472,0
2,2,47560,47913
1,1,47560,0
1,3,47560,0
1,1,47913,0
1,3,47913,0
2,4,47913,48089
2,3,48089,48442
1,1,48089,0
1,2,48354,0
1,2,48442,0
1,4,48442,0
1,1,48619,0
1,3,48619,0
1,2,48795,0
1,4,48795,0
2,2,48972,49325
1,4,48972,0
1,1,48972,0
1,3,49325,0
2,4,49325,49501
1,1,49501,0
1,3,49501,0
2,2,49501,49854
1,3,49766,0
1,4,49766,0
1,4,49854,0
1,3,49854,0
1,1,50031,0
1,2,50031,0
1,4,50207,0
1,3,50207,0
2,1,50384,50737
1,2,50384,0
1,4,50384,0
1,3,50737,0
2,4,50737,50913
1,2,50737,0
1,1,50913,0
2,2,50913,51266
1,3,50913,0
1,4,51266,0
1,3,51266,0
1,3,51442,0
1,2,51442,0
1,2,51619,0
1,1,51619,0
1,4,51795,0
1,2,51795,0
1,3,51972,0
1,1,51972,0
1,2,52148,0
1,4,52148,0
1,1,52148,0
1,4,52325,0
1,3,52325,0
1,1,52413,0
1,2,52413,0
1,4,52501,0
1,3,52501,0
1,1,52501,0
1,1,52678,0
1,2,52678,0
1,4,52766,0
1,3,52766,0
1,1,52854,0
1,2,52854,0
1,4,52854,0
1,3,53031,0
1,2,53031,0
1,4,53031,0
1,4,53207,0
1,2,53207,0
1,3,53384,0
1,1,53384,0
1,2,53560,0
1,4,53560,0
2,4,53737,54266
1,1,53737,0
1,2,54266,0
1,1,54266,0
1,2,54442,0
1,1,54442,0
2,2,54619,54795
1,1,54619,0
1,4,54619,0
2,3,54795,55148
1,1,54795,0
2,4,55148,55325
1,2,55148,0
1,2,55501,0
1,3,55501,0
1,1,55678,0
1,2,55678,0
1,2,55854,0
1,3,55854,0
2,2,56031,56384
1,1,56031,0
1,4,56031,0
1,4,56384,0
2,3,56384,56560
1,1,56384,0
2,1,56560,57442
1,2,56560,0
1,4,56560,0
1,2,56737,0
1,4,56737,0
1,2,56913,0
1,4,56913,0
1,3,57001,0
1,2,57089,0
1,4,57089,0
1,2,57266,0
1,4,57266,0
1,3,57266,0
1,2,57619,0
1,4,57619,0
1,3,57619,0
1,2,57972,0
1,4,57972,0
1,3,57972,0
1,1,58148,0
1,2,58148,0
1,4,58148,0
1,2,58325,0
1,1,58325,0
1,3,58413,0
1,4,58413,0
1,2,58501,0
1,1,58501,0
1,3,58589,0
1,4,58589,0
1,1,58678,0
1,2,58678,0
1,3,58766,0
1,4,58766,0
1,1,58854,0
1,4,58854,0
2,2,58854,59207
2,4,59207,59384
1,3,59207,0
1,1,59207,0
2,3,59384,59737
1,1,59384,0
1,2,59384,0
1,2,59648,0
1,4,59737,0
1,2,59737,0
1,1,59913,0
1,3,59913,0
1,2,60089,0
1,4,60089,0
2,3,60266,60619
1,1,60266,0
1,4,60266,0
1,2,60619,0
2,4,60619,60795
1,1,60619,0
1,3,60795,0
1,1,60795,0
2,2,60795,61148
1,3,61060,0
1,4,61060,0
1,4,61148,0
1,3,61148,0
1,2,61325,0
1,1,61325,0
1,4,61501,0
1,3,61501,0
2,2,61678,62031
1,1,61678,0
1,3,61678,0
2,4,62031,62207
1,3,62031,0
1,1,62031,0
1,1,62207,0
2,3,62207,62560
1,2,62207,0
1,4,62560,0
1,2,62560,0
1,3,62737,0
1,1,62737,0
1,2,62913,0
1,1,62913,0
1,4,63089,0
1,3,63089,0
1,3,63266,0
1,2,63266,0
1,1,63442,0
1,2,63442,0
1,3,63442,0
1,4,63619,0
1,3,63619,0
1,2,63707,0
1,1,63707,0
1,3,63795,0
1,4,63795,0
1,1,63795,0
1,1,63972,0
1,2,63972,0
1,3,64060,0
1,4,64060,0
1,2,64148,0
1,1,64148,0
1,4,64148,0
1,4,64325,0
1,3,64325,0
1,1,64325,0
1,3,64501,0
2,2,64501,64678
2,1,64678,64942
1,2,64854,0
1,4,64854,0
1,3,64854,0
2,1,65031,65384
1,2,65031,0
1,4,65031,0
1,3,65119,0
1,2,65207,0
1,4,65207,0
1,3,65295,0
2,4,65384,65560
1,2,65384,0
1,1,65560,0
1,2,65560,0
1,3,65560,0
1,2,65737,0
1,4,65737,0
1,1,65825,0
1,3,65825,0
1,4,65913,0
2,2,65913,66266
1,3,66089,0
2,4,66266,66442
1,1,66266,0
1,3,66266,0
1,2,66442,0
2,3,66442,66795
1,1,66707,0
1,1,66795,0
2,2,66795,67148
1,4,66795,0
1,4,67148,0
2,3,67148,67501
1,1,67325,0
1,2,67325,0
1,4,67325,0
1,2,67501,0
1,1,67501,0
1,3,67589,0
1,4,67589,0
1,2,67678,0
1,1,67678,0
1,2,67854,0
1,3,67854,0
1,4,68031,0
1,3,68031,0
1,2,68207,0
1,3,68207,0
1,1,68384,0
1,2,68384,0
1,2,68560,0
2,3,68560,68737
1,4,68913,0
1,2,68913,0
2,4,69089,69619
2,2,69089,69619
1,1,69442,0
1,3,69442,0
1,1,69619,0
1,3,69707,0
1,4,69707,0
1,1,69795,0
1,2,69795,0
1,4,69884,0
1,3,69884,0
1,1,69972,0
1,2,69972,0
1,4,70060,0
1,3,70060,0
2,3,70148,70854
1,1,70148,0
1,2,70148,0
2,4,70501,70589
2,2,70501,70589
1,4,70854,0
1,1,70854,0
1,2,70854,0
1,1,71031,0
1,3,71031,0
1,4,71119,0
1,2,71119,0
1,1,71207,0
1,3,71207,0
1,4,71295,0
1,2,71295,0
1,1,71384,0
1,3,71384,0
1,2,71472,0
1,4,71472,0
1,1,71560,0
1,4,71560,0
2,3,71560,71825
1,1,71913,0
2,3,71913,72266
1,4,71913,0
1,4,72266,0
1,2,72266,0
1,1,72442,0
1,3,72442,0
1,2,72619,0
1,4,72619,0
1,1,72795,0
2,4,72795,73148
1,3,73148,0
1,2,73148,0
1,1,73325,0
1,2,73325,0
1,4,73501,0
1,3,73501,0
1,4,73854,0
1,2,73854,0
1,3,74031,0
1,1,74031,0
1,2,74207,0
1,4,74207,0
2,4,74384,74648
1,1,74384,0
1,1,74737,0
1,3,74737,0
2,4,74737,74825
2,4,74913,75266
1,3,75089,0
1,1,75089,0
1,2,75178,0
1,3,75266,0
1,1,75266,0
1,2,75442,0
1,3,75442,0
1,4,75619,0
1,3,75619,0
1,1,75795,0
2,4,75795,76148
1,2,75795,0
1,2,76148,0
2,3,76148,76325
1,1,76325,0
2,2,76325,76678
1,4,76501,0
1,1,76501,0
1,3,76589,0
2,1,76678,76854
1,4,76678,0
1,3,76854,0
1,4,76854,0
1,2,76854,0
1,2,77031,0
1,1,77031,0
2,2,77207,77560
1,4,77207,0
1,1,77207,0
2,1,77560,77737
1,4,77560,0
1,3,77560,0
1,3,77737,0
2,4,77737,78089
1,2,77737,0
1,3,78089,0
1,1,78089,0
1,4,78178,0
1,2,78178,0
1,3,78266,0
1,1,78266,0
1,3,78442,0
1,1,78442,0
1,3,78619,0
1,4,78619,0
1,2,78795,0
1,3,78795,0
1,1,78972,0
1,3,78972,0
1,4,79148,0
1,2,79148,0
1,3,79501,0
1,1,79501,0
1,4,79501,0
1,3,79678,0
1,1,79678,0
1,4,79678,0
1,3,79854,0
1,1,79854,0
1,4,79854,0
1,2,80031,0
1,4,80031,0
1,1,80207,0
1,3,80207,0
1,3,80560,0
1,1,80560,0
1,4,80913,0
1,1,80913,0
1,3,81001,0
1,2,81001,0
1,4,81089,0
1,1,81089,0
1,4,81266,0
1,1,81266,0
1,2,81266,0
2,3,81442,81619
1,1,81619,0
1,2,81619,0
1,3,81707,0
1,4,81707,0
1,2,81795,0
1,1,81795,0
1,4,81795,0
1,4,81972,0
1,3,81972,0
1,1,81972,0
1,2,82325,0
1,1,82325,0
1,4,82325,0
1,1,82501,0
1,2,82501,0
1,3,82589,0
1,4,82589,0
1,1,82678,0
1,2,82678,0
1,3,82766,0
1,4,82766,0
1,1,82854,0
1,2,82854,0
2,3,82854,83119
1,1,83207,0
1,4,83207,0
1,3,83207,0
1,1,83384,0
1,4,83384,0
1,3,83384,0
1,2,83560,0
1,4,83560,0
1,1,83737,0
1,3,83737,0
1,1,83913,0
1,3,83913,0
1,3,84089,0
1,2,84089,0
1,4,84266,0
1,3,84266,0
1,2,84442,0
1,3,84442,0
1,1,84619,0
1,2,84619,0
1,3,84795,0
1,2,84795,0
1,2,85148,0
1,4,85148,0
1,1,85325,0
1,3,85325,0
1,2,85501,0
1,4,85501,0
2,4,85678,85942
2,3,85678,85942
2,3,86031,86119
2,4,86031,86119
2,3,86207,86560
2,4,86207,86560
1,1,86560,0
1,2,86560,0
1,2,86737,0
1,3,86737,0
1,3,86913,0
1,4,86913,0
2,3,87089,87442
1,1,87089,0
1,2,87089,0
1,1,87442,0
2,2,87442,87619
1,4,87442,0
2,1,87619,87795
1,3,87619,0
1,4,87795,0
1,2,87795,0
1,1,87972,0
1,2,87972,0
1,3,87972,0
1,1,88148,0
1,2,88148,0
1,3,88148,0
1,1,88325,0
1,2,88325,0
1,3,88501,0
2,4,88501,88854
1,1,88854,0
1,3,88854,0
1,4,89031,0
1,2,89031,0
1,4,89384,0
1,1,89384,0
1,2,89384,0
1,3,89472,0
1,4,89560,0
1,2,89560,0
1,1,89560,0
1,2,89737,0
1,4,89737,0
1,1,89737,0
1,2,89913,0
1,4,89913,0
1,3,90089,0
1,1,90089,0
1,2,90266,0
1,1,90266,0
1,4,90442,0
1,3,90442,0
1,4,90795,0
1,2,90795,0
1,1,90972,0
1,3,90972,0
1,1,91148,0
1,3,91148,0
1,1,91325,0
1,2,91325,0
1,4,91325,0
1,1,91501,0
1,4,91501,0
1,3,91589,0
1,2,91589,0
1,1,91678,0
1,4,91678,0
1,1,91854,0
1,4,91854,0
1,3,91854,0
1,1,92031,0
1,2,92031,0
1,3,92031,0
1,4,92207,0
1,2,92207,0
1,3,92295,0
1,1,92295,0
1,4,92384,0
1,2,92384,0
1,2,92560,0
1,4,92560,0
1,3,92737,0
1,4,92737,0
1,1,92737,0
1,1,92913,0
1,2,92913,0
1,3,93001,0
1,4,93001,0
1,2,93089,0
1,1,93089,0
1,4,93089,0
1,3,93442,0
1,4,93442,0
1,2,93442,0
1,3,93531,0
1,4,93531,0
1,2,93531,0
1,1,93795,0
1,2,93795,0
1,4,93884,0
1,3,93884,0
1,2,93972,0
1,1,93972,0
1,4,94060,0
1,3,94060,0
1,2,94148,0
1,1,94148,0
1,4,94148,0
1,1,94501,0
1,4,94501,0
1,1,94678,0
1,4,94678,0
1,1,94942,0
1,2,94942,0
1,1,95031,0
1,2,95031,0
1,2,95207,0
1,3,95207,0
1,3,95384,0
1,4,95384,0
1,1,95560,0
2,3,95560,95913
2,2,95913,96266
1,1,95913,0
1,4,95913,0
2,1,96266,96619
1,3,96266,0
1,4,96266,0
1,2,96354,0
1,3,96442,0
1,4,96442,0
1,3,96619,0
2,2,96619,96972
1,4,96884,0
2,1,96972,98207
1,4,96972,0
1,3,96972,0
1,2,97325,0
1,4,97325,0
1,3,97678,0
1,4,97854,0
1,2,97854,0
1,3,98031,0
1,4,98031,0
1,2,98119,0
1,4,98207,0
1,3,98207,0
1,1,98295,0
1,2,98295,0
1,3,98384,0
1,4,98384,0
1,1,98384,0
1,2,98648,0
1,1,98648,0
1,4,98648,0
1,1,98913,0
1,3,98913,0
1,2,98913,0
1,1,99089,0
1,2,99089,0
1,3,99354,0
1,4,99354,0
1,1,99354,0
1,1,99619,0
1,3,99619,0
1,1,99707,0
1,3,99707,0
1,1,99795,0
1,2,99795,0
1,4,99795,0
1,3,99972,0
2,1,99972,100148
1,4,100148,0
2,3,100148,100325
1,2,100148,0
2,1,100325,100501
1,2,100325,0
2,2,100501,100678
1,4,100501,0
1,3,100589,0
1,1,100678,0
2,4,100678,100854
1,2,100854,0
2,3,100854,101031
1,1,100854,0
1,1,101031,0
2,2,101031,101384
1,4,101031,0
1,3,101207,0
2,3,101384,101560
1,4,101384,0
2,2,101560,101737
1,4,101560,0
1,1,101560,0
2,1,101737,101913
1,3,101737,0
1,3,101913,0
2,4,101913,102089
1,2,101913,0
1,2,102089,0
2,3,102089,102266
1,1,102089,0
1,1,102266,0
2,2,102266,102442
1,4,102266,0
2,1,102442,102619
1,3,102442,0
1,2,102619,0
1,4,102619,0
2,2,102795,102972
1,3,102795,0
1,3,102972,0
2,4,102972,103148
1,1,102972,0
1,1,103148,0
2,2,103148,103325
2,3,103325,103501
1,4,103325,0
1,1,103413,0
2,4,103501,103678
1,2,103501,0
1,2,103678,0
2,3,103678,103854
1,1,103678,0
2,2,103854,104207
1,4,103854,0
1,3,104031,0
1,1,104207,0
2,4,104207,104384
1,2,104384,0
2,3,104384,104560
1,1,104384,0
2,2,104560,104737
1,4,104560,0
1,3,104737,0
2,4,104737,104913
1,1,104737,0
1,2,104913,0
2,3,104913,105089
1,1,104913,0
1,1,105089,0
2,2,105089,105266
1,4,105089,0
1,3,105178,0
1,4,105178,0
2,1,105266,105442
1,3,105266,0
1,4,105266,0
1,3,105354,0
1,4,105354,0
1,3,105442,0
1,4,105442,0
2,1,105619,105795
1,2,105619,0
1,4,105619,0
1,4,105795,0
2,3,105795,105972
1,2,105795,0
2,1,105972,106148
1,2,105972,0
1,4,106148,0
2,2,106148,106325
1,3,106237,0
2,4,106325,106501
1,1,106325,0
1,2,106501,0
1,1,106501,0
2,3,106501,106678
1,2,106678,0
2,1,106678,107031
1,3,106854,0
1,2,107031,0
2,4,107031,107207
1,2,107207,0
1,1,107207,0
2,3,107207,107384
2,2,107384,107560
1,4,107384,0
2,4,107560,107737
1,1,107560,0
1,2,107737,0
2,3,107737,107913
2,2,107913,108089
1,4,107913,0
1,1,107913,0
2,1,108089,108266
1,3,108089,0
1,2,108266,0
1,4,108266,0
1,4,108442,0
2,2,108442,108619
1,1,108442,0
1,4,108619,0
2,3,108619,108795
1,1,108619,0
1,1,108795,0
2,2,108795,108972
2,3,108972,109148
1,4,108972,0
1,1,109060,0
2,4,109148,109325
1,2,109148,0
1,1,109325,0
1,2,109325,0
2,3,109325,109501
1,1,109501,0
2,2,109501,109678
1,4,109501,0
1,3,109678,0
1,1,109678,0
1,4,109678,0
1,2,109854,0
1,1,109854,0
1,4,109942,0
1,3,109942,0
1,2,110031,0
1,1,110031,0
1,4,110119,0
1,3,110119,0
1,1,110207,0
1,2,110207,0
1,4,110207,0
1,2,110384,0
1,3,110384,0
1,4,110384,0
1,2,110648,0
1,4,110648,0
1,3,110648,0
1,4,110913,0
1,2,110913,0
1,3,111001,0
1,1,111001,0
1,2,111089,0
1,4,111089,0
1,1,111266,0
1,2,111266,0
1,3,111266,0
1,2,111442,0
1,4,111442,0
1,2,111619,0
1,4,111619,0
1,3,111795,0
1,4,111795,0
1,3,111972,0
1,2,111972,0
1,1,112148,0
1,2,112148,0
1,2,112325,0
1,4,112325,0
1,2,112413,0
1,4,112413,0
2,3,112501,112854
1,2,112854,0
2,4,112854,113031
1,3,113031,0
1,1,113031,0
2,2,113031,113384
1,4,113384,0
1,3,113384,0
1,1,113560,0
1,2,113560,0
1,3,113737,0
1,4,113737,0
1,1,114089,0
1,3,114089,0
1,1,114266,0
1,3,114266,0
1,2,114442,0
1,4,114442,0
1,4,114619,0
1,3,114619,0
1,3,114795,0
1,2,114795,0
1,1,114972,0
1,2,114972,0
1,2,115148,0
1,4,115148,0
1,2,115237,0
1,4,115237,0
2,3,115325,115678
2,4,115678,115854
1,1,115678,0
1,2,115854,0
2,1,115854,116207
1,3,116207,0
1,4,116207,0
1,2,116207,0
1,2,116384,0
1,1,116384,0
1,3,116472,0
1,4,116472,0
1,1,116560,0
1,2,116560,0
1,3,116648,0
1,4,116648,0
1,1,116737,0
1,2,116737,0
1,4,116737,0
1,2,116913,0
1,3,117089,0
1,1,117089,0
1,3,117266,0
1,1,117266,0
2,3,117442,117795
2,1,117442,117795
1,1,118325,0
1,2,118325,0
1,3,118501,0
1,4,118501,0
1,1,118678,0
1,2,118854,0
1,3,118854,0
1,4,118854,0
1,4,119207,0
1,2,119207,0
2,3,119560,119913
1,1,119560,0
1,1,119737,0
1,1,119913,0
1,2,119913,0
1,4,119913,0
1,4,120089,0
2,4,120266,121325
1,2,120266,0
1,2,120442,0
1,1,120619,0
1,3,120619,0
1,1,120795,0
1,3,120795,0
1,2,120795,0
1,2,121148,0
1,3,121325,0
1,1,121325,0
1,1,121501,0
1,4,121501,0
1,3,121589,0
1,2,121589,0
1,1,121766,0
1,4,121766,0
1,3,121854,0
1,2,121854,0
1,1,121942,0
1,4,121942,0
1,2,122031,0
1,3,122031,0
1,1,122207,0
1,2,122207,0
1,4,122207,0
1,2,122560,0
1,1,122560,0
1,4,122737,0
1,3,122737,0
1,2,122913,0
1,1,122913,0
1,4,123089,0
1,2,123089,0
1,3,123266,0
1,1,123266,0
1,1,123442,0
1,2,123442,0
1,2,123619,0
1,3,123619,0
2,3,123795,124148
1,4,123795,0
1,1,123795,0
2,4,124148,124325
1,1,124148,0
1,2,124325,0
2,3,124325,124678
1,2,124678,0
1,4,124678,0
1,1,124854,0
1,3,124854,0
1,2,125031,0
1,4,125031,0
1,1,125384,0
1,3,125384,0
1,2,125560,0
1,4,125560,0
1,2,125737,0
1,4,125737,0
1,4,125913,0
1,2,125913,0
1,3,126001,0
1,1,126001,0
1,4,126089,0
1,2,126089,0
1,2,126266,0
1,1,126266,0
1,4,126442,0
1,3,126442,0
2,3,126619,126972
1,4,126619,0
1,1,126619,0
1,2,126972,0
2,4,126972,127148
1,1,127148,0
2,3,127148,127501
1,4,127501,0
1,2,127501,0
1,3,127678,0
1,1,127678,0
1,1,127854,0
1,2,127854,0
1,1,128207,0
1,3,128207,0
1,2,128384,0
1,4,128384,0
1,2,128560,0
1,4,128560,0
2,4,128737,129266
2,2,128737,129266
1,3,129619,0
1,1,129619,0
1,2,129795,0
1,4,129795,0
1,1,129972,0
1,3,129972,0
2,3,130148,130501
1,1,130148,0
1,1,130501,0
1,2,130501,0
2,4,130501,130854
2,2,130854,131207
1,3,130854,0
1,1,131207,0
1,3,131207,0
1,4,131207,0
1,3,131384,0
1,2,131384,0
2,3,131560,132619
1,1,131560,0
1,2,131560,0
1,4,131560,0
1,1,131737,0
1,4,131737,0
1,2,131825,0
1,1,131913,0
1,4,131913,0
1,1,132089,0
1,2,132089,0
1,4,132089,0
1,2,132442,0
1,4,132619,0
1,1,132619,0
1,2,132619,0
1,1,132795,0
1,3,132795,0
1,4,132884,0
1,2,132884,0
1,1,132972,0
1,3,132972,0
1,2,133060,0
1,4,133060,0
1,1,133148,0
1,2,133148,0
1,3,133237,0
1,4,133237,0
1,2,133325,0
1,1,133325,0
1,3,133413,0
1,4,133413,0
1,1,133501,0
1,2,133501,0
1,3,133589,0
1,4,133589,0
1,1,133678,0
1,4,133678,0
2,2,133678,134031
1,1,133854,0
1,4,133854,0
2,4,134031,134207
1,3,134031,0
1,1,134207,0
1,2,134207,0
2,3,134207,134560
1,1,134472,0
1,2,134472,0
1,2,134560,0
1,1,134560,0
1,4,134560,0
1,2,134737,0
1,1,134737,0
1,3,134737,0
1,1,134913,0
1,4,134913,0
1,3,134913,0
2,2,135089,135442
1,1,135089,0
1,4,135089,0
2,4,135442,135619
1,3,135442,0
1,1,135619,0
2,3,135619,135972
1,2,135884,0
1,1,135884,0
1,4,135972,0
1,2,135972,0
1,1,135972,0
1,1,136148,0
1,3,136148,0
1,4,136325,0
1,2,136325,0
1,3,136501,0
1,1,136501,0
2,2,136501,136678
1,4,136678,0
1,3,136678,0
2,4,136854,137031
1,3,136854,0
1,1,136854,0
2,1,137031,137384
1,3,137031,0
1,2,137031,0
1,4,137207,0
1,2,137207,0
1,3,137295,0
1,4,137384,0
1,2,137384,0
1,3,137560,0
1,2,137560,0
1,1,137737,0
1,2,137737,0
1,4,137913,0
1,2,137913,0
1,3,138089,0
1,1,138089,0
1,1,138266,0
1,2,138266,0
1,4,138266,0
1,4,138442,0
1,2,138442,0
1,1,138531,0
1,3,138531,0
1,2,138619,0
1,4,138619,0
1,3,138795,0
2,1,138795,139060
1,2,138972,0
1,3,138972,0
1,4,138972,0
1,3,139148,0
2,1,139148,139325
1,4,139325,0
1,3,139325,0
1,1,139501,0
1,2,139501,0
1,3,139678,0
1,2,139678,0
1,3,139854,0
2,4,139854,140119
1,2,140207,0
1,3,140207,0
1,3,140384,0
1,4,140384,0
1,3,140560,0
1,4,140560,0
2,1,140737,140913
1,2,140737,0
1,4,140737,0
1,3,140913,0
2,2,140913,141266
1,1,141266,0
2,3,141266,141442
1,2,141619,0
1,4,141619,0
1,1,141795,0
1,3,141795,0
1,3,141972,0
1,1,141972,0
2,1,142148,142501
2,3,142148,142501
1,4,142148,0
2,2,142501,142678
1,4,142501,0
2,1,142678,143737
1,3,142678,0
1,2,142854,0
1,4,142854,0
1,2,143031,0
1,4,143031,0
1,3,143119,0
1,2,143207,0
1,4,143207,0
1,2,143384,0
1,4,143384,0
1,3,143384,0
1,2,143737,0
1,4,143737,0
1,3,143737,0
1,2,144089,0
1,4,144089,0
1,3,144089,0
1,1,144266,0
1,2,144266,0
1,3,144266,0
1,3,144442,0
1,4,144442,0
1,2,144531,0
1,1,144531,0
1,3,144619,0
1,4,144619,0
1,2,144707,0
1,1,144707,0
1,3,144795,0
1,4,144795,0
1,1,144884,0
1,2,144884,0
1,4,144972,0
1,1,144972,0
2,3,144972,145325
2,4,145325,145501
1,1,145325,0
1,2,145325,0
1,3,145501,0
2,2,145501,145854
1,1,145501,0
1,4,145854,0
1,3,145854,0
1,1,146031,0
1,2,146031,0
1,4,146207,0
1,3,146207,0
1,1,146384,0
1,4,146384,0
2,2,146384,146737
1,4,146737,0
2,3,146737,146913
1,2,146913,0
2,1,146913,147266
1,3,147178,0
1,4,147178,0
1,3,147266,0
1,4,147266,0
1,2,147442,0
1,1,147442,0
1,3,147619,0
1,4,147619,0
2,3,147795,148148
1,1,147795,0
1,4,147795,0
2,4,148148,148325
1,2,148148,0
1,1,148325,0
1,3,148325,0
2,2,148325,148678
1,4,148678,0
1,3,148678,0
1,3,148854,0
1,2,148854,0
1,2,149031,0
1,1,149031,0
1,2,149207,0
2,4,149207,149384
2,3,149384,149560
1,1,149384,0
1,1,149560,0
1,4,149560,0
1,2,149560,0
1,3,149737,0
1,1,149737,0
1,4,149737,0
1,2,149825,0
1,1,149913,0
1,3,149913,0
1,4,149913,0
1,1,150089,0
1,4,150089,0
1,2,150089,0
1,3,150178,0
1,1,150266,0
1,4,150266,0
1,2,150266,0
1,1,150442,0
1,2,150442,0
1,3,150442,0
2,4,150619,150795
1,2,150619,0
2,3,150795,150972
1,1,150972,0
1,2,150972,0
1,4,150972,0
1,1,151148,0
1,2,151148,0
2,3,151148,151501
1,1,151501,0
2,4,151501,151678
1,1,151678,0
1,2,151678,0
1,3,151678,0
1,3,151854,0
1,1,151854,0
1,3,151942,0
1,1,151942,0
1,1,152031,0
1,2,152031,0
1,3,152384,0
1,1,152384,0
1,4,152384,0
1,3,152560,0
1,2,152560,0
1,1,152913,0
1,2,152913,0
1,4,153266,0
1,3,153266,0
1,1,153442,0
1,2,153442,0
1,4,153442,0
1,3,153619,0
1,1,153619,0
1,4,153619,0
1,2,153707,0
1,4,153795,0
1,1,153795,0
1,3,153795,0
1,2,153972,0
1,4,153972,0
1,3,153972,0
1,3,154148,0
1,4,154148,0
1,2,154325,0
1,3,154325,0
1,2,154501,0
1,1,154501,0
1,2,154678,0
1,3,154678,0
1,2,155031,0
1,4,155031,0
2,2,155207,155737
2,4,155207,155737
1,1,155560,0
1,3,155560,0
1,1,155737,0
1,4,155825,0
1,3,155825,0
1,1,155913,0
1,2,155913,0
1,4,156001,0
1,3,156001,0
1,1,156089,0
1,2,156089,0
1,4,156178,0
1,3,156178,0
2,4,156266,157148
1,1,156266,0
1,2,156266,0
2,3,156619,156707
2,1,156619,156707
1,1,156972,0
1,3,156972,0
1,2,156972,0
1,1,157148,0
1,2,157148,0
1,3,157237,0
1,4,157237,0
1,1,157325,0
1,2,157325,0
1,3,157413,0
1,4,157413,0
1,1,157501,0
1,2,157501,0
1,3,157589,0
1,4,157589,0
1,2,157678,0
1,1,157678,0
1,4,157678,0
1,2,158031,0
1,4,158031,0
1,2,158207,0
1,4,158207,0
1,4,158384,0
1,3,158384,0
1,2,158560,0
1,1,158560,0
1,4,158737,0
1,3,158737,0
2,3,158913,159089
1,2,159266,0
1,4,159266,0
1,1,159442,0
1,3,159442,0
1,2,159619,0
1,4,159619,0
1,4,159972,0
1,3,159972,0
1,1,160148,0
1,2,160148,0
1,4,160325,0
1,3,160325,0
1,3,160501,0
1,1,160501,0
1,3,160854,0
1,1,160854,0
1,3,161031,0
1,1,161031,0
1,2,161384,0
1,1,161384,0
1,3,161560,0
1,2,161560,0
1,4,161737,0
1,3,161737,0
1,3,161913,0
1,1,161913,0
1,2,161913,0
1,2,162266,0
1,3,162266,0
1,1,162442,0
1,2,162442,0
1,1,162619,0
1,4,162619,0
1,2,162707,0
1,3,162707,0
1,1,162795,0
1,4,162795,0
1,1,162972,0
1,2,162972,0
1,4,162972,0
1,3,163148,0
1,1,163148,0
1,4,163325,0
1,2,163325,0
1,3,163678,0
1,1,163678,0
1,2,163678,0
1,4,163854,0
1,3,164207,0
1,4,164207,0
1,1,164295,0
1,2,164295,0
1,3,164384,0
1,4,164384,0
1,3,164560,0
1,2,164560,0
1,4,164737,0
1,2,164737,0
1,3,164913,0
1,1,164913,0
1,1,165089,0
1,2,165089,0
1,4,165266,0
1,3,165266,0
1,4,165619,0
1,2,165619,0
1,3,165795,0
1,1,165795,0
1,1,165972,0
1,3,165972,0
1,2,166148,0
1,3,166148,0
1,1,166325,0
1,2,166325,0
1,1,166678,0
1,2,166678,0
1,2,167031,0
1,4,167031,0
1,1,167119,0
1,3,167119,0
1,2,167207,0
1,4,167207,0
1,3,167384,0
2,3,167560,167913
1,1,167737,0
1,2,167737,0
1,4,167825,0
1,1,167913,0
1,2,167913,0
1,3,168001,0
1,4,168001,0
1,1,168089,0
2,2,168089,168442
1,3,168089,0
2,1,168442,168619
1,4,168442,0
1,3,168442,0
1,3,168619,0
1,4,168619,0
1,2,168707,0
1,1,168707,0
1,3,168795,0
1,4,168795,0
1,2,168884,0
1,1,168884,0
2,4,168972,169501
1,1,168972,0
1,3,168972,0
1,2,169148,0
1,3,169325,0
1,1,169325,0
1,3,169501,0
1,1,169501,0
1,2,169678,0
1,4,169678,0
1,1,169854,0
1,3,169854,0
1,2,170031,0
1,4,170031,0
1,4,170207,0
1,3,170207,0
1,2,170384,0
1,4,170384,0
1,3,170560,0
1,2,170560,0
1,1,170737,0
1,3,170737,0
1,4,170913,0
1,3,170913,0
2,2,170913,171266
1,3,171266,0
1,4,171266,0
1,1,171442,0
1,2,171442,0
1,3,171619,0
1,4,171619,0
2,4,171795,172060
1,1,171795,0
1,3,171795,0
1,3,172148,0
2,4,172148,172237
1,1,172148,0
1,2,172148,0
1,3,172325,0
1,2,172325,0
2,4,172325,172678
1,2,172678,0
1,1,172678,0
1,3,172854,0
1,2,172854,0
1,4,173031,0
1,3,173031,0
1,2,173207,0
1,4,173207,0
1,3,173207,0
1,4,173560,0
1,1,173560,0
1,3,173560,0
1,1,173737,0
1,2,173737,0
1,3,173737,0
1,1,173913,0
1,2,173913,0
1,3,174001,0
1,4,174001,0
1,1,174089,0
1,2,174089,0
1,1,174266,0
1,2,174266,0
1,4,174266,0
1,1,174442,0
1,2,174442,0
1,4,174619,0
1,3,174619,0
1,1,174972,0
1,3,174972,0
1,2,175148,0
1,4,175148,0
1,4,175501,0
1,1,175501,0
1,3,175589,0
1,2,175589,0
1,4,175678,0
1,1,175678,0
1,2,175854,0
1,4,175854,0
1,1,175854,0
1,4,176031,0
1,3,176031,0
1,2,176207,0
1,3,176207,0
1,1,176384,0
1,2,176384,0
1,3,176560,0
1,1,176560,0
1,4,176560,0
2,3,176913,177089
1,3,177266,0
1,1,177266,0
1,2,177442,0
1,1,177442,0
1,4,177442,0
1,1,177619,0
1,2,177619,0
1,3,177707,0
1,4,177707,0
1,1,177795,0
1,2,177795,0
1,4,177795,0
1,1,177972,0
1,2,177972,0
1,3,177972,0
1,2,178148,0
1,3,178148,0
1,4,178148,0
1,3,178325,0
1,4,178325,0
1,2,178413,0
1,1,178413,0
1,3,178501,0
1,4,178501,0
1,1,178501,0
1,2,178678,0
1,1,178678,0
1,4,178678,0
1,1,178854,0
1,2,178854,0
1,3,178854,0
1,1,179031,0
1,3,179031,0
1,4,179119,0
1,2,179119,0
1,1,179207,0
1,3,179207,0
1,3,179384,0
1,2,179384,0
1,4,179384,0
1,1,179560,0
1,3,179560,0
1,2,179560,0
1,2,179648,0
1,3,179648,0
1,1,179648,0
1,1,179913,0
1,4,179913,0
1,2,180001,0
1,3,180001,0
1,1,180089,0
1,4,180089,0
1,3,180178,0
1,2,180178,0
1,1,180266,0
1,4,180266,0
1,2,180266,0
1,2,180619,0
1,4,180619,0
1,2,180795,0
1,4,180795,0
1,2,181148,0
1,1,181148,0
1,3,181325,0
1,2,181325,0
1,4,181501,0
1,3,181501,0
2,4,181678,182031
1,1,181678,0
1,3,181678,0
2,3,182031,182384
1,2,182031,0
2,1,182384,182737
1,2,182384,0
1,4,182384,0
1,3,182472,0
1,2,182560,0
1,4,182560,0
1,3,182737,0
2,2,182737,183089
1,4,183001,0
2,1,183089,184148
1,3,183089,0
1,4,183089,0
1,2,183442,0
1,4,183442,0
1,3,183619,0
1,2,183795,0
1,4,183795,0
1,4,183972,0
1,2,183972,0
1,3,183972,0
1,3,184148,0
1,4,184148,0
1,1,184237,0
1,2,184237,0
1,3,184325,0
1,4,184325,0
1,2,184413,0
1,1,184413,0
1,4,184501,0
1,3,184501,0
1,2,184501,0
1,3,184766,0
1,4,184766,0
1,1,184766,0
1,2,185031,0
1,1,185031,0
1,4,185031,0
1,3,185207,0
1,1,185207,0
1,2,185207,0
1,4,185472,0
1,3,185472,0
1,2,185472,0
1,1,185737,0
1,2,185737,0
1,4,185737,0
1,2,185825,0
1,1,185825,0
1,4,185913,0
2,1,185913,186089
1,3,185913,0
2,2,186089,186266
1,3,186089,0
2,3,186266,186442
1,1,186266,0
1,4,186266,0
2,4,186442,186619
1,2,186442,0
1,2,186619,0
2,1,186619,186795
1,3,186619,0
1,3,186707,0
2,4,186795,186972
1,2,186795,0
1,1,186972,0
1,2,186972,0
1,3,186972,0
1,2,187148,0
1,4,187148,0
1,3,187237,0
1,1,187237,0
1,2,187325,0
1,4,187325,0
2,2,187501,187678
1,1,187501,0
1,3,187501,0
1,1,187678,0
2,3,187678,187854
1,4,187678,0
2,2,187854,188031
1,1,187854,0
1,4,188031,0
1,3,188031,0
1,1,188031,0
1,2,188119,0
1,3,188207,0
1,4,188207,0
1,1,188207,0
1,2,188384,0
1,4,188384,0
1,3,188384,0
1,1,188560,0
1,2,188560,0
1,4,188560,0
1,3,188648,0
1,4,188737,0
1,1,188737,0
1,2,188737,0
1,2,188913,0
1,1,188913,0
1,3,188913,0
1,1,189089,0
1,4,189089,0
1,3,189089,0
1,1,189266,0
1,2,189266,0
1,3,189354,0
1,4,189354,0
1,4,189442,0
1,1,189442,0
1,2,189442,0
1,4,189619,0
1,3,189619,0
1,1,189619,0
1,2,189707,0
1,1,189707,0
1,4,189795,0
1,3,189795,0
1,1,189884,0
1,2,189884,0
1,3,189972,0
1,4,189972,0
1,1,190060,0
1,2,190060,0
1,3,190148,0
1,4,190148,0
1,2,190192,0
1,1,190237,0
1,4,190281,0
1,3,190325,0
1,2,190369,0
1,1,190413,0
1,4,190457,0
1,3,190501,0
1,2,190545,0
1,1,190589,0
1,4,190634,0
1,3,190678,0
1,2,190722,0
1,1,190766,0
1,4,190810,0
1,3,190854,0
1,2,190854,0
1,1,190898,0
1,4,190942,0
1,3,190987,0
1,1,191031,0
1,2,191031,0
1,4,191075,0
1,3,191119,0
1,2,191119,0
1,1,191163,0
1,4,191207,0
1,3,191207,0
1,1,191251,0
1,2,191295,0
1,3,191295,0
1,4,191339,0
1,1,191384,0
1,2,191384,0
1,4,191428,0
1,3,191472,0
1,1,191516,0
1,2,191560,0
1,3,191604,0
1,4,191648,0
1,1,191692,0
1,2,191737,0
1,3,191781,0
1,4,191825,0
1,1,191869,0
1,2,191913,0
1,3,191957,0
1,4,191957,0
1,1,192001,0
1,2,192045,0
1,3,192045,0
1,4,192089,0
1,1,192134,0
1,2,192134,0
1,3,192178,0
1,4,192222,0
1,1,192266,0
1,2,192310,0
1,3,192354,0
1,4,192398,0
1,1,192442,0
1,2,192487,0
1,3,192531,0
1,4,192575,0
1,2,192619,0
1,1,192619,0
1,4,192663,0
1,3,192707,0
1,2,192707,0
1,1,192751,0
1,4,192795,0
1,3,192795,0
1,1,192839,0
1,2,192884,0
1,3,192884,0
1,4,192928,0
1,1,192972,0
1,2,193016,0
1,3,193060,0
1,4,193104,0
1,1,193104,0
1,2,193148,0
1,3,193192,0
1,4,193237,0
1,1,193237,0
1,2,193281,0
1,4,193325,0
1,3,193369,0
1,2,193369,0
1,1,193413,0
1,4,193457,0
1,3,193457,0
1,1,193501,0
1,2,193545,0
1,3,193545,0
1,4,193589,0
1,1,193634,0
1,2,193634,0
2,4,193678,194207
1,3,193678,0
1,2,193766,0
1,1,193854,0
1,3,193854,0
1,1,194031,0
1,3,194031,0
1,2,194031,0
1,3,194207,0
1,3,194295,0
1,2,194384,0
1,4,194384,0
1,1,194384,0
1,1,194560,0
1,2,194560,0
1,3,194648,0
1,4,194648,0
1,1,194737,0
1,2,194737,0
1,4,194737,0
2,2,194913,195354
1,1,195089,0
1,4,195089,0
1,3,195178,0
1,1,195266,0
1,4,195266,0
1,3,195354,0
1,1,195442,0
1,4,195442,0
1,2,195442,0
1,1,195619,0
1,3,195619,0
1,2,195707,0
1,4,195795,0
1,2,195795,0
1,3,195795,0
1,1,195884,0
1,4,195972,0
1,1,195972,0
1,2,195972,0
1,3,196060,0
1,4,196148,0
1,1,196148,0
1,3,196148,0
1,2,196237,0
1,4,196325,0
1,2,196325,0
1,3,196325,0
1,4,196413,0
1,3,196413,0
1,3,196501,0
2,4,196501,197207
1,1,196501,0
1,1,196678,0
1,3,196678,0
1,2,196678,0
1,3,196854,0
1,1,196854,0
1,2,196854,0
1,1,197031,0
1,3,197031,0
1,2,197031,0
1,1,197207,0
1,3,197207,0
2,2,197207,198619
1,1,197560,0
2,3,197560,197737
1,4,197737,0
2,3,198089,198442
1,4,198442,0
1,3,198619,0
1,1,198619,0
2,4,198619,200031
1,2,198972,0
1,3,199148,0
1,1,199148,0
1,2,199501,0
1,1,199501,0
1,2,199854,0
1,1,200031,0
2,3,200031,201442
2,2,200031,200384
1,1,200384,0
1,2,200560,0
2,4,200560,200737
2,4,200913,201089
1,2,201266,0
1,1,201442,0
1,4,201442,0
2,2,201442,202854
2,4,201795,201972
2,3,201972,202148
1,1,202325,0
1,4,202325,0
1,3,202413,0
1,1,202501,0
1,4,202501,0
1,4,202854,0
1,3,202854,0
2,1,202854,204266
1,2,203207,0
1,3,203384,0
1,4,203384,0
2,2,203737,203913
1,4,204089,0
1,3,204089,0
1,3,204178,0
1,4,204178,0
2,4,204266,205678
1,3,204266,0
1,2,204266,0
2,3,204619,204795
2,2,204795,204972
1,1,205148,0
1,3,205148,0
1,3,205325,0
1,2,205325,0
1,1,205501,0
1,3,205501,0
1,2,205501,0
2,2,205678,206031
1,1,205678,0
2,3,205678,206560
1,2,206207,0
1,4,206207,0
1,2,206560,0
2,4,206560,207001
1,1,206913,0
1,3,206913,0
1,1,207001,0
1,3,207001,0
1,2,207089,0
1,3,207089,0
2,4,207089,207531
1,1,207266,0
1,3,207266,0
1,1,207442,0
1,2,207442,0
1,1,207619,0
1,2,207619,0
1,3,207619,0
2,4,207619,207972
1,1,207795,0
1,3,207795,0
2,1,207972,208325
1,2,207972,0
1,3,207972,0
1,3,208148,0
1,4,208148,0
1,2,208237,0
1,3,208325,0
1,4,208325,0
1,1,208413,0
1,2,208413,0
1,3,208501,0
1,4,208501,0
1,1,208501,0
1,1,208854,0
1,3,208854,0
1,4,209031,0
1,2,209031,0
1,1,209384,0
1,2,209384,0
1,4,209737,0
1,1,209913,0
1,3,209913,0
1,2,209913,0
1,3,210266,0
1,4,210266,0
1,1,210442,0
1,2,210442,0
1,3,210795,0
1,2,210795,0
1,2,211148,0
1,1,211148,0
1,3,211325,0
1,4,211325,0
1,1,211678,0
1,3,211678,0
1,4,211854,0
1,2,211854,0
1,3,212207,0
1,2,212207,0
1,3,212560,0
1,2,212560,0
1,2,212737,0
1,1,212737,0
1,4,213089,0
1,2,213089,0
1,3,213089,0
1,1,213266,0
1,3,213266,0
1,1,213442,0
1,2,213442,0
1,3,213531,0
1,4,213531,0
2,1,213619,213972
2,2,213619,213972
1,3,213795,0
1,4,213795,0
1,1,214148,0
1,3,214148,0
1,4,214148,0
1,1,214501,0
1,3,214501,0
1,4,214678,0
1,2,214678,0
1,2,215031,0
1,1,215031,0
1,3,215031,0
1,1,215207,0
1,2,215207,0
1,3,215207,0
1,4,215384,0
1,2,215384,0
1,1,215560,0
1,3,215560,0
1,4,215913,0
1,3,215913,0
1,2,216089,0
1,1,216089,0
1,1,216442,0
1,2,216442,0
1,4,216442,0
1,1,216619,0
1,2,216619,0
1,4,216619,0
1,1,216795,0
1,2,216795,0
1,4,216795,0
1,2,216972,0
1,1,216972,0
1,4,216972,0
1,1,217325,0
1,3,217325,0
1,2,217501,0
1,4,217501,0
1,1,217854,0
1,4,217854,0
1,3,217854,0
1,1,218031,0
1,4,218031,0
1,3,218031,0
1,1,218207,0
1,4,218207,0
1,3,218207,0
1,2,218384,0
1,3,218384,0
1,4,218384,0
1,4,218737,0
1,2,218737,0
1,3,218913,0
1,1,218913,0
1,4,218913,0
1,3,219266,0
1,4,219266,0
1,2,219354,0
1,1,219354,0
1,3,219442,0
1,4,219442,0
1,2,219531,0
1,1,219531,0
1,3,219619,0
1,4,219619,0
1,1,219707,0
1,2,219707,0
1,1,219795,0
1,3,219795,0
2,4,219795,220148
1,2,220148,0
2,3,220148,220501
1,1,220148,0
2,2,220501,220854
1,1,220501,0
1,4,220501,0
1,3,220678,0
2,1,220854,221207
1,3,220854,0
1,4,220854,0
1,2,221031,0
2,2,221207,221560
1,3,221207,0
1,4,221207,0
1,1,221384,0
2,1,221560,221913
1,3,221560,0
1,4,221560,0
1,3,221737,0
1,3,221913,0
2,2,221913,222266
1,4,221913,0
1,1,222089,0
1,4,222266,0
2,3,222266,222619
1,1,222266,0
1,2,222442,0
1,1,222619,0
1,2,222619,0
2,4,222619,223854
1,1,222972,0
1,3,222972,0
1,2,223148,0
1,1,223325,0
1,3,223325,0
1,2,223413,0
1,1,223501,0
1,3,223501,0
1,2,223589,0
1,1,223678,0
1,3,223678,0
1,2,223766,0
1,1,223854,0
1,2,223898,0
1,3,223942,0
1,4,223987,0
1,1,224031,0
1,2,224031,0
1,2,224737,0
1,1,224737,0
1,3,224737,0
1,2,224913,0
1,1,224913,0
1,3,225001,0
1,4,225001,0
1,2,225089,0
1,1,225089,0
1,3,225178,0
1,4,225178,0
1,2,225266,0
1,1,225266,0
1,3,225354,0
1,4,225354,0
1,1,225442,0
1,2,225442,0
1,4,225442,0
1,2,225795,0
1,4,225795,0
1,3,225795,0
1,2,225972,0
1,4,225972,0
1,3,225972,0
1,4,226148,0
1,2,226148,0
1,1,226325,0
1,3,226325,0
1,2,226501,0
1,4,226501,0
2,4,226678,227031
1,1,226678,0
1,2,227031,0
1,3,227031,0
1,1,227207,0
1,2,227207,0
1,2,227384,0
1,3,227384,0
1,2,227737,0
1,4,227737,0
1,1,227913,0
1,3,227913,0
1,2,228089,0
1,4,228089,0
1,3,228266,0
1,4,228266,0
1,2,228619,0
1,4,228619,0
1,2,228795,0
1,4,228795,0
1,1,229148,0
1,2,229148,0
1,2,229325,0
1,3,229325,0
1,4,229501,0
1,3,229501,0
1,3,229678,0
1,1,229678,0
2,4,229678,230031
1,2,230031,0
2,3,230031,230207
1,1,230207,0
2,2,230207,230560
1,3,230384,0
1,4,230384,0
2,1,230560,230913
1,3,230560,0
1,4,230737,0
1,3,230913,0
1,2,230913,0
1,2,231089,0
1,1,231089,0
1,4,231089,0
1,4,231442,0
1,3,231442,0
1,1,231619,0
1,2,231619,0
1,1,231972,0
1,3,231972,0
1,2,232060,0
1,4,232060,0
1,1,232148,0
1,3,232148,0
1,3,232325,0
1,1,232325,0
1,4,232501,0
1,3,232501,0
1,3,232678,0
1,2,232678,0
1,1,232854,0
1,2,232854,0
1,2,233031,0
1,4,233031,0
1,1,233384,0
1,3,233384,0
1,1,233737,0
1,3,233737,0
1,3,233913,0
1,4,233913,0
1,3,234089,0
1,2,234089,0
1,1,234442,0
1,3,234442,0
1,4,234795,0
1,3,234795,0
1,1,234795,0
1,2,234884,0
1,3,234972,0
1,1,234972,0
1,4,234972,0
1,2,235148,0
1,4,235148,0
1,2,235325,0
1,1,235325,0
1,4,235325,0
1,1,235501,0
1,2,235501,0
1,3,235589,0
1,4,235589,0
1,1,235678,0
1,2,235678,0
1,3,235766,0
1,4,235766,0
1,2,235854,0
1,1,235854,0
1,3,235854,0
1,1,236207,0
1,3,236207,0
1,4,236207,0
1,4,236384,0
1,3,236384,0
1,1,236472,0
1,2,236472,0
1,3,236560,0
1,4,236560,0
1,2,236648,0
1,1,236648,0
1,3,236737,0
1,4,236737,0
1,2,236737,0
1,3,237089,0
1,1,237089,0
1,3,237266,0
1,1,237266,0
1,4,237442,0
1,2,237442,0
1,3,237619,0
1,1,237619,0
1,2,237795,0
1,1,237795,0
1,4,237972,0
1,3,237972,0
1,3,238148,0
1,2,238148,0
1,4,238148,0
1,4,238325,0
1,2,238325,0
1,1,238501,0
1,3,238501,0
1,4,238678,0
1,2,238678,0
1,3,239031,0
1,2,239031,0
1,4,239031,0
1,1,239207,0
1,2,239207,0
1,3,239384,0
1,1,239384,0
1,2,239560,0
2,4,239560,239825
1,3,239913,0
2,4,239913,240001
1,1,239913,0
1,2,239913,0
2,4,240089,240442
1,2,240089,0
1,2,240442,0
1,1,240442,0
1,3,240619,0
1,2,240619,0
1,4,240795,0
1,3,240795,0
1,3,240972,0
1,1,240972,0
1,2,240972,0
1,2,241325,0
1,4,241325,0
1,1,241501,0
1,3,241501,0
1,1,241678,0
1,2,241678,0
1,3,241766,0
1,4,241766,0
1,1,241854,0
1,2,241854,0
1,1,242031,0
1,3,242031,0
1,4,242031,0
1,2,242207,0
1,1,242207,0
1,4,242384,0
1,3,242384,0
1,3,242737,0
1,1,242737,0
1,2,242737,0
1,4,242913,0
1,3,243266,0
1,1,243266,0
1,4,243266,0
1,2,243354,0
1,3,243442,0
1,1,243442,0
1,4,243442,0
1,3,243619,0
1,2,243619,0
1,4,243795,0
1,2,243795,0
1,3,243972,0
1,1,243972,0
1,1,244148,0
1,2,244148,0
1,4,244325,0
1,3,244325,0
1,3,244678,0
1,1,244678,0
1,3,244854,0
1,1,244854,0
1,3,245031,0
1,1,245031,0
1,4,245207,0
1,2,245207,0
1,3,245207,0
1,1,245384,0
1,3,245384,0
1,2,245472,0
1,4,245472,0
1,1,245560,0
1,3,245560,0
1,1,245737,0
1,2,245737,0
1,4,245737,0
1,2,245913,0
1,3,245913,0
1,4,245913,0
1,2,246089,0
1,4,246089,0
1,1,246178,0
1,3,246178,0
1,2,246266,0
1,4,246266,0
1,2,246442,0
1,4,246442,0
1,1,246442,0
1,3,246619,0
1,4,246619,0
1,1,246795,0
1,2,246795,0
1,3,246884,0
1,4,246884,0
1,1,246972,0
1,2,246972,0
1,2,247148,0
1,3,247148,0
1,4,247148,0
1,1,247325,0
1,4,247325,0
1,3,247413,0
1,2,247413,0
1,4,247501,0
1,1,247501,0
1,2,247589,0
1,3,247589,0
1,1,247678,0
1,4,247678,0
1,2,247766,0
1,3,247766,0
1,3,247854,0
1,4,247854,0
2,1,247854,248207
1,3,248031,0
1,4,248031,0
1,2,248031,0
2,4,248207,248384
2,3,248384,249089
1,2,248384,0
1,1,248560,0
1,4,248560,0
1,2,248737,0
1,4,248913,0
1,1,248913,0
1,4,249089,0
1,1,249089,0
1,2,249089,0
1,4,249266,0
1,2,249266,0
1,4,249619,0
1,2,249619,0
1,1,249795,0
1,3,249795,0
1,2,249972,0
1,4,249972,0
1,2,250325,0
1,3,250325,0
1,1,250325,0
1,4,250501,0
1,1,250678,0
1,2,250678,0
1,4,250854,0
1,3,250854,0
1,3,251207,0
1,4,251207,0
1,2,251384,0
1,3,251384,0
1,4,251384,0
1,1,251737,0
1,3,251737,0
1,2,251913,0
1,4,251913,0
1,3,252089,0
1,4,252266,0
1,2,252266,0
1,1,252266,0
1,3,252619,0
1,1,252619,0
1,4,252619,0
2,2,252795,253148
1,3,252972,0
1,3,253148,0
1,4,253148,0
2,1,253148,253325
1,3,253325,0
1,4,253325,0
1,4,253501,0
2,2,253501,253678
1,1,253501,0
1,3,253678,0
2,4,253678,254031
1,1,254031,0
1,4,254207,0
1,2,254207,0
1,3,254207,0
1,4,254560,0
1,2,254560,0
1,1,254560,0
1,3,254648,0
1,4,254737,0
1,2,254737,0
1,1,254737,0
1,4,254913,0
1,2,254913,0
1,4,255089,0
1,3,255089,0
1,3,255266,0
1,2,255266,0
1,1,255442,0
1,2,255442,0
1,2,255619,0
1,3,255619,0
1,3,255972,0
1,3,256325,0
1,4,256325,0
1,2,256501,0
1,3,256501,0
1,1,256678,0
1,3,256678,0
1,2,256766,0
1,4,256766,0
1,1,256854,0
1,3,256854,0
1,2,257031,0
1,1,257031,0
1,4,257031,0
1,3,257207,0
1,4,257207,0
1,2,257207,0
1,3,257384,0
1,4,257384,0
1,2,257472,0
1,1,257472,0
1,4,257560,0
1,3,257560,0
1,3,257737,0
1,1,257737,0
1,2,257737,0
1,2,257913,0
1,3,257913,0
1,4,257913,0
1,1,258089,0
1,2,258089,0
1,3,258178,0
1,4,258178,0
1,2,258266,0
1,1,258266,0
1,3,258354,0
1,4,258354,0
1,2,258442,0
1,1,258442,0
1,3,258531,0
1,4,258531,0
1,2,258619,0
1,1,258619,0
1,1,258707,0
1,3,258707,0
1,2,258795,0
1,4,258795,0
1,3,258884,0
1,1,258884,0
1,2,258972,0
1,4,258972,0
1,3,259060,0
1,1,259060,0
1,2,259148,0
1,4,259148,0
1,3,259237,0
1,1,259237,0
1,1,259325,0
1,4,259325,0
1,2,259325,0
1,3,259678,0
1,4,259678,0
1,2,259678,0
1,3,259854,0
1,4,259854,0
1,1,260031,0
1,2,260031,0
1,3,260119,0
1,4,260119,0
1,1,260207,0
1,2,260207,0
1,3,260384,0
1,4,260384,0
1,1,260384,0
1,4,260560,0
1,2,260560,0
1,1,260737,0
2,3,260737,261089
1,4,260737,0
1,1,261089,0
2,2,261089,261442
1,4,261089,0
2,1,261442,261795
1,4,261442,0
1,3,261531,0
1,2,261619,0
1,4,261619,0
1,3,261795,0
2,2,261795,262148
1,4,262060,0
1,3,262060,0
2,1,262148,263384
1,3,262148,0
1,4,262148,0
1,2,262501,0
1,4,262501,0
1,2,262854,0
1,4,262854,0
1,2,263031,0
1,4,263031,0
1,3,263031,0
1,3,263207,0
1,4,263207,0
1,2,263295,0
1,3,263384,0
1,4,263384,0
1,1,263472,0
1,2,263472,0
1,3,263560,0
1,4,263560,0
1,1,263560,0
1,1,263825,0
1,2,263825,0
1,4,263825,0
1,1,264089,0
1,2,264089,0
1,3,264089,0
1,1,264266,0
1,2,264266,0
1,2,264531,0
1,3,264531,0
1,4,264531,0
1,1,264795,0
1,4,264795,0
1,3,264795,0
1,3,264884,0
1,4,264884,0
1,1,264972,0
1,2,264972,0
1,4,264972,0
2,1,265148,265325
1,3,265148,0
1,4,265325,0
2,3,265325,265501
1,2,265325,0
2,1,265501,265678
1,2,265501,0
1,3,265678,0
2,2,265678,265854
1,4,265678,0
1,3,265854,0
2,4,265854,266031
1,1,265854,0
1,2,266031,0
1,1,266031,0
2,3,266031,266207
1,2,266207,0
2,1,266207,266560
1,3,266384,0
1,2,266560,0
1,3,266560,0
2,4,266560,266737
1,1,266737,0
2,3,266737,266913
1,2,266737,0
1,1,266913,0
2,2,266913,267089
1,3,267089,0
2,4,267089,267266
1,1,267089,0
1,2,267266,0
2,3,267266,267442
1,1,267266,0
1,1,267442,0
2,2,267442,267619
1,4,267442,0
2,1,267619,267795
1,3,267619,0
1,2,267795,0
1,4,267795,0
1,1,267972,0
2,2,267972,268148
1,4,267972,0
1,3,268148,0
2,4,268148,268325
1,1,268148,0
2,2,268325,268501
1,3,268325,0
2,3,268501,268678
1,1,268501,0
1,4,268501,0
1,1,268678,0
2,4,268678,268854
1,2,268678,0
1,2,268854,0
2,3,268854,269031
1,1,268854,0
2,2,269031,269384
1,1,269031,0
1,3,269207,0
1,4,269384,0
2,3,269384,269560
1,1,269560,0
2,2,269560,269737
1,4,269560,0
2,1,269737,269913
1,3,269737,0
1,2,269913,0
2,4,269913,270089
1,3,269913,0
1,1,270089,0
1,2,270089,0
2,3,270089,270266
2,2,270266,270442
1,1,270266,0
1,4,270266,0
1,3,270354,0
1,4,270354,0
2,1,270442,270619
1,3,270442,0
1,4,270442,0
1,4,270531,0
1,3,270531,0
1,4,270619,0
1,3,270619,0
1,1,270795,0
1,3,270795,0
2,2,270795,270972
1,3,270972,0
1,1,270972,0
2,4,270972,271148
2,2,271148,271325
1,1,271148,0
1,3,271148,0
2,3,271325,271501
1,4,271325,0
1,1,271325,0
2,4,271501,271678
1,1,271501,0
1,2,271501,0
1,3,271678,0
2,2,271678,271854
1,1,271678,0
2,1,271854,272207
1,4,271854,0
1,3,272031,0
1,3,272207,0
1,2,272207,0
2,4,272207,272384
1,1,272384,0
2,3,272384,272560
1,2,272384,0
1,1,272560,0
2,2,272560,272737
1,4,272560,0
1,3,272737,0
2,4,272737,272913
1,1,272737,0
1,2,272913,0
2,3,272913,273089
1,1,272913,0
1,1,273089,0
2,2,273089,273266
1,4,273089,0
2,1,273266,273442
1,3,273266,0
1,2,273442,0
1,4,273442,0
2,1,273619,273795
1,2,273619,0
1,4,273619,0
1,2,273707,0
1,4,273707,0
1,2,273795,0
1,4,273795,0
2,3,273795,273972
2,1,273972,274148
1,2,273972,0
1,3,274148,0
2,2,274148,274325
1,4,274148,0
1,3,274325,0
2,4,274325,274501
1,1,274325,0
1,3,274413,0
1,1,274413,0
1,2,274501,0
1,1,274501,0
2,3,274501,274678
1,1,274678,0
2,2,274678,275031
1,4,274678,0
1,3,274854,0
1,1,274854,0
1,4,274854,0
2,3,275031,275207
1,1,275031,0
1,4,275031,0
1,1,275207,0
1,2,275207,0
2,4,275207,275560
2,1,275384,275560
2,3,275384,275560
2,2,275384,275560
