1,3,366,0
1,4,366,0
1,2,445,0
1,3,524,0
1,1,524,0
2,4,524,681
2,2,681,838
2,4,838,1152
1,1,995,0
1,3,995,0
1,1,1152,0
2,2,1152,1466
1,3,1152,0
2,4,1466,1623
1,1,1623,0
2,2,1623,1780
2,4,1780,2094
1,1,1937,0
2,3,1937,2094
2,1,2094,2408
1,3,2251,0
1,4,2251,0
1,2,2408,0
2,3,2408,2722
1,4,2408,0
2,1,2722,2880
2,3,2880,3037
2,1,3037,3351
1,4,3037,0
2,2,3194,3351
2,4,3351,3665
1,1,3508,0
1,3,3508,0
1,1,3665,0
2,2,3665,3979
1,3,3665,0
2,4,3979,4136
2,2,4136,4293
1,3,4136,0
2,4,4293,4607
1,2,4450,0
2,3,4450,4607
2,1,4607,4921
1,2,4764,0
1,3,4764,0
1,2,4921,0
1,3,4921,0
1,4,4921,0
1,1,5078,0
1,2,5078,0
1,4,5078,0
1,1,5236,0
1,3,5236,0
1,2,5393,0
1,3,5393,0
1,4,5393,0
1,1,5550,0
1,2,5550,0
2,3,5550,5864
2,4,5707,5864
2,1,5864,6178
1,2,6021,0
1,3,6021,0
1,2,6178,0
1,3,6178,0
2,4,6178,6492
2,1,6492,6649
1,3,6649,0
2,4,6649,6806
2,1,6806,7120
2,2,6963,7120
1,4,6963,0
2,3,7120,7434
1,1,7277,0
1,2,7277,0
1,1,7434,0
2,2,7434,7749
1,4,7434,0
1,1,7592,0
1,3,7592,0
1,4,7592,0
2,3,7749,7906
1,2,7906,0
1,3,8063,0
1,4,8063,0
1,1,8141,0
1,2,8141,0
1,3,8220,0
1,4,8220,0
1,1,8298,0
1,2,8298,0
1,3,8377,0
1,4,8377,0
1,1,8455,0
1,2,8455,0
1,3,8534,0
1,4,8534,0
1,1,8613,0
1,2,8613,0
1,3,8691,0
1,4,8691,0
1,1,8770,0
1,2,8770,0
1,3,8848,0
1,4,8848,0
1,1,8927,0
1,2,8927,0
1,3,9005,0
1,4,9005,0
1,2,9084,0
1,1,9162,0
1,4,9162,0
1,3,9241,0
1,1,9319,0
1,2,9319,0
1,3,9398,0
1,4,9398,0
1,1,9476,0
1,2,9476,0
1,3,9555,0
1,4,9555,0
1,1,9633,0
1,2,9633,0
1,3,9712,0
1,4,9712,0
1,1,9791,0
1,2,9791,0
1,3,9869,0
1,4,9869,0
1,1,9948,0
1,2,9948,0
1,3,10026,0
1,1,10105,0
1,4,10105,0
1,2,10183,0
1,3,10262,0
1,4,10262,0
1,2,10340,0
1,1,10419,0
1,4,10419,0
1,3,10497,0
2,1,10576,10890
2,2,10733,10890
2,4,10890,11204
2,3,11047,11204
2,2,11204,11518
2,1,11361,11518
2,3,11675,11989
2,4,11832,11989
2,1,11989,12304
2,2,12147,12304
1,3,12304,0
1,4,12304,0
1,1,12382,0
1,2,12382,0
1,3,12461,0
2,4,12461,12618
2,1,12618,12775
1,2,12618,0
1,3,12775,0
1,1,13089,0
1,2,13089,0
2,4,13089,13246
2,3,13246,13325
2,2,13325,13403
2,1,13403,13717
1,3,13403,0
1,4,13403,0
2,2,13560,13717
1,3,13717,0
1,2,13874,0
2,4,13874,14031
1,1,14031,0
2,2,14031,14188
1,3,14031,0
2,1,14188,14345
1,4,14188,0
1,3,14345,0
2,2,14503,14660
1,4,14503,0
1,1,14660,0
1,3,14660,0
2,4,14660,14817
2,3,14817,14974
2,1,14974,15288
2,2,15131,15288
1,4,15131,0
1,3,15288,0
2,4,15288,15602
2,3,15445,15602
2,1,15602,15759
1,2,15602,0
2,3,15759,15838
2,2,15838,15916
1,1,15916,0
1,3,15916,0
2,4,15916,16230
2,3,16073,16230
1,2,16230,0
2,1,16387,16544
1,4,16387,0
2,2,16544,16859
1,3,16544,0
1,4,16544,0
1,1,16702,0
2,3,16702,16859
1,1,16859,0
1,3,17016,0
2,4,17016,17173
2,1,17173,17487
1,2,17173,0
1,3,17173,0
2,2,17330,17487
2,4,17487,17958
1,2,17644,0
2,3,17644,17958
1,1,17801,0
2,2,17801,18115
2,1,18115,18272
1,3,18115,0
2,4,18272,18351
2,3,18351,18429
1,1,18429,0
2,2,18429,18743
1,4,18429,0
2,3,18586,18743
1,1,18743,0
2,1,18900,19058
1,4,18900,0
1,2,19058,0
2,3,19058,19215
1,4,19058,0
1,1,19215,0
2,2,19215,19372
1,4,19372,0
1,3,19529,0
2,4,19529,19686
1,1,19686,0
1,2,19686,0
2,3,19686,19843
2,1,19843,20000
2,4,20000,20314
1,1,20157,0
2,3,20157,20314
2,1,20314,20628
1,2,20314,0
2,2,20471,20628
1,3,20628,0
2,4,20628,20785
2,2,20785,20942
2,3,20942,21099
1,4,20942,0
2,1,21099,21256
1,2,21099,0
1,4,21099,0
1,2,21414,0
2,4,21414,21571
1,1,21571,0
2,2,21571,21728
1,3,21571,0
2,1,21728,21885
2,3,21885,22042
1,4,21885,0
1,1,22042,0
1,2,22042,0
2,4,22042,22984
1,2,22984,0
1,3,22984,0
1,1,23141,0
1,2,23141,0
1,4,23141,0
2,1,23298,23770
1,2,23298,0
1,4,23298,0
1,2,23770,0
1,3,23770,0
2,4,23770,26283
1,1,24084,0
1,2,24084,0
1,3,24084,0
1,1,24555,0
1,2,24555,0
1,1,24712,0
1,2,24712,0
1,3,24712,0
1,1,25026,0
1,2,25026,0
1,1,25340,0
1,2,25340,0
1,3,25340,0
1,1,25497,0
1,2,25497,0
1,1,25811,0
1,2,25811,0
1,1,25968,0
1,2,25968,0
1,3,25968,0
2,1,26283,28324
1,2,26283,0
1,2,26597,0
1,3,26597,0
1,4,26597,0
1,3,27068,0
1,4,27068,0
1,2,27225,0
1,3,27225,0
1,4,27225,0
1,3,27539,0
1,4,27539,0
1,2,27853,0
1,3,27853,0
1,4,27853,0
1,3,28010,0
1,4,28010,0
2,3,28324,28482
1,4,28324,0
2,1,28482,28639
1,2,28482,0
1,4,28482,0
2,2,28639,28796
2,3,28796,30838
1,4,28796,0
1,1,29110,0
1,2,29110,0
1,4,29110,0
1,1,29581,0
1,2,29581,0
1,1,29738,0
1,2,29738,0
1,4,29738,0
1,1,30052,0
1,2,30052,0
1,1,30366,0
1,2,30366,0
1,4,30366,0
1,1,30523,0
1,2,30523,0
1,1,30838,0
2,2,30838,30995
1,1,30995,0
1,3,30995,0
2,4,30995,31152
2,3,31152,31309
1,1,31309,0
2,2,31309,32565
1,1,31623,0
1,3,31623,0
1,4,31623,0
1,3,32094,0
1,4,32094,0
1,1,32251,0
1,3,32251,0
1,4,32251,0
1,3,32565,0
1,4,32565,0
1,3,32722,0
1,4,32722,0
1,1,32879,0
1,2,32879,0
1,3,32879,0
1,3,33115,0
1,4,33115,0
1,1,33194,0
1,2,33194,0
1,1,33429,0
1,2,33429,0
1,3,33508,0
1,4,33508,0
2,1,33822,33979
1,2,33822,0
1,3,33822,0
2,3,33979,34136
1,4,33979,0
1,1,34136,0
1,2,34136,0
1,4,34136,0
2,4,34293,34450
1,2,34450,0
1,1,34607,0
1,3,34607,0
2,2,34764,34921
1,1,34921,0
2,3,34921,35078
1,4,34921,0
1,2,35078,0
1,1,35235,0
1,3,35235,0
1,2,35393,0
1,3,35393,0
1,4,35393,0
2,1,35550,35707
1,2,35707,0
2,3,35864,36178
1,4,35864,0
1,1,36021,0
1,2,36021,0
1,4,36021,0
2,2,36178,36335
1,3,36335,0
2,4,36335,36492
2,1,36492,36649
1,2,36492,0
1,2,36649,0
1,3,36649,0
1,4,36649,0
2,3,36806,36963
1,2,36963,0
1,1,37120,0
1,4,37120,0
2,2,37277,37434
1,1,37434,0
1,3,37434,0
2,4,37434,37591
1,2,37591,0
1,1,37749,0
1,3,37749,0
2,2,37906,37984
1,3,37906,0
1,4,37906,0
2,1,37984,38063
2,2,38063,38141
2,1,38141,38220
1,2,38220,0
2,3,38220,38298
2,4,38298,38377
1,1,38377,0
2,3,38377,38455
2,4,38455,38534
1,1,38534,0
2,2,38534,38848
1,3,38534,0
2,1,38848,39005
1,4,38848,0
1,2,39005,0
2,3,39005,39162
1,1,39162,0
1,2,39162,0
1,4,39162,0
2,4,39319,39476
1,1,39476,0
1,2,39633,0
1,3,39633,0
2,3,39790,39948
1,1,39948,0
2,2,39948,40105
1,4,39948,0
1,1,40105,0
1,3,40262,0
1,4,40262,0
1,1,40419,0
1,2,40419,0
1,4,40419,0
2,2,40576,40733
1,1,40733,0
2,3,40890,41204
1,4,40890,0
1,1,41047,0
1,2,41047,0
1,4,41047,0
2,1,41204,41361
1,2,41361,0
1,4,41361,0
1,1,41518,0
1,2,41518,0
2,1,41675,41832
1,3,41675,0
1,4,41675,0
1,2,41832,0
1,2,41989,0
2,3,42146,42304
1,4,42146,0
1,1,42461,0
1,2,42461,0
2,4,42461,42775
2,1,42775,42932
1,3,42775,0
1,2,42932,0
1,3,42932,0
1,4,42932,0
1,1,43089,0
2,2,43089,43403
1,1,43246,0
1,3,43246,0
1,4,43246,0
1,3,43403,0
2,4,43403,43560
1,1,43560,0
1,2,43560,0
2,3,43560,43874
1,1,43717,0
1,4,43717,0
2,1,43874,44031
1,2,43874,0
1,4,43874,0
2,2,44031,44188
1,3,44110,0
1,1,44188,0
2,4,44188,44345
1,1,44345,0
1,2,44345,0
2,3,44345,44502
2,2,44660,44817
1,3,44660,0
2,1,44817,44974
1,3,44817,0
1,4,44817,0
2,4,44974,45131
1,1,45131,0
1,3,45131,0
1,1,45288,0
2,2,45288,45445
1,4,45288,0
2,3,45445,45602
1,2,45602,0
1,4,45602,0
1,1,45759,0
1,2,45759,0
1,4,45759,0
1,1,45916,0
1,2,45916,0
1,4,45916,0
1,1,46073,0
1,3,46073,0
1,4,46073,0
1,1,46230,0
1,3,46230,0
1,4,46230,0
2,1,46544,46701
1,3,46544,0
2,2,46701,46859
1,3,46701,0
1,4,46701,0
1,1,46859,0
2,4,46859,47016
1,1,47016,0
1,2,47016,0
2,3,47016,47173
2,1,47173,47330
1,4,47173,0
2,2,47330,47487
1,3,47330,0
1,4,47330,0
1,1,47487,0
2,4,47487,47644
1,1,47644,0
2,2,47644,47801
1,3,47644,0
2,3,47801,47958
1,4,47801,0
2,1,47958,48115
1,2,47958,0
1,4,47958,0
2,2,48115,48272
1,3,48115,0
1,1,48272,0
1,3,48272,0
2,4,48272,48429
1,1,48429,0
2,2,48429,48743
1,1,48586,0
1,3,48586,0
1,4,48586,0
1,3,48743,0
1,4,48743,0
1,1,48900,0
1,2,48900,0
2,4,48900,49057
2,3,49057,49215
1,2,49136,0
2,1,49215,49372
1,4,49215,0
2,2,49372,49529
1,3,49372,0
1,4,49372,0
1,2,49686,0
2,3,49686,49843
1,1,49843,0
1,2,49843,0
2,4,49843,50000
2,1,50000,50157
1,2,50157,0
1,3,50157,0
1,1,50314,0
2,2,50314,50471
1,4,50314,0
2,3,50471,50628
1,1,50628,0
1,2,50628,0
1,1,50785,0
1,3,50785,0
1,4,50785,0
1,1,50942,0
1,3,50942,0
1,4,50942,0
1,1,51099,0
1,2,51099,0
1,4,51099,0
1,1,51256,0
1,2,51256,0
1,4,51256,0
1,2,51571,0
2,4,51571,51728
1,1,51728,0
1,2,51728,0
2,3,51728,51885
2,1,51885,52042
1,4,51885,0
2,2,52042,52199
1,3,52042,0
1,4,52042,0
1,1,52199,0
2,4,52199,52356
1,1,52356,0
1,2,52356,0
2,3,52356,52513
2,1,52513,52670
1,4,52513,0
1,2,52670,0
2,3,52670,52827
1,4,52670,0
1,1,52827,0
2,2,52827,52984
1,1,52984,0
1,3,52984,0
2,4,52984,53141
1,2,53141,0
2,3,53141,53298
2,1,53298,53455
1,2,53298,0
1,4,53298,0
1,3,53455,0
1,4,53455,0
1,1,53612,0
1,2,53612,0
1,4,53612,0
1,2,53769,0
1,3,53769,0
2,1,53927,54084
1,3,53927,0
1,4,53927,0
2,2,54084,54241
1,3,54162,0
1,1,54241,0
2,4,54241,54398
1,1,54398,0
1,2,54398,0
2,3,54398,54555
2,2,54712,54869
1,3,54712,0
2,1,54869,55026
1,3,54869,0
1,4,54869,0
2,4,55026,55183
1,2,55183,0
1,3,55183,0
1,1,55340,0
2,2,55340,55497
1,4,55340,0
2,3,55497,55654
1,2,55654,0
1,4,55654,0
1,1,55811,0
1,3,55811,0
1,4,55811,0
1,1,55968,0
1,3,55968,0
1,4,55968,0
1,1,56126,0
1,2,56126,0
1,4,56126,0
1,1,56283,0
1,2,56283,0
1,4,56283,0
2,1,56597,56754
1,3,56597,0
1,2,56754,0
2,3,56754,56911
1,4,56754,0
1,1,56911,0
2,4,56911,57068
1,1,57068,0
2,2,57068,57225
1,3,57068,0
2,1,57225,57382
1,4,57225,0
1,2,57382,0
2,3,57382,57539
1,4,57382,0
1,1,57539,0
2,4,57539,57696
1,1,57696,0
1,2,57696,0
2,3,57696,57853
2,2,57853,58010
1,4,57853,0
2,1,58010,58167
1,3,58010,0
1,4,58010,0
1,2,58167,0
1,3,58246,0
1,1,58324,0
1,2,58324,0
1,4,58324,0
1,1,58482,0
2,2,58482,58953
1,1,58639,0
1,3,58639,0
1,4,58639,0
1,3,58796,0
1,4,58796,0
2,1,58953,59424
1,3,58953,0
1,4,58953,0
2,2,59267,59895
1,3,59424,0
1,4,59424,0
1,1,59581,0
2,3,59581,60209
1,4,59581,0
2,4,59895,60209
1,1,60209,0
1,2,60209,0
1,1,60366,0
1,2,60366,0
1,4,60366,0
1,3,60523,0
1,4,60523,0
1,1,60680,0
1,2,60680,0
1,1,60838,0
2,3,60838,61152
1,4,60838,0
2,2,61152,61466
1,4,61152,0
1,1,61309,0
1,3,61309,0
1,4,61309,0
2,1,61466,63115
2,3,61466,62408
2,4,61466,63194
2,2,62408,63115
2,3,62722,63194
1,1,63194,0
1,2,63194,0
1,3,63272,0
1,4,63272,0
2,1,63351,63508
1,2,63351,0
1,3,63508,0
2,4,63508,63665
1,2,63665,0
1,1,63822,0
1,4,63822,0
1,3,63900,0
2,1,63979,64293
1,2,63979,0
1,4,63979,0
1,3,64136,0
1,2,64293,0
1,3,64293,0
1,4,64293,0
2,4,64450,64529
1,1,64607,0
1,2,64607,0
2,4,64607,64921
1,1,64764,0
1,3,64764,0
1,1,64921,0
1,2,64921,0
1,3,64921,0
2,2,65078,65157
2,2,65235,65550
1,3,65235,0
1,4,65393,0
1,1,65550,0
1,3,65550,0
1,4,65550,0
2,1,65707,65785
2,1,65864,66178
1,3,65864,0
1,2,66021,0
1,4,66021,0
1,2,66178,0
1,3,66178,0
1,4,66178,0
2,3,66335,66413
1,2,66492,0
2,3,66492,66806
1,1,66649,0
1,1,66806,0
1,2,66806,0
1,4,66806,0
2,2,66963,67042
2,2,67120,67434
1,4,67120,0
1,1,67277,0
1,3,67277,0
1,1,67434,0
1,3,67434,0
1,4,67434,0
2,4,67591,67670
1,1,67749,0
2,4,67749,68063
1,3,67906,0
1,1,68063,0
1,2,68063,0
1,3,68063,0
2,2,68220,68298
2,2,68377,68691
1,3,68377,0
1,1,68534,0
1,4,68534,0
1,1,68691,0
1,3,68691,0
1,4,68691,0
2,3,68848,68927
1,1,69005,0
2,3,69005,69319
1,4,69005,0
1,2,69162,0
1,1,69319,0
1,2,69319,0
1,4,69319,0
2,1,69476,69555
2,1,69633,69948
1,4,69633,0
1,2,69790,0
1,3,69790,0
1,2,69948,0
1,3,69948,0
1,4,69948,0
2,4,70105,70183
1,2,70262,0
2,4,70262,70576
1,1,70419,0
1,1,70576,0
1,2,70576,0
1,3,70576,0
2,2,70733,70811
1,1,70890,0
2,2,70890,71204
1,3,71047,0
1,4,71047,0
1,1,71204,0
2,3,71204,71518
1,4,71204,0
1,2,71518,0
2,4,71518,71675
2,1,71675,71754
1,3,71675,0
2,2,71754,71832
1,1,71832,0
2,3,71832,71989
1,4,71832,0
2,1,71989,72146
1,3,72146,0
2,4,72146,72304
1,1,72304,0
2,2,72304,72461
1,1,72461,0
2,3,72461,72618
1,4,72461,0
2,1,72618,72775
1,2,72775,0
2,4,72775,72932
1,2,72932,0
2,3,72932,73089
2,1,73089,73246
1,2,73089,0
1,4,73089,0
2,2,73246,73560
1,1,73403,0
1,3,73403,0
1,3,73560,0
1,4,73560,0
1,1,73639,0
1,2,73639,0
1,3,73717,0
1,4,73717,0
1,1,73796,0
1,2,73796,0
1,3,73874,0
1,4,73874,0
1,2,73953,0
1,1,74031,0
1,3,74031,0
1,4,74031,0
2,2,74188,74345
1,1,74345,0
2,3,74345,74502
1,4,74345,0
2,1,74502,74660
1,2,74660,0
2,4,74660,74817
2,2,74817,74974
1,3,74817,0
1,1,74974,0
2,3,74974,75131
1,4,74974,0
2,1,75131,75288
1,2,75288,0
1,4,75288,0
2,4,75445,75602
1,1,75602,0
1,2,75602,0
2,3,75602,75759
2,2,75759,75916
1,1,75916,0
2,4,75916,76073
2,1,76073,76230
1,3,76073,0
1,2,76230,0
1,3,76230,0
1,4,76230,0
2,2,76387,76544
1,3,76544,0
1,4,76544,0
2,3,76701,76859
2,1,76859,77016
1,2,76859,0
1,4,76859,0
2,2,77016,77173
1,1,77173,0
2,4,77173,77330
1,2,77330,0
2,3,77330,77487
1,1,77487,0
2,2,77487,77644
1,4,77487,0
2,1,77644,77801
1,3,77801,0
1,4,77801,0
2,2,77958,78115
1,1,78115,0
2,3,78115,78272
1,4,78115,0
2,1,78272,78429
2,2,78429,78586
1,3,78429,0
1,1,78586,0
2,4,78586,78743
1,1,78743,0
1,2,78743,0
1,3,78743,0
2,2,78900,78979
2,3,78979,79057
1,1,79057,0
1,2,79057,0
2,4,79057,79372
1,1,79372,0
1,2,79372,0
1,3,79372,0
1,2,79529,0
1,4,79529,0
1,1,79686,0
1,3,79686,0
1,4,79686,0
1,2,79843,0
1,3,79843,0
1,1,80000,0
1,2,80000,0
1,4,80000,0
1,1,80157,0
1,3,80157,0
2,2,80314,80628
1,3,80314,0
1,4,80314,0
1,1,80628,0
1,3,80628,0
1,4,80628,0
1,2,80785,0
1,3,80785,0
1,1,80942,0
1,2,80942,0
1,4,80942,0
1,1,81099,0
1,3,81099,0
1,2,81256,0
1,3,81256,0
1,4,81256,0
1,1,81413,0
1,4,81413,0
1,1,81571,0
1,2,81571,0
2,4,81571,81885
2,1,81885,82199
1,2,81885,0
1,3,81885,0
1,2,82042,0
1,4,82042,0
2,2,82199,82513
1,3,82199,0
1,4,82199,0
1,1,82356,0
1,3,82356,0
1,1,82513,0
2,3,82513,82827
1,4,82513,0
1,2,82670,0
1,4,82670,0
1,1,82827,0
1,4,82827,0
1,2,82984,0
1,3,82984,0
1,1,83141,0
1,2,83141,0
2,4,83141,83455
1,1,83455,0
1,2,83455,0
1,3,83534,0
1,4,83534,0
1,1,83612,0
1,2,83612,0
1,3,83691,0
1,4,83691,0
1,1,83769,0
1,2,83769,0
1,3,83848,0
1,4,83848,0
1,1,83927,0
1,2,83927,0
1,3,84005,0
1,1,84084,0
1,2,84084,0
1,4,84084,0
2,3,84241,84398
1,1,84398,0
2,2,84398,84555
1,4,84398,0
2,4,84555,84712
2,1,84712,84869
1,3,84712,0
1,2,84869,0
2,3,84869,85026
1,1,85026,0
2,2,85026,85183
1,4,85026,0
2,4,85183,85340
1,2,85340,0
1,3,85340,0
2,1,85497,85654
2,2,85654,85811
1,3,85654,0
1,4,85654,0
2,3,85811,85968
2,1,85968,86126
1,4,85968,0
1,2,86126,0
2,4,86126,86283
1,1,86283,0
1,2,86283,0
1,3,86283,0
2,3,86440,86597
1,1,86597,0
1,2,86597,0
2,2,86754,86911
1,1,86911,0
1,3,86911,0
2,4,86911,87068
2,3,87068,87225
2,1,87225,87382
1,4,87225,0
2,2,87382,87539
1,3,87382,0
1,1,87539,0
2,3,87539,87696
1,4,87539,0
2,4,87696,87853
1,1,87853,0
1,2,87853,0
2,3,88010,88167
2,1,88167,88324
1,2,88167,0
1,4,88167,0
2,4,88324,88482
2,2,88482,88639
1,3,88482,0
2,1,88639,88796
1,4,88639,0
1,2,88796,0
1,3,88796,0
1,4,88796,0
2,3,88953,89031
2,2,89031,89110
2,1,89110,89424
1,3,89110,0
1,4,89110,0
1,2,89424,0
1,3,89424,0
1,4,89424,0
2,4,89581,89660
1,2,89738,0
2,4,89738,90052
1,1,89895,0
1,3,89895,0
1,1,90052,0
1,2,90052,0
1,3,90052,0
2,2,90209,90288
2,2,90366,90680
1,3,90366,0
1,4,90366,0
1,1,90680,0
1,3,90680,0
1,4,90680,0
2,3,90838,90916
2,3,90995,91309
1,4,90995,0
1,1,91152,0
1,2,91152,0
2,1,91309,91623
1,2,91309,0
1,4,91309,0
1,2,91623,0
1,3,91623,0
1,4,91623,0
1,3,91937,0
1,4,91937,0
1,1,92016,0
1,2,92016,0
1,3,92094,0
1,4,92094,0
1,2,92173,0
1,1,92251,0
1,3,92251,0
1,4,92251,0
1,2,92408,0
1,3,92408,0
1,1,92565,0
1,2,92565,0
1,3,92644,0
1,4,92644,0
1,1,92722,0
1,2,92722,0
1,3,92801,0
1,1,92879,0
1,2,92879,0
1,4,92879,0
1,3,93194,0
1,4,93194,0
1,1,93272,0
1,2,93272,0
1,3,93351,0
1,4,93351,0
1,1,93429,0
1,2,93429,0
1,3,93508,0
1,4,93508,0
1,2,93586,0
1,1,93665,0
1,4,93665,0
1,3,93743,0
1,1,93822,0
1,2,93822,0
2,4,93822,94136
2,1,94136,94450
1,2,94136,0
1,3,94136,0
1,4,94293,0
1,2,94450,0
1,3,94450,0
1,4,94450,0
2,2,94607,94686
2,2,94764,95078
1,3,94764,0
1,1,94921,0
1,4,94921,0
1,1,95078,0
1,3,95078,0
1,4,95078,0
2,3,95235,95314
1,2,95393,0
2,3,95393,95707
1,1,95550,0
1,1,95707,0
1,2,95707,0
1,4,95707,0
2,4,95864,95942
1,2,96021,0
2,4,96021,96335
1,1,96178,0
1,3,96178,0
1,1,96335,0
1,2,96335,0
1,3,96335,0
2,2,96492,96571
2,2,96649,96963
1,3,96649,0
1,1,96806,0
1,1,96963,0
1,3,96963,0
1,4,96963,0
2,3,97120,97199
1,1,97277,0
2,3,97277,97591
1,2,97434,0
1,4,97434,0
1,1,97591,0
1,2,97591,0
1,4,97591,0
2,1,97749,97827
2,1,97906,98220
1,4,97906,0
1,2,98063,0
1,2,98220,0
1,3,98220,0
1,4,98220,0
2,4,98377,98455
1,3,98534,0
2,4,98534,98848
1,1,98691,0
1,2,98691,0
2,1,98848,99162
1,2,98848,0
1,3,98848,0
1,3,99162,0
1,4,99162,0
1,3,99319,0
1,4,99319,0
1,1,99476,0
1,2,99476,0
2,4,99476,99790
1,1,99790,0
1,2,99790,0
1,1,99948,0
1,2,99948,0
1,1,100105,0
2,3,100105,100419
1,4,100105,0
1,2,100419,0
1,4,100419,0
1,2,100576,0
1,4,100576,0
1,1,100733,0
2,2,100733,101047
1,3,100733,0
1,1,101047,0
1,3,101047,0
1,1,101204,0
1,3,101204,0
2,1,101361,101675
1,3,101361,0
1,4,101361,0
1,2,101675,0
1,3,101675,0
2,4,101675,101832
1,1,101832,0
2,2,101832,102146
1,1,101989,0
2,3,101989,102146
1,4,101989,0
2,4,102146,102461
1,1,102304,0
1,2,102304,0
1,3,102304,0
2,1,102461,102618
1,2,102461,0
1,3,102461,0
2,2,102618,102775
1,4,102618,0
1,1,102775,0
2,3,102775,103089
1,4,102775,0
2,1,103089,103167
1,4,103089,0
2,2,103167,103246
1,1,103246,0
1,3,103246,0
1,4,103246,0
1,2,103403,0
2,4,103403,104031
1,1,103560,0
1,2,103560,0
1,3,103560,0
1,1,103717,0
1,2,103717,0
1,3,103717,0
1,1,103874,0
1,2,103874,0
1,3,103874,0
1,1,104031,0
1,2,104031,0
1,3,104031,0
2,1,104188,104502
1,3,104188,0
1,2,104502,0
2,2,104817,105131
1,4,104817,0
1,3,105131,0
1,1,105445,0
2,3,105445,105759
1,4,105759,0
1,2,106073,0
2,4,106073,107173
1,1,107173,0
1,2,107173,0
1,3,107251,0
1,4,107251,0
2,1,107330,107487
1,2,107330,0
2,3,107487,107644
1,4,107487,0
1,2,107644,0
1,1,107958,0
1,3,107958,0
1,4,107958,0
2,2,108115,108194
2,3,108194,108272
1,1,108272,0
1,2,108272,0
2,4,108272,108586
2,2,108429,108586
1,1,108586,0
2,1,108743,108900
1,3,108743,0
1,2,108900,0
2,3,108900,109057
1,4,108900,0
1,1,109057,0
2,4,109057,109215
1,2,109215,0
2,3,109372,109529
1,4,109372,0
1,1,109529,0
2,2,109529,109686
1,4,109529,0
2,1,109686,109843
2,4,109843,110157
1,1,110000,0
2,3,110000,110157
2,1,110157,110471
1,2,110157,0
2,2,110314,110471
1,3,110471,0
2,4,110471,110628
2,2,110628,110707
2,3,110707,110785
2,1,110785,111099
1,2,110785,0
1,4,110785,0
2,4,110942,111099
1,2,111099,0
2,2,111256,111413
1,3,111256,0
1,1,111413,0
2,3,111413,111728
1,4,111413,0
2,1,111571,111728
1,2,111571,0
1,4,111728,0
2,1,111885,112042
1,2,111885,0
1,2,112042,0
1,3,112042,0
2,4,112042,112356
2,3,112199,112356
2,1,112356,112827
2,2,112513,112827
1,3,112513,0
2,3,112670,112984
1,4,112670,0
1,1,112984,0
1,2,112984,0
2,4,112984,113141
2,3,113141,113220
2,2,113220,113298
2,1,113298,113612
1,3,113298,0
1,4,113298,0
2,2,113455,113612
1,3,113612,0
1,1,113769,0
2,4,113769,113927
1,1,113927,0
2,2,113927,114084
1,3,113927,0
2,3,114084,114241
1,4,114084,0
1,1,114241,0
2,1,114398,114555
1,3,114398,0
2,2,114555,114712
1,3,114555,0
1,4,114555,0
2,4,114712,114869
2,1,114869,115183
2,2,115026,115183
1,4,115026,0
1,3,115183,0
2,4,115183,115497
2,3,115340,115497
2,1,115497,115654
1,2,115497,0
1,3,115654,0
1,4,115654,0
1,2,115733,0
1,1,115811,0
2,4,115811,115968
1,1,115968,0
2,2,115968,116126
1,3,115968,0
1,4,116126,0
2,1,116283,116440
1,3,116283,0
1,2,116440,0
2,3,116440,116754
1,4,116440,0
1,1,116754,0
1,2,116754,0
1,2,116911,0
1,3,116911,0
2,4,116911,117225
1,1,117225,0
1,2,117225,0
1,3,117304,0
1,1,117382,0
1,2,117382,0
1,4,117382,0
1,3,117539,0
1,4,117539,0
1,2,117696,0
1,3,117696,0
1,1,117853,0
1,2,117853,0
1,1,118010,0
1,3,118010,0
1,4,118010,0
2,1,118324,118403
2,3,118482,118639
2,4,118639,118796
2,2,118796,118953
2,1,118953,119110
2,4,118953,119031
2,3,119110,119267
2,3,119424,119581
2,2,119581,119660
1,3,119738,0
1,4,119738,0
1,1,119895,0
1,2,119895,0
1,1,120052,0
1,2,120052,0
2,3,120209,120288
1,2,120523,0
2,4,120838,120916
1,1,120995,0
2,2,120995,121152
2,3,121152,121309
1,4,121152,0
2,1,121309,121466
2,2,121466,121623
2,3,121466,121544
2,4,121623,121780
2,4,121937,122094
1,1,122094,0
1,2,122094,0
1,3,122173,0
1,1,122251,0
1,4,122251,0
1,2,122330,0
1,3,122408,0
1,4,122408,0
1,3,122644,0
1,4,122644,0
2,1,122722,122801
1,3,122879,0
1,4,122879,0
2,2,123351,123429
2,3,123508,123665
1,1,123665,0
2,4,123665,123822
2,2,123822,123979
2,3,123979,124136
2,4,123979,124057
2,1,124136,124293
2,1,124450,124607
2,2,124607,124686
1,3,124607,0
1,2,124764,0
1,3,124764,0
1,1,124921,0
1,4,124921,0
1,1,125078,0
1,4,125078,0
2,3,125235,125314
1,1,125550,0
1,4,125550,0
2,2,125707,125864
2,1,125864,125942
2,3,125864,126021
2,4,126021,126178
1,1,126178,0
1,2,126178,0
2,3,126335,126492
2,1,126492,126649
2,4,126492,126571
2,2,126649,126806
1,1,126806,0
2,3,126806,127120
1,1,127120,0
1,2,127120,0
1,4,127199,0
1,3,127277,0
1,2,127356,0
1,3,127434,0
1,4,127434,0
1,1,127513,0
1,2,127591,0
1,3,127670,0
1,1,127749,0
2,4,127749,128063
1,1,128063,0
2,2,128063,128220
1,3,128063,0
2,3,128220,128377
1,1,128377,0
1,2,128377,0
1,4,128377,0
2,1,128534,128691
1,3,128691,0
1,1,128848,0
1,4,128848,0
2,2,129005,129162
1,1,129162,0
2,3,129162,129319
1,4,129162,0
1,2,129319,0
1,1,129476,0
1,4,129476,0
1,1,129633,0
1,2,129633,0
1,3,129633,0
2,4,129790,129948
1,3,129948,0
1,1,130105,0
2,2,130105,130419
1,1,130262,0
1,3,130262,0
1,4,130262,0
2,3,130419,130576
2,1,130576,130733
1,2,130576,0
1,3,130733,0
2,4,130733,130890
1,1,130890,0
1,2,130890,0
1,3,130890,0
2,2,131047,131204
1,3,131204,0
1,1,131361,0
1,4,131361,0
2,3,131518,131675
2,1,131675,131832
1,2,131675,0
1,4,131675,0
1,3,131832,0
1,2,131989,0
1,4,131989,0
1,1,132146,0
1,2,132146,0
2,3,132146,132225
2,4,132225,132304
2,3,132304,132382
2,4,132382,132461
2,2,132461,132539
2,1,132539,132618
2,2,132618,132696
1,4,132618,0
2,1,132696,132775
1,2,132775,0
2,3,132775,133089
1,4,132775,0
1,1,133089,0
2,4,133089,133246
2,2,133246,133403
1,3,133246,0
1,1,133403,0
1,3,133403,0
1,4,133403,0
2,1,133560,133717
1,4,133717,0
1,2,133874,0
1,3,133874,0
2,2,134031,134188
1,1,134188,0
2,3,134188,134345
1,4,134188,0
1,4,134345,0
1,1,134502,0
1,2,134502,0
1,1,134660,0
1,3,134660,0
1,4,134660,0
2,3,134817,134974
1,4,134974,0
1,1,135131,0
2,2,135131,135445
1,1,135288,0
1,3,135288,0
1,4,135288,0
2,4,135445,135602
1,1,135602,0
1,3,135602,0
1,3,135759,0
1,4,135759,0
2,1,135916,136073
1,2,135916,0
1,4,135916,0
1,3,136073,0
1,3,136230,0
1,1,136387,0
2,2,136387,136544
2,1,136701,137016
1,3,136701,0
1,4,136701,0
1,2,137016,0
2,4,137016,137173
1,1,137173,0
1,2,137173,0
1,3,137173,0
2,3,137330,137644
1,4,137330,0
1,1,137487,0
1,2,137487,0
1,4,137487,0
2,1,137644,137801
1,2,137644,0
2,2,137801,138115
1,3,137801,0
1,4,137801,0
1,1,137958,0
1,4,137958,0
2,1,138115,139215
2,3,138115,138586
2,4,138115,138900
2,2,138429,139215
2,3,138743,139215
2,4,139057,139529
2,1,139372,140471
2,2,139372,139686
2,3,139372,139607
2,4,139686,139843
2,3,139764,140000
2,2,139843,140157
2,4,140000,140471
2,3,140157,140471
2,2,140314,140471
1,1,140628,0
2,2,140628,141099
2,3,140628,141413
2,4,140628,141728
2,1,140942,141728
2,2,141256,141728
2,3,141571,141885
1,1,141885,0
1,4,141885,0
1,1,142042,0
1,2,142042,0
1,3,142042,0
1,2,142199,0
1,4,142199,0
1,3,142356,0
1,4,142356,0
1,1,142513,0
1,2,142513,0
1,3,142670,0
1,4,142670,0
1,2,142827,0
1,3,142827,0
1,1,142984,0
1,2,142984,0
2,1,143141,143612
2,3,143141,143927
2,4,143141,144241
2,2,143455,144241
2,1,143769,144241
2,3,144084,144555
2,1,144398,144712
2,2,144398,144633
2,4,144398,144869
2,3,144712,145026
2,2,144790,145183
2,1,144869,145497
2,4,145026,145497
2,3,145183,145497
2,2,145340,145968
1,1,145654,0
1,3,145654,0
1,4,145654,0
1,1,145968,0
1,3,145968,0
2,4,145968,146283
1,1,146283,0
1,2,146283,0
2,3,146283,146597
2,1,146597,146911
1,2,146597,0
1,4,146597,0
2,2,146911,147225
1,3,146911,0
1,4,146911,0
1,1,147225,0
1,3,147225,0
2,4,147225,147539
1,1,147539,0
1,2,147539,0
2,3,147539,148167
1,1,147853,0
1,2,147853,0
1,4,147853,0
2,1,148167,148482
1,2,148167,0
1,4,148167,0
1,3,148482,0
1,4,148482,0
1,2,148639,0
1,3,148639,0
1,1,148796,0
1,3,148796,0
1,4,148796,0
1,1,148953,0
1,2,148953,0
1,2,149110,0
1,4,149110,0
1,1,149267,0
1,4,149267,0
1,1,149424,0
1,2,149424,0
1,2,149581,0
1,4,149581,0
1,3,149738,0
1,4,149738,0
1,1,149895,0
1,2,149895,0
1,1,150052,0
1,3,150052,0
1,4,150052,0
1,1,150209,0
1,3,150209,0
1,4,150209,0
1,2,150366,0
1,3,150366,0
1,1,150523,0
1,2,150523,0
1,4,150523,0
1,1,150680,0
1,4,150680,0
1,2,150838,0
1,3,150838,0
1,1,150995,0
1,2,150995,0
1,2,151152,0
1,4,151152,0
1,1,151309,0
1,3,151309,0
1,4,151309,0
1,2,151466,0
1,3,151466,0
1,2,151623,0
1,4,151623,0
1,1,151780,0
1,3,151780,0
1,1,151937,0
1,4,151937,0
1,2,152094,0
1,4,152094,0
1,1,152251,0
1,2,152251,0
1,3,152408,0
1,4,152408,0
1,2,152487,0
1,1,152565,0
1,3,152565,0
1,4,152565,0
1,1,152722,0
1,2,152722,0
1,2,152879,0
1,3,152879,0
1,1,153037,0
1,3,153037,0
1,1,153194,0
2,2,153194,153508
1,4,153194,0
1,3,153508,0
1,4,153508,0
1,1,153665,0
1,2,153665,0
1,2,153822,0
1,3,153822,0
1,4,153822,0
1,1,153979,0
1,3,153979,0
1,2,154136,0
1,4,154136,0
1,2,154293,0
1,3,154293,0
1,1,154450,0
1,4,154450,0
1,1,154607,0
1,3,154607,0
1,2,154764,0
1,3,154764,0
1,2,154921,0
1,4,154921,0
1,1,155078,0
1,3,155078,0
1,4,155078,0
1,1,155235,0
1,3,155235,0
1,4,155235,0
1,2,155393,0
1,3,155393,0
1,1,155550,0
1,2,155550,0
1,4,155550,0
1,1,155707,0
1,4,155707,0
1,2,155864,0
1,3,155864,0
1,2,156021,0
1,4,156021,0
1,1,156178,0
1,3,156178,0
1,1,156335,0
1,2,156335,0
1,4,156335,0
1,3,156492,0
1,4,156492,0
1,1,156649,0
1,3,156649,0
1,1,156806,0
1,2,156806,0
1,2,156963,0
1,4,156963,0
1,1,157120,0
1,3,157120,0
1,3,157277,0
1,4,157277,0
1,1,157434,0
1,2,157434,0
1,3,157513,0
1,1,157591,0
1,2,157591,0
1,4,157591,0
1,3,157749,0
1,4,157749,0
1,1,157906,0
1,3,157906,0
1,1,158063,0
1,2,158063,0
1,2,158220,0
2,3,158220,158534
1,4,158220,0
1,1,158534,0
1,4,158534,0
1,2,158691,0
1,4,158691,0
1,1,158848,0
1,2,158848,0
1,3,158848,0
1,3,159005,0
1,4,159005,0
1,1,159162,0
1,4,159162,0
1,2,159319,0
1,3,159319,0
1,1,159476,0
1,2,159476,0
1,3,159633,0
1,4,159633,0
1,1,159790,0
1,3,159790,0
1,2,159948,0
1,4,159948,0
1,1,160105,0
1,2,160105,0
1,3,160105,0
1,1,160262,0
1,2,160262,0
1,3,160262,0
1,1,160419,0
1,4,160419,0
1,2,160576,0
1,3,160576,0
1,4,160576,0
1,1,160733,0
1,3,160733,0
1,2,160890,0
1,4,160890,0
1,1,161047,0
1,4,161047,0
1,1,161204,0
1,2,161204,0
1,2,161361,0
1,3,161361,0
1,4,161361,0
1,1,161518,0
1,3,161518,0
1,2,161675,0
1,4,161675,0
1,2,161832,0
1,3,161832,0
1,1,161989,0
2,4,161989,162304
1,1,162304,0
1,3,162304,0
1,2,162382,0
1,3,162461,0
1,4,162461,0
1,2,162539,0
1,1,162618,0
1,4,162618,0
1,3,162696,0
1,1,162775,0
1,2,162775,0
1,3,162853,0
1,4,162853,0
1,1,162932,0
1,2,162932,0
1,3,163010,0
1,4,163010,0
1,1,163089,0
1,2,163089,0
1,3,163167,0
2,1,163246,163874
2,2,163246,163482
1,4,163246,0
2,2,163560,163874
2,3,163874,164110
2,4,163874,164502
2,3,164188,164502
2,1,164502,164738
2,2,164502,165759
2,1,164817,165131
2,4,165131,165366
2,4,165445,165759
2,1,165759,166073
2,3,165759,167801
2,2,166073,166387
2,4,166387,166701
2,1,166701,167330
2,2,167330,167801
1,1,167801,0
1,4,167801,0
1,1,167958,0
1,2,167958,0
1,4,167958,0
1,2,168115,0
1,3,168115,0
1,1,168272,0
1,3,168272,0
2,4,168272,168586
1,1,168586,0
1,3,168586,0
2,2,168743,169057
1,3,168743,0
1,4,168743,0
1,3,169057,0
1,4,169057,0
2,1,169215,169372
1,2,169215,0
1,3,169215,0
1,4,169372,0
1,3,169450,0
1,1,169529,0
1,2,169529,0
1,1,169686,0
1,3,169686,0
2,4,169686,170785
1,1,170785,0
2,3,170785,170942
2,2,170942,171099
2,1,171099,171256
1,4,171099,0
2,4,171256,171413
1,1,171413,0
2,3,171413,171571
2,2,171571,171728
1,1,171728,0
2,3,171728,171885
2,4,171885,172042
1,1,172042,0
2,2,172042,172199
2,1,172199,172356
2,3,172356,172513
1,4,172356,0
2,2,172513,172670
1,1,172670,0
2,4,172670,172827
2,3,172827,172984
2,2,172984,173141
1,4,172984,0
2,1,173141,173298
2,3,173298,173455
1,4,173298,0
2,4,173455,173612
1,1,173612,0
2,2,173612,173769
2,3,173769,173927
2,1,173927,174084
1,4,173927,0
2,2,174084,174241
1,1,174241,0
2,3,174241,174398
2,4,174398,174555
2,2,174555,174712
1,3,174555,0
2,1,174712,174869
1,3,174869,0
2,4,174869,175026
1,1,175026,0
1,2,175026,0
1,3,175105,0
1,4,175105,0
1,1,175183,0
2,2,175183,175340
2,3,175340,175497
1,4,175340,0
1,1,175497,0
1,4,175654,0
1,3,175733,0
1,1,175811,0
1,2,175811,0
2,4,175811,176126
1,1,176126,0
1,2,176126,0
1,3,176126,0
1,1,176283,0
1,2,176283,0
1,1,176440,0
1,3,176440,0
1,4,176440,0
1,3,176597,0
1,4,176597,0
1,1,176754,0
1,2,176754,0
1,4,176754,0
1,1,176911,0
1,2,176911,0
1,1,177068,0
1,3,177068,0
2,4,177068,177382
1,1,177382,0
1,2,177382,0
1,3,177461,0
1,4,177461,0
1,1,177539,0
1,2,177539,0
1,3,177618,0
1,4,177618,0
1,1,177696,0
1,2,177696,0
1,3,177775,0
1,4,177775,0
1,1,177853,0
1,2,177853,0
1,3,177932,0
1,4,177932,0
1,1,178010,0
1,2,178010,0
1,3,178089,0
1,4,178089,0
1,1,178167,0
1,2,178167,0
1,3,178246,0
1,4,178246,0
1,2,178324,0
1,1,178639,0
1,3,178953,0
1,2,179188,0
1,4,179424,0
2,2,179581,179817
2,3,179581,179817
2,1,179895,180131
2,2,179895,180131
2,3,179895,180131
2,4,179895,180445
2,1,180209,180759
2,2,180209,180445
2,3,180209,180445
2,2,180523,180759
2,3,180523,180838
2,4,180523,180759
1,1,180838,0
1,2,180838,0
1,4,180838,0
2,3,180995,181152
1,1,181152,0
2,2,181152,181309
1,4,181152,0
2,4,181309,181466
2,1,181466,181623
1,3,181466,0
1,2,181623,0
2,3,181623,181780
1,1,181780,0
2,2,181780,181937
1,4,181780,0
2,4,181937,182094
1,1,182094,0
1,3,182094,0
2,1,182251,182408
2,2,182408,182565
1,3,182408,0
1,4,182408,0
2,3,182565,182722
2,1,182722,182879
1,4,182722,0
1,2,182879,0
2,4,182879,183037
1,1,183037,0
1,2,183037,0
1,3,183037,0
2,3,183194,183351
1,1,183351,0
1,2,183351,0
2,2,183508,183665
1,1,183665,0
1,3,183665,0
2,4,183665,183822
2,3,183822,183979
2,1,183979,184136
1,4,183979,0
2,2,184136,184293
1,3,184136,0
1,1,184293,0
2,3,184293,184450
1,4,184293,0
2,4,184450,184607
1,1,184607,0
1,2,184607,0
2,3,184764,184921
1,1,184921,0
2,2,184921,185078
1,4,184921,0
2,4,185078,185235
1,2,185235,0
2,3,185235,185393
2,1,185393,185550
1,4,185393,0
1,2,185550,0
1,3,185550,0
1,4,185550,0
2,3,185707,185785
2,2,185785,185864
2,1,185864,186178
1,3,185864,0
1,4,185864,0
1,2,186178,0
1,3,186178,0
1,4,186178,0
1,1,186335,0
1,3,186335,0
1,1,186492,0
1,2,186492,0
1,4,186492,0
1,2,186649,0
1,3,186649,0
1,1,186806,0
1,3,186806,0
1,4,186806,0
1,2,186963,0
1,4,186963,0
1,1,187120,0
1,2,187120,0
2,3,187120,187434
1,1,187434,0
1,2,187434,0
1,4,187434,0
1,2,187591,0
1,3,187591,0
1,1,187749,0
1,3,187749,0
1,4,187749,0
1,2,187906,0
1,4,187906,0
1,1,188063,0
1,2,188063,0
1,3,188063,0
1,1,188220,0
1,4,188220,0
2,1,188377,188691
1,3,188377,0
1,4,188377,0
1,2,188691,0
1,3,188691,0
2,4,188691,189005
1,1,188848,0
1,3,188848,0
1,1,189005,0
1,2,189005,0
2,3,189005,189319
1,2,189162,0
1,4,189162,0
1,1,189319,0
2,2,189319,189633
1,4,189319,0
1,1,189476,0
1,4,189476,0
1,1,189633,0
1,3,189633,0
1,3,189790,0
1,4,189790,0
1,1,189869,0
1,2,189869,0
1,3,189948,0
1,4,189948,0
1,1,190026,0
1,2,190026,0
1,3,190105,0
1,4,190105,0
1,1,190183,0
1,2,190183,0
1,3,190262,0
1,4,190262,0
1,1,190340,0
1,2,190340,0
1,3,190419,0
1,4,190419,0
1,1,190497,0
1,2,190497,0
1,3,190576,0
1,4,190576,0
1,1,190654,0
1,2,190654,0
1,3,190733,0
1,4,190733,0
1,2,190811,0
1,1,190890,0
1,3,190890,0
1,4,190890,0
2,2,191047,191204
1,1,191204,0
2,3,191204,191361
1,4,191204,0
2,1,191361,191518
1,2,191518,0
2,4,191518,191675
2,2,191675,191832
1,3,191675,0
1,1,191832,0
2,3,191832,191989
1,4,191832,0
2,1,191989,192146
1,2,192146,0
1,4,192146,0
2,4,192304,192461
1,1,192461,0
1,2,192461,0
2,3,192461,192618
2,2,192618,192775
1,1,192775,0
2,4,192775,192932
2,1,192932,193089
1,3,192932,0
1,2,193089,0
1,3,193089,0
1,4,193089,0
2,2,193246,193403
1,3,193403,0
1,4,193403,0
2,3,193560,193717
2,1,193717,193874
1,2,193717,0
1,4,193717,0
2,2,193874,194031
1,1,194031,0
2,4,194031,194188
1,2,194188,0
2,3,194188,194345
1,1,194345,0
2,2,194345,194502
1,4,194345,0
2,1,194502,194660
1,3,194660,0
1,4,194660,0
2,2,194817,194974
1,1,194974,0
1,3,194974,0
2,4,194974,195131
2,1,195131,195288
1,2,195288,0
2,3,195288,195445
1,1,195445,0
2,4,195445,195602
1,1,195602,0
1,2,195602,0
1,3,195602,0
2,2,195759,195838
2,3,195838,195916
1,1,195916,0
1,2,195916,0
2,4,195916,196230
1,1,196230,0
1,2,196230,0
1,3,196230,0
2,1,196387,196466
2,1,196544,196859
1,3,196544,0
1,2,196701,0
1,4,196701,0
1,2,196859,0
1,3,196859,0
1,4,196859,0
2,3,197016,197094
1,2,197173,0
2,3,197173,197487
1,4,197173,0
1,1,197487,0
1,2,197487,0
1,4,197487,0
1,2,197801,0
1,3,197801,0
1,3,197958,0
1,4,197958,0
1,1,198037,0
1,2,198037,0
1,3,198115,0
1,4,198115,0
1,1,198194,0
1,2,198194,0
1,3,198272,0
1,4,198272,0
1,2,198351,0
1,1,198429,0
1,3,198429,0
1,4,198429,0
1,1,198743,0
1,2,198743,0
1,3,198822,0
1,4,198822,0
1,1,198900,0
1,2,198900,0
1,3,198979,0
1,1,199057,0
1,2,199057,0
1,4,199057,0
1,2,199215,0
1,3,199215,0
1,3,199372,0
1,4,199372,0
1,1,199450,0
1,2,199450,0
1,3,199529,0
1,4,199529,0
1,2,199607,0
1,1,199686,0
1,3,199686,0
1,4,199686,0
1,1,200000,0
1,2,200000,0
1,3,200078,0
1,4,200078,0
1,1,200157,0
1,2,200157,0
1,3,200235,0
1,4,200235,0
1,1,200314,0
1,2,200314,0
1,3,200393,0
1,1,200471,0
1,4,200471,0
1,2,200550,0
2,1,200628,200942
1,3,200628,0
1,4,200628,0
1,2,200942,0
1,3,200942,0
2,4,200942,201256
1,1,201099,0
1,1,201256,0
1,2,201256,0
1,3,201256,0
2,3,201413,201492
1,2,201571,0
2,3,201571,201885
1,1,201728,0
1,4,201728,0
1,1,201885,0
1,2,201885,0
1,4,201885,0
2,2,202042,202120
2,2,202199,202513
1,3,202199,0
1,4,202356,0
1,1,202513,0
1,3,202513,0
1,4,202513,0
2,1,202670,202749
2,1,202827,203141
1,3,202827,0
1,2,202984,0
1,4,202984,0
1,2,203141,0
1,3,203141,0
1,4,203141,0
2,3,203298,203377
1,2,203455,0
2,3,203455,203769
1,1,203612,0
1,1,203769,0
1,2,203769,0
1,4,203769,0
2,2,203927,204005
2,2,204084,204398
1,4,204084,0
1,1,204241,0
1,3,204241,0
1,1,204398,0
1,3,204398,0
1,4,204398,0
2,4,204555,204633
1,1,204712,0
2,4,204712,205026
1,2,204869,0
1,1,205026,0
1,2,205026,0
1,3,205026,0
2,1,205183,205262
2,1,205340,205654
1,2,205340,0
1,3,205497,0
1,4,205497,0
1,2,205654,0
1,3,205654,0
2,4,205654,205968
1,1,205968,0
1,2,205968,0
1,1,206126,0
1,2,206126,0
2,1,206283,206597
1,3,206283,0
1,4,206283,0
1,3,206597,0
1,4,206597,0
1,3,206754,0
1,4,206754,0
1,1,206911,0
2,2,206911,207225
1,4,206911,0
1,1,207225,0
1,3,207225,0
1,1,207382,0
1,3,207382,0
1,2,207539,0
2,3,207539,207853
1,4,207539,0
1,2,207853,0
1,4,207853,0
1,2,208010,0
1,4,208010,0
1,1,208167,0
1,2,208167,0
2,4,208167,208482
2,1,208482,208639
1,2,208482,0
1,3,208482,0
2,3,208639,208953
1,4,208639,0
1,1,208796,0
2,2,208796,208953
1,4,208796,0
2,1,208953,209267
1,2,209110,0
1,3,209110,0
1,4,209110,0
1,2,209267,0
1,3,209267,0
2,4,209267,209424
1,1,209424,0
2,3,209424,209581
1,1,209581,0
2,2,209581,209895
1,4,209581,0
1,1,209895,0
2,4,209895,209974
2,3,209974,210052
1,1,210052,0
1,2,210052,0
1,4,210052,0
1,2,210209,0
1,3,210209,0
1,1,210366,0
1,3,210366,0
1,4,210366,0
1,1,210523,0
1,2,210523,0
1,4,210523,0
1,2,210680,0
1,3,210680,0
1,4,210680,0
1,1,210838,0
1,2,210838,0
1,3,210838,0
1,1,210995,0
1,4,210995,0
1,2,211152,0
1,3,211152,0
1,1,211309,0
1,2,211309,0
2,4,211309,211623
1,1,211623,0
1,2,211623,0
1,3,211780,0
1,4,211780,0
2,1,211937,212251
1,2,211937,0
1,4,211937,0
1,2,212251,0
1,4,212251,0
1,1,212408,0
1,3,212408,0
2,2,212565,212879
1,3,212565,0
1,4,212565,0
1,3,212879,0
1,4,212879,0
1,1,213037,0
1,2,213037,0
1,1,213194,0
2,3,213194,213508
1,4,213194,0
1,1,213508,0
1,2,213508,0
1,4,213508,0
1,2,213665,0
1,3,213665,0
1,1,213822,0
1,2,213822,0
1,4,213822,0
1,1,213979,0
1,3,213979,0
1,2,214136,0
1,3,214136,0
1,4,214136,0
1,1,214293,0
1,2,214293,0
1,4,214293,0
1,2,214450,0
1,3,214450,0
2,1,214607,214921
1,2,214607,0
1,4,214607,0
1,3,214921,0
1,4,214921,0
1,1,215078,0
1,2,215078,0
1,3,215078,0
1,2,215235,0
1,4,215235,0
1,1,215393,0
1,3,215393,0
1,4,215393,0
1,1,215550,0
1,3,215550,0
1,4,215550,0
1,1,215707,0
1,2,215707,0
1,4,215707,0
1,1,215864,0
1,2,215864,0
1,4,215864,0
1,1,216021,0
2,3,216021,216335
1,4,216335,0
2,2,216649,216963
1,4,216649,0
1,1,216963,0
1,1,217277,0
2,4,217277,217906
2,3,217591,217906
1,1,217906,0
1,2,217906,0
1,3,217984,0
1,4,217984,0
1,1,218063,0
1,2,218063,0
1,3,218141,0
1,4,218141,0
1,1,218220,0
1,2,218220,0
1,3,218298,0
1,4,218298,0
1,1,218377,0
1,2,218377,0
1,3,218455,0
2,1,218534,218691
1,2,218534,0
1,4,218534,0
2,3,218691,218769
2,2,218769,218848
1,1,218848,0
1,3,218848,0
2,4,218848,219162
2,1,219005,219162
1,2,219162,0
1,3,219162,0
2,2,219319,219476
1,4,219319,0
2,1,219476,219633
1,3,219476,0
1,4,219476,0
1,2,219633,0
2,3,219633,219790
1,1,219790,0
1,2,219948,0
2,4,219948,220105
1,1,220105,0
2,2,220105,220262
1,3,220105,0
2,1,220262,220419
1,3,220419,0
2,4,220419,220733
1,1,220576,0
2,3,220576,220733
2,1,220733,221047
1,2,220733,0
2,2,220890,221047
1,3,221047,0
2,4,221047,221204
2,2,221204,221283
2,3,221283,221361
2,1,221361,221675
1,2,221361,0
1,4,221361,0
2,2,221518,221675
1,3,221675,0
1,4,221675,0
1,1,221832,0
2,2,221832,221989
1,1,221989,0
2,3,221989,222304
1,4,221989,0
1,2,222146,0
2,4,222146,222304
1,1,222304,0
2,2,222461,222618
1,3,222461,0
2,1,222618,222932
1,3,222618,0
1,4,222618,0
2,2,222775,222932
1,3,222932,0
2,4,222932,223403
1,2,223089,0
2,3,223089,223403
1,1,223246,0
2,2,223246,223560
2,1,223560,223717
1,3,223560,0
1,4,223560,0
2,2,223717,223796
2,3,223796,223874
1,1,223874,0
1,2,223874,0
2,4,223874,224188
2,3,224031,224188
1,1,224188,0
1,2,224188,0
1,2,224345,0
2,4,224345,224502
1,1,224502,0
2,2,224502,224660
1,3,224502,0
2,1,224660,224817
1,4,224660,0
1,4,224817,0
1,2,224974,0
2,3,224974,225131
1,1,225131,0
2,2,225131,225288
1,4,225131,0
2,4,225288,225445
2,1,225445,225759
1,3,225445,0
2,2,225602,225759
1,4,225602,0
1,3,225759,0
2,4,225759,226073
2,3,225916,226073
2,1,226073,226230
1,2,226073,0
2,3,226230,226309
1,4,226230,0
2,2,226309,226387
1,1,226387,0
1,3,226387,0
2,4,226387,226701
2,2,226544,226701
1,3,226701,0
2,1,226859,227016
1,4,226859,0
2,2,227016,227173
1,3,227016,0
1,4,227016,0
2,3,227173,227251
2,4,227251,227330
1,1,227330,0
1,2,227330,0
1,3,227487,0
1,4,227487,0
1,1,227565,0
1,2,227565,0
1,3,227644,0
1,4,227644,0
1,1,227801,0
1,2,227801,0
1,3,227879,0
1,4,227879,0
1,1,227958,0
1,2,227958,0
1,3,228115,0
1,4,228115,0
1,1,228194,0
1,2,228194,0
1,3,228272,0
1,4,228272,0
1,1,228351,0
1,2,228351,0
1,3,228429,0
1,4,228429,0
1,2,228508,0
1,1,228586,0
2,3,228586,228743
1,4,228586,0
2,2,228743,228900
2,1,228900,229057
1,3,228900,0
1,4,228900,0
2,3,229057,229215
2,2,229215,229372
1,4,229215,0
2,1,229372,229529
1,3,229372,0
1,2,229529,0
2,3,229529,229686
1,4,229529,0
1,1,229686,0
2,2,229686,229843
2,1,229843,230000
2,3,230000,230157
1,4,230000,0
1,1,230157,0
2,2,230157,230314
1,4,230157,0
2,1,230314,230471
2,3,230471,230628
1,4,230471,0
1,1,230628,0
2,2,230628,230785
2,1,230785,230942
1,3,230785,0
1,4,230785,0
2,4,230942,231099
1,1,231099,0
1,2,231099,0
2,3,231099,231256
2,2,231256,231413
1,1,231413,0
1,3,231413,0
2,4,231413,231571
2,3,231571,231728
1,1,231728,0
2,2,231728,231885
1,3,231885,0
2,4,231885,232042
1,1,232042,0
1,2,232042,0
2,3,232042,232199
2,2,232199,232356
1,3,232356,0
2,4,232356,232513
1,1,232513,0
2,3,232513,232670
1,1,232670,0
2,2,232670,232827
1,4,232670,0
1,3,232827,0
1,4,232827,0
1,1,232906,0
1,2,232906,0
1,3,232984,0
1,4,232984,0
1,1,233141,0
2,2,233141,233612
1,1,233298,0
1,3,233298,0
1,4,233298,0
1,3,233455,0
1,1,233612,0
1,3,233612,0
2,4,233612,233927
1,1,233927,0
1,2,233927,0
1,3,233927,0
1,2,234084,0
1,4,234084,0
1,1,234241,0
1,2,234241,0
1,3,234241,0
1,1,234398,0
1,4,234398,0
1,2,234555,0
1,3,234555,0
1,4,234555,0
1,1,234712,0
1,3,234712,0
1,1,234869,0
2,2,234869,235183
1,4,234869,0
1,1,235183,0
1,3,235183,0
1,4,235183,0
1,2,235340,0
1,3,235340,0
1,1,235497,0
1,2,235497,0
1,4,235497,0
1,1,235654,0
1,3,235654,0
1,2,235811,0
1,3,235811,0
1,4,235811,0
1,1,235968,0
1,2,235968,0
1,1,236126,0
2,3,236126,236440
1,4,236126,0
1,1,236440,0
1,2,236440,0
1,4,236440,0
1,1,236597,0
1,2,236597,0
1,1,236754,0
1,3,236754,0
1,4,236754,0
1,3,236911,0
1,4,236911,0
1,1,237068,0
1,2,237068,0
1,4,237068,0
1,1,237225,0
1,2,237225,0
1,1,237382,0
1,3,237382,0
1,4,237382,0
1,2,237539,0
1,3,237539,0
1,1,237696,0
1,2,237696,0
2,4,237696,238010
1,1,238010,0
1,2,238010,0
1,3,238115,0
1,4,238115,0
1,1,238220,0
1,2,238220,0
1,3,238324,0
1,4,238324,0
1,1,238429,0
1,2,238534,0
2,1,238639,238796
1,3,238639,0
1,4,238639,0
2,3,238796,238953
2,1,238953,239267
1,2,239110,0
1,4,239110,0
1,2,239267,0
2,3,239267,239581
1,4,239267,0
2,1,239581,239738
2,3,239738,239895
1,4,239738,0
2,1,239895,240209
2,2,240052,240209
1,4,240052,0
2,4,240209,240523
1,1,240366,0
1,2,240366,0
1,1,240523,0
2,2,240523,240838
1,3,240523,0
2,4,240838,240995
1,1,240995,0
2,2,240995,241152
1,3,240995,0
1,1,241152,0
2,4,241152,241466
1,1,241309,0
1,2,241309,0
2,3,241309,241466
2,1,241466,241780
1,2,241623,0
1,4,241623,0
1,2,241780,0
2,3,241780,242094
1,4,241780,0
2,1,242094,242251
1,2,242251,0
2,3,242251,242408
2,1,242408,242722
2,2,242565,242722
1,4,242565,0
2,4,242722,243037
1,1,242879,0
1,2,242879,0
1,1,243037,0
1,2,243037,0
1,3,243037,0
1,3,243194,0
1,4,243194,0
1,1,243351,0
1,2,243351,0
1,4,243351,0
2,1,243508,250733
2,2,243508,250890
2,3,243508,251047
2,4,243508,251204
