1,1,366,0
1,2,445,0
1,3,524,0
1,4,524,0
1,1,681,0
1,2,838,0
1,4,995,0
1,1,1152,0
1,3,1152,0
1,4,1466,0
1,2,1623,0
1,1,1780,0
1,2,1937,0
1,4,2094,0
1,2,2251,0
1,3,2408,0
1,4,2408,0
1,1,2722,0
1,2,2880,0
1,3,3037,0
1,1,3194,0
1,4,3351,0
1,3,3508,0
1,1,3665,0
1,2,3665,0
1,4,3979,0
1,1,4136,0
1,3,4293,0
1,1,4450,0
1,4,4607,0
1,1,4764,0
1,3,4921,0
1,4,4921,0
1,3,5078,0
1,4,5078,0
1,1,5236,0
1,3,5393,0
1,2,5550,0
1,4,5550,0
1,1,5707,0
1,3,5864,0
1,2,6021,0
1,1,6178,0
1,4,6178,0
1,2,6492,0
1,4,6649,0
1,3,6806,0
1,4,6963,0
1,1,7120,0
1,4,7277,0
1,1,7434,0
1,2,7434,0
1,1,7592,0
1,2,7592,0
1,4,7749,0
1,3,7906,0
1,1,8063,0
1,4,8063,0
1,2,8220,0
1,1,8377,0
1,3,8377,0
1,4,8534,0
1,2,8691,0
1,3,8691,0
1,1,8848,0
1,3,9005,0
1,4,9005,0
1,2,9162,0
1,1,9319,0
1,4,9319,0
1,3,9476,0
1,1,9633,0
1,4,9633,0
1,2,9791,0
1,3,9948,0
1,4,9948,0
1,2,10105,0
1,1,10262,0
1,4,10262,0
1,3,10419,0
2,1,10576,10733
2,2,10733,10890
2,3,10890,11047
2,4,11047,11204
2,2,11204,11361
2,3,11361,11518
2,4,11675,11832
2,3,11832,11989
2,2,11989,12147
2,1,12147,12304
1,4,12304,0
1,3,12382,0
1,1,12461,0
1,2,12461,0
1,3,12618,0
2,4,12618,13089
1,1,13089,0
1,2,13089,0
1,3,13246,0
1,2,13325,0
1,1,13403,0
1,4,13403,0
2,3,13560,13717
1,2,13874,0
1,1,14031,0
1,4,14031,0
2,2,14188,14345
1,3,14503,0
1,1,14660,0
1,4,14660,0
1,3,14817,0
2,1,14974,15131
1,2,15131,0
1,3,15288,0
2,4,15288,15445
1,2,15445,0
1,1,15602,0
1,4,15759,0
1,3,15838,0
1,1,15916,0
1,2,15916,0
2,4,16073,16230
1,2,16387,0
2,3,16544,16859
1,4,16544,0
1,1,16702,0
1,2,17016,0
1,1,17173,0
2,3,17173,17330
1,4,17330,0
2,1,17487,17644
1,2,17644,0
1,3,17801,0
2,4,17801,18115
1,1,18115,0
1,2,18272,0
1,3,18351,0
1,1,18429,0
1,4,18429,0
2,3,18586,18743
1,1,18900,0
1,2,19058,0
1,3,19058,0
2,1,19215,19372
1,4,19529,0
1,2,19686,0
1,3,19686,0
1,4,19843,0
2,2,20000,20157
1,1,20157,0
2,3,20314,20471
1,4,20314,0
1,2,20471,0
1,1,20628,0
1,4,20628,0
1,3,20785,0
1,1,20942,0
2,2,21099,21256
1,3,21099,0
1,4,21414,0
1,1,21571,0
1,3,21571,0
1,2,21728,0
1,4,21885,0
2,2,22042,22984
1,3,22042,0
1,1,22984,0
1,3,23141,0
1,4,23141,0
1,3,23298,0
1,4,23298,0
1,3,23770,0
2,4,23770,24555
1,1,24084,0
1,2,24084,0
1,3,24555,0
1,1,24712,0
1,2,24712,0
1,3,25026,0
1,1,25340,0
1,4,25340,0
1,3,25497,0
1,3,25811,0
1,1,25968,0
1,4,25968,0
2,1,26283,27068
1,2,26283,0
1,3,26597,0
1,4,26597,0
1,2,27068,0
1,3,27225,0
1,4,27225,0
1,2,27539,0
1,1,27853,0
1,4,27853,0
1,2,28010,0
1,2,28324,0
1,1,28482,0
1,4,28482,0
1,3,28639,0
1,1,28796,0
2,2,28796,29581
1,3,29110,0
1,4,29110,0
1,1,29581,0
1,3,29738,0
1,4,29738,0
1,1,30052,0
1,2,30366,0
1,3,30366,0
1,1,30523,0
1,1,30838,0
1,2,30995,0
1,3,30995,0
1,4,31152,0
1,1,31309,0
2,3,31309,32094
1,2,31623,0
1,4,31623,0
1,1,32094,0
1,2,32251,0
1,4,32251,0
1,3,32565,0
1,3,32722,0
1,1,32879,0
1,4,32879,0
1,3,33194,0
1,4,33194,0
1,1,33508,0
1,2,33508,0
1,3,33822,0
1,4,33822,0
1,2,33979,0
1,1,34136,0
1,3,34136,0
2,4,34293,34607
1,2,34607,0
1,1,34921,0
1,3,34921,0
1,2,35235,0
1,1,35393,0
1,3,35393,0
2,4,35550,35864
1,2,35864,0
1,1,36021,0
1,3,36021,0
1,4,36335,0
1,4,36492,0
1,2,36649,0
1,3,36649,0
2,1,36806,37120
1,4,37120,0
1,2,37434,0
1,3,37434,0
1,4,37749,0
1,2,37906,0
1,3,37906,0
1,4,38220,0
1,4,38377,0
1,2,38534,0
1,3,38534,0
1,1,38848,0
1,1,39005,0
1,2,39162,0
1,4,39162,0
2,3,39319,39633
1,1,39633,0
1,2,39948,0
1,4,39948,0
1,1,40262,0
1,2,40419,0
1,4,40419,0
2,3,40576,40890
1,1,40890,0
1,2,41047,0
1,4,41047,0
1,3,41361,0
1,3,41518,0
2,2,41675,41989
1,4,41675,0
1,1,41989,0
2,3,42146,42461
1,2,42461,0
1,4,42461,0
1,3,42775,0
1,1,42932,0
1,4,42932,0
1,2,43089,0
1,1,43246,0
1,4,43246,0
1,3,43403,0
1,1,43560,0
1,2,43560,0
1,3,43717,0
1,1,43874,0
1,4,43874,0
1,2,44031,0
1,3,44110,0
1,4,44188,0
2,1,44345,44660
1,2,44345,0
1,3,44660,0
1,2,44817,0
2,4,44817,45131
1,3,45131,0
1,1,45288,0
2,2,45288,45602
1,4,45602,0
1,1,45759,0
1,2,45759,0
1,1,45916,0
1,2,45916,0
1,3,46073,0
1,4,46073,0
1,3,46230,0
1,4,46230,0
1,3,46544,0
1,1,46701,0
1,4,46701,0
1,2,46859,0
1,3,47016,0
1,4,47016,0
1,1,47173,0
1,2,47330,0
1,3,47330,0
1,4,47487,0
1,1,47644,0
1,2,47644,0
1,3,47801,0
1,1,47958,0
1,4,47958,0
1,2,48115,0
1,3,48272,0
1,4,48272,0
1,1,48429,0
1,2,48586,0
1,3,48586,0
1,4,48743,0
1,1,48900,0
1,2,48900,0
1,3,49057,0
1,2,49136,0
1,1,49215,0
1,3,49372,0
2,4,49372,49686
1,2,49686,0
2,1,49843,50157
1,3,49843,0
1,4,50157,0
1,2,50314,0
2,3,50314,50628
1,1,50628,0
1,3,50785,0
1,4,50785,0
1,3,50942,0
1,4,50942,0
1,1,51099,0
1,2,51099,0
1,1,51256,0
1,2,51256,0
1,3,51571,0
1,1,51728,0
1,4,51728,0
1,2,51885,0
1,1,52042,0
1,3,52042,0
1,2,52199,0
1,3,52356,0
1,4,52356,0
1,1,52513,0
1,2,52670,0
1,4,52670,0
1,3,52827,0
1,1,52984,0
1,2,52984,0
1,4,53141,0
1,2,53298,0
1,3,53298,0
1,1,53455,0
1,2,53612,0
1,4,53612,0
1,3,53769,0
1,1,53927,0
1,2,53927,0
1,4,54084,0
1,3,54162,0
1,2,54241,0
1,1,54398,0
2,4,54398,54712
1,2,54712,0
1,1,54869,0
2,3,54869,55183
1,4,55183,0
1,1,55340,0
2,2,55340,55654
1,3,55654,0
1,1,55811,0
1,4,55811,0
1,1,55968,0
1,4,55968,0
1,2,56126,0
1,3,56126,0
1,2,56283,0
1,3,56283,0
1,3,56597,0
1,1,56754,0
1,4,56754,0
1,2,56911,0
1,3,57068,0
1,4,57068,0
1,1,57225,0
1,2,57382,0
1,3,57382,0
1,4,57539,0
1,1,57696,0
1,2,57696,0
1,3,57853,0
1,2,58010,0
1,4,58010,0
1,1,58167,0
1,3,58324,0
1,4,58324,0
1,3,58482,0
1,4,58482,0
1,1,58639,0
1,2,58639,0
1,1,58796,0
1,2,58796,0
1,3,58953,0
2,4,58953,59424
1,1,59424,0
2,2,59581,60209
1,3,59581,0
1,1,60209,0
1,3,60366,0
1,4,60366,0
1,2,60523,0
1,1,60680,0
1,3,60838,0
2,4,60838,61152
1,2,61152,0
1,1,61309,0
1,3,61309,0
2,2,61466,62408
1,4,61466,0
2,3,62408,62722
2,1,62722,63194
1,4,63194,0
1,3,63272,0
1,1,63351,0
1,2,63351,0
1,3,63508,0
1,4,63508,0
1,1,63822,0
1,2,63900,0
1,3,63979,0
2,4,63979,64293
1,1,64293,0
1,2,64293,0
1,4,64607,0
1,4,64764,0
1,1,64921,0
1,3,64921,0
2,2,65235,65550
1,3,65550,0
1,4,65550,0
1,1,65864,0
1,1,66021,0
2,3,66178,66492
1,4,66178,0
2,1,66492,66806
1,2,66806,0
1,4,66806,0
1,3,67120,0
1,3,67277,0
1,1,67434,0
2,4,67434,67749
2,2,67749,68063
1,1,68063,0
1,4,68063,0
1,2,68377,0
1,2,68534,0
1,1,68691,0
1,3,68691,0
2,1,69005,69319
1,4,69005,0
1,2,69319,0
1,3,69319,0
1,4,69633,0
1,4,69790,0
1,1,69948,0
2,2,69948,70262
2,3,70262,70576
2,1,70576,70890
1,4,70576,0
1,2,70890,0
1,2,71047,0
1,1,71204,0
2,4,71204,71518
1,3,71518,0
1,3,71675,0
2,1,71832,72146
1,4,71832,0
1,2,72146,0
1,2,72304,0
1,1,72461,0
2,3,72461,72775
1,4,72775,0
1,4,72932,0
1,1,73089,0
1,2,73089,0
1,4,73403,0
1,1,73560,0
1,2,73639,0
1,3,73717,0
1,4,73874,0
1,3,73953,0
2,1,74031,74345
1,2,74031,0
2,3,74345,74660
1,4,74345,0
1,2,74660,0
1,2,74817,0
1,1,74974,0
1,4,74974,0
2,1,75288,75602
1,2,75602,0
1,4,75602,0
1,3,75916,0
1,3,76073,0
1,2,76230,0
1,4,76230,0
2,2,76544,76859
1,1,76859,0
1,3,76859,0
1,4,77173,0
1,4,77330,0
1,2,77487,0
1,3,77487,0
2,1,77801,78115
1,3,78115,0
1,4,78115,0
1,2,78429,0
1,2,78586,0
1,1,78743,0
1,3,78743,0
1,2,78900,0
1,3,78979,0
1,1,79057,0
2,4,79057,79372
1,2,79372,0
1,3,79372,0
1,1,79529,0
1,3,79686,0
1,4,79686,0
1,2,79843,0
1,1,80000,0
1,4,80000,0
1,3,80157,0
1,1,80314,0
2,2,80314,80628
1,3,80628,0
1,4,80628,0
1,1,80785,0
1,2,80942,0
1,3,80942,0
1,4,81099,0
1,1,81256,0
1,2,81256,0
1,3,81413,0
2,1,81571,81885
1,4,81571,0
1,2,81885,0
1,4,81885,0
1,3,82042,0
1,1,82199,0
1,4,82199,0
1,2,82356,0
1,3,82513,0
1,4,82513,0
1,1,82670,0
1,2,82827,0
1,4,82827,0
1,3,82984,0
1,1,83141,0
1,4,83141,0
1,1,83455,0
1,4,83455,0
1,3,83612,0
1,2,83691,0
1,1,83769,0
1,2,83927,0
1,3,84005,0
2,1,84084,84398
1,4,84084,0
1,3,84398,0
1,4,84398,0
1,1,84712,0
1,1,84869,0
1,2,85026,0
1,4,85026,0
2,3,85340,85654
1,1,85654,0
1,2,85654,0
1,4,85968,0
1,4,86126,0
1,1,86283,0
1,2,86283,0
2,4,86597,86911
1,1,86911,0
1,3,86911,0
1,2,87225,0
1,2,87382,0
1,1,87539,0
1,3,87539,0
2,2,87853,88167
1,1,88167,0
1,4,88167,0
1,3,88482,0
1,3,88639,0
1,2,88796,0
1,4,88796,0
1,1,88953,0
1,2,89031,0
1,3,89110,0
2,4,89110,89424
1,2,89424,0
1,3,89424,0
1,1,89738,0
1,1,89895,0
1,3,90052,0
1,4,90052,0
1,1,90366,0
2,2,90366,90680
1,1,90680,0
1,4,90680,0
1,3,90995,0
1,3,91152,0
2,1,91309,91623
1,4,91309,0
2,2,91623,91937
1,4,91623,0
2,3,91937,92094
1,1,92094,0
1,2,92251,0
2,4,92251,92408
2,1,92408,92722
1,4,92722,0
2,2,92879,93194
1,3,92879,0
2,4,93194,93508
1,1,93508,0
1,3,93508,0
1,2,93665,0
1,3,93743,0
2,1,93822,94136
1,4,93822,0
2,3,94136,94450
1,4,94136,0
1,1,94450,0
1,2,94450,0
1,4,94764,0
1,4,94921,0
1,1,95078,0
1,3,95078,0
2,4,95393,95707
1,1,95707,0
2,2,95707,96021
1,3,96021,0
1,3,96178,0
2,1,96335,96649
1,4,96335,0
2,3,96649,96963
1,2,96963,0
1,4,96963,0
1,1,97277,0
1,1,97434,0
1,2,97591,0
1,3,97591,0
2,4,97906,98220
2,1,98220,98534
1,3,98220,0
1,2,98534,0
1,2,98691,0
1,1,98848,0
2,3,98848,99162
1,1,99162,0
1,4,99162,0
1,4,99319,0
1,2,99476,0
2,3,99476,99790
1,1,99790,0
1,1,99948,0
2,2,100105,100419
1,4,100105,0
1,3,100419,0
1,3,100576,0
2,1,100733,101047
1,4,100733,0
1,2,101047,0
1,2,101204,0
1,1,101361,0
2,4,101361,101675
1,2,101675,0
1,3,101675,0
1,1,101832,0
1,3,101989,0
1,4,101989,0
1,2,102146,0
1,1,102304,0
1,4,102304,0
1,2,102461,0
1,3,102461,0
1,4,102618,0
2,1,102775,103089
1,3,102775,0
1,2,103089,0
1,3,103246,0
1,4,103246,0
1,1,103403,0
1,3,103560,0
1,4,103560,0
1,3,103717,0
1,4,103717,0
1,1,103874,0
1,2,103874,0
1,1,104031,0
1,2,104031,0
2,3,104188,104502
2,2,104817,105131
2,1,105445,105759
2,4,106073,107016
1,1,107173,0
1,2,107251,0
1,3,107330,0
1,4,107330,0
2,1,107487,107958
1,2,107487,0
1,3,107958,0
1,4,107958,0
1,2,108115,0
1,3,108194,0
1,1,108272,0
1,4,108272,0
2,3,108429,108586
1,1,108743,0
1,2,108900,0
1,4,108900,0
2,1,109057,109215
1,4,109372,0
1,2,109529,0
1,3,109529,0
1,4,109686,0
2,2,109843,110000
1,3,110000,0
1,1,110157,0
2,4,110157,110314
1,2,110314,0
1,3,110471,0
1,1,110628,0
1,2,110707,0
1,3,110785,0
1,4,110785,0
2,1,110942,111099
1,3,111256,0
1,1,111413,0
2,2,111413,111728
1,4,111571,0
1,1,111885,0
2,2,112042,112199
1,3,112042,0
1,1,112199,0
2,4,112356,112513
1,3,112513,0
2,1,112670,112984
1,2,112670,0
1,3,112984,0
1,4,112984,0
1,2,113141,0
1,3,113220,0
1,1,113298,0
1,4,113298,0
2,2,113455,113612
1,3,113769,0
1,1,113927,0
1,4,113927,0
2,3,114084,114241
1,2,114398,0
1,1,114555,0
1,4,114555,0
1,2,114712,0
2,3,114869,115026
1,4,115026,0
1,1,115183,0
2,2,115183,115340
1,4,115340,0
1,1,115497,0
1,3,115497,0
1,4,115654,0
1,3,115733,0
1,2,115811,0
2,1,115968,116126
1,3,115968,0
1,2,116283,0
1,3,116440,0
2,4,116440,116754
1,2,116754,0
1,1,116911,0
1,3,116911,0
1,3,117225,0
1,2,117304,0
1,1,117382,0
2,4,117382,118010
1,3,117539,0
1,1,117696,0
1,2,117853,0
1,1,118010,0
1,3,118010,0
2,3,118324,118482
1,2,118482,0
1,4,118639,0
1,1,118796,0
2,2,118953,119110
1,4,118953,0
1,3,119110,0
1,4,119424,0
2,1,119581,119738
1,2,119738,0
1,3,119895,0
1,3,120052,0
2,4,120209,120366
1,2,120523,0
2,1,120838,120995
1,3,120995,0
1,2,121152,0
1,4,121152,0
1,3,121309,0
1,1,121466,0
2,4,121466,121623
1,2,121623,0
1,1,121937,0
1,4,122094,0
1,3,122173,0
1,1,122251,0
1,2,122330,0
1,3,122408,0
1,3,122644,0
1,3,122879,0
2,1,123351,123508
1,4,123508,0
1,2,123665,0
1,3,123665,0
1,1,123822,0
1,3,123979,0
2,4,123979,124136
1,2,124136,0
1,1,124450,0
2,3,124607,124764
1,4,124764,0
1,2,124921,0
1,2,125078,0
2,1,125235,125393
1,3,125550,0
1,4,125707,0
2,1,125864,126021
1,2,125864,0
1,3,126021,0
1,2,126178,0
1,1,126335,0
2,3,126492,126649
1,4,126492,0
1,2,126649,0
2,1,126806,127749
1,4,126806,0
1,4,127120,0
1,4,127434,0
2,4,127749,128063
1,1,128063,0
1,3,128063,0
1,2,128220,0
1,3,128377,0
1,4,128377,0
2,1,128534,128848
1,2,128848,0
1,3,129162,0
1,4,129162,0
1,2,129476,0
1,3,129633,0
1,4,129633,0
2,1,129790,130105
1,2,130105,0
1,3,130262,0
1,4,130262,0
1,1,130576,0
1,1,130733,0
1,2,130890,0
1,3,130890,0
2,4,131047,131361
1,1,131361,0
1,2,131675,0
1,3,131675,0
1,1,131989,0
1,2,132146,0
1,3,132146,0
1,4,132304,0
1,3,132461,0
1,1,132618,0
1,2,132775,0
1,3,132775,0
1,4,133089,0
1,4,133246,0
1,1,133403,0
1,3,133403,0
2,2,133560,133874
1,4,133874,0
1,1,134188,0
1,3,134188,0
1,4,134502,0
1,1,134660,0
1,3,134660,0
2,2,134817,135131
1,4,135131,0
1,1,135288,0
1,3,135288,0
1,3,135602,0
1,3,135759,0
2,1,135916,136230
1,4,135916,0
1,2,136230,0
2,3,136387,136701
1,1,136701,0
1,4,136701,0
1,3,137016,0
1,1,137173,0
1,4,137173,0
1,2,137330,0
1,1,137487,0
1,4,137487,0
1,3,137644,0
1,2,137801,0
1,4,137801,0
1,3,137958,0
2,1,138115,138429
1,2,138115,0
2,3,138429,138743
2,1,138743,139057
2,4,139057,139686
1,1,139372,0
1,2,139372,0
1,1,139686,0
1,2,139764,0
2,3,139843,140000
2,4,140000,140157
2,2,140157,140314
2,1,140314,140942
1,3,140628,0
1,4,140628,0
2,3,140942,141256
2,2,141256,141571
2,4,141571,141885
1,3,141885,0
1,1,142042,0
1,2,142042,0
1,4,142199,0
1,3,142356,0
1,2,142513,0
1,4,142670,0
1,1,142827,0
1,3,142984,0
1,1,143141,0
2,4,143141,143455
2,3,143455,143769
2,2,143769,144084
2,1,144084,144712
1,3,144398,0
1,4,144398,0
1,4,144712,0
1,3,144790,0
2,2,144869,145026
2,4,145026,145183
2,1,145183,145340
2,3,145340,145968
1,1,145654,0
1,2,145654,0
2,1,145968,146283
1,2,145968,0
1,3,146283,0
2,4,146283,146597
1,1,146597,0
2,2,146597,147225
1,3,146911,0
1,4,146911,0
1,3,147225,0
2,4,147225,148167
1,1,147539,0
1,2,147539,0
1,1,147853,0
1,2,147853,0
1,1,148167,0
1,2,148167,0
1,3,148482,0
1,2,148639,0
1,1,148796,0
1,3,148796,0
1,4,148953,0
1,2,149110,0
1,1,149267,0
1,4,149424,0
1,3,149581,0
1,2,149738,0
1,4,149895,0
1,1,150052,0
1,2,150052,0
1,1,150209,0
1,2,150209,0
1,3,150366,0
1,1,150523,0
1,2,150523,0
1,3,150680,0
1,4,150680,0
1,2,150838,0
1,1,150995,0
1,3,151152,0
1,2,151309,0
1,4,151309,0
1,1,151466,0
1,3,151623,0
1,2,151780,0
1,1,151937,0
1,3,152094,0
1,2,152251,0
1,4,152408,0
1,3,152487,0
1,1,152565,0
1,2,152565,0
1,4,152722,0
1,2,152879,0
1,3,153037,0
2,1,153194,153508
1,4,153194,0
1,2,153508,0
1,3,153665,0
1,1,153822,0
1,4,153822,0
1,2,153979,0
1,4,154136,0
1,3,154293,0
1,1,154450,0
1,4,154607,0
1,2,154764,0
1,1,154921,0
1,3,155078,0
1,4,155078,0
1,3,155235,0
1,4,155235,0
1,2,155393,0
1,3,155550,0
1,4,155550,0
1,1,155707,0
1,2,155707,0
1,3,155864,0
1,4,156021,0
1,2,156178,0
1,1,156335,0
1,4,156335,0
1,3,156492,0
1,2,156649,0
1,4,156806,0
1,1,156963,0
1,3,157120,0
1,4,157277,0
1,1,157434,0
1,2,157513,0
1,3,157591,0
1,4,157591,0
1,1,157749,0
1,3,157906,0
1,2,158063,0
1,1,158220,0
2,4,158220,158534
1,3,158534,0
1,2,158691,0
1,1,158848,0
1,4,158848,0
1,3,159005,0
1,1,159162,0
1,2,159319,0
1,3,159476,0
1,4,159633,0
1,1,159790,0
1,2,159948,0
1,3,160105,0
1,4,160105,0
1,3,160262,0
1,4,160262,0
1,1,160419,0
1,3,160576,0
1,4,160576,0
1,1,160733,0
1,2,160733,0
1,4,160890,0
1,2,161047,0
1,3,161204,0
1,1,161361,0
1,4,161361,0
1,2,161518,0
1,4,161675,0
1,3,161832,0
1,1,161989,0
1,2,162304,0
1,4,162304,0
1,3,162461,0
1,1,162618,0
1,4,162618,0
1,2,162775,0
1,1,162932,0
1,3,162932,0
1,4,163089,0
1,3,163167,0
1,1,163246,0
2,2,163246,163874
2,1,163874,164502
1,3,163874,0
1,3,164502,0
2,4,164502,165759
1,1,165759,0
2,3,165759,167644
1,4,167801,0
1,1,167958,0
1,2,167958,0
1,3,168115,0
1,1,168272,0
1,4,168272,0
1,1,168586,0
1,2,168743,0
1,4,168743,0
1,4,169057,0
1,1,169215,0
1,3,169215,0
1,2,169372,0
1,3,169450,0
1,4,169529,0
2,1,169686,170785
1,2,169686,0
2,4,170785,170942
2,3,170942,171099
2,2,171099,171256
2,3,171256,171413
2,1,171413,171571
2,2,171571,171728
2,3,171728,171885
2,4,171885,172042
2,1,172042,172199
2,2,172199,172356
2,3,172356,172513
2,2,172513,172670
2,4,172670,172827
2,3,172827,172984
2,2,172984,173141
2,1,173141,173298
2,3,173298,173455
2,1,173455,173612
2,3,173612,173769
2,2,173769,173927
2,4,173927,174084
2,3,174084,174241
2,1,174241,174398
2,2,174398,174555
2,4,174555,174712
2,3,174712,174869
2,1,174869,175026
1,4,175026,0
1,3,175105,0
1,1,175183,0
1,2,175183,0
1,3,175340,0
2,4,175340,175811
1,1,175811,0
2,2,175811,176126
1,3,176126,0
1,4,176126,0
1,1,176283,0
1,2,176440,0
1,4,176440,0
1,3,176597,0
1,1,176754,0
1,4,176754,0
1,2,176911,0
1,3,177068,0
2,4,177068,177382
1,1,177382,0
1,2,177382,0
1,3,177539,0
1,1,177696,0
1,4,177696,0
1,2,177853,0
1,1,178010,0
1,3,178010,0
1,4,178167,0
1,1,179581,0
1,4,179581,0
2,1,179895,180209
2,4,179895,180209
2,2,180209,180523
2,3,180209,180523
2,1,180523,180838
2,4,180523,180838
2,2,180838,181152
2,3,180838,181152
1,1,181152,0
1,4,181152,0
1,3,181466,0
1,3,181623,0
1,1,181780,0
1,4,181780,0
2,4,182094,182408
1,1,182408,0
1,3,182408,0
1,2,182722,0
1,2,182879,0
1,1,183037,0
1,3,183037,0
2,3,183351,183665
1,2,183665,0
1,4,183665,0
1,1,183979,0
1,1,184136,0
1,2,184293,0
1,3,184293,0
2,4,184607,184921
1,1,184921,0
1,2,184921,0
1,3,185235,0
1,3,185393,0
2,2,185550,185864
1,4,185550,0
2,1,185864,186178
1,4,185864,0
1,2,186178,0
1,3,186178,0
1,4,186335,0
1,1,186492,0
1,2,186492,0
1,3,186649,0
1,1,186806,0
1,4,186806,0
1,2,186963,0
2,3,187120,187434
1,4,187120,0
1,1,187434,0
1,2,187434,0
1,4,187591,0
1,2,187749,0
1,3,187749,0
1,1,187906,0
1,3,188063,0
1,4,188063,0
1,2,188220,0
2,1,188377,188691
1,3,188377,0
1,3,188691,0
1,4,188691,0
1,2,188848,0
1,1,189005,0
1,4,189005,0
1,3,189162,0
1,1,189319,0
2,2,189319,189633
1,3,189633,0
1,4,189633,0
1,1,189790,0
1,2,189948,0
1,4,189948,0
1,3,190105,0
1,1,190262,0
1,4,190262,0
1,2,190419,0
1,1,190576,0
1,3,190576,0
1,2,190733,0
1,3,190811,0
1,1,190890,0
2,4,190890,191204
1,1,191204,0
1,2,191204,0
1,4,191518,0
1,4,191675,0
1,1,191832,0
1,3,191832,0
2,2,192146,192461
1,3,192461,0
1,4,192461,0
1,1,192775,0
1,1,192932,0
1,3,193089,0
1,4,193089,0
2,1,193403,193717
1,2,193717,0
1,4,193717,0
1,3,194031,0
1,3,194188,0
1,1,194345,0
2,4,194345,194660
2,3,194660,194974
1,1,194974,0
1,4,194974,0
1,2,195288,0
1,2,195445,0
1,3,195602,0
2,4,195602,195916
2,1,195916,196230
1,2,195916,0
1,2,196230,0
1,3,196230,0
1,4,196544,0
1,4,196701,0
1,1,196859,0
1,2,196859,0
2,3,197173,197487
1,4,197173,0
1,1,197487,0
1,4,197487,0
1,2,197801,0
1,4,197958,0
1,3,198037,0
1,2,198115,0
1,1,198272,0
1,2,198351,0
1,3,198429,0
2,4,198429,198743
2,2,198743,198900
1,3,198900,0
1,1,199057,0
2,4,199057,199215
2,2,199215,199529
1,1,199529,0
2,3,199686,200000
1,4,199686,0
2,2,200000,200314
1,1,200314,0
1,4,200314,0
1,3,200471,0
1,2,200550,0
1,1,200628,0
2,4,200628,200942
1,1,200942,0
2,2,200942,201256
1,3,201256,0
1,4,201256,0
1,1,201571,0
1,1,201728,0
1,2,201885,0
1,4,201885,0
2,1,202199,202513
2,3,202513,202827
1,4,202513,0
1,2,202827,0
1,2,202984,0
1,1,203141,0
2,4,203141,203455
2,2,203455,203769
1,1,203769,0
1,3,203769,0
1,4,204084,0
1,4,204241,0
1,2,204398,0
1,3,204398,0
2,1,204712,205026
1,2,205026,0
2,4,205026,205340
1,3,205340,0
1,3,205497,0
2,2,205654,205968
1,4,205654,0
1,1,205968,0
1,4,205968,0
1,1,206126,0
2,2,206283,206597
1,3,206283,0
1,4,206597,0
1,4,206754,0
1,1,206911,0
2,3,206911,207225
1,2,207225,0
1,2,207382,0
1,1,207539,0
2,4,207539,207853
1,3,207853,0
1,3,208010,0
2,1,208167,208482
1,4,208167,0
1,2,208482,0
1,3,208482,0
1,4,208639,0
1,1,208796,0
1,2,208796,0
1,3,208953,0
1,1,209110,0
1,3,209267,0
1,4,209267,0
1,1,209424,0
1,2,209424,0
1,3,209581,0
2,4,209581,209895
1,1,209895,0
1,2,210052,0
1,4,210052,0
1,3,210209,0
1,2,210366,0
1,2,210523,0
1,3,210680,0
1,4,210680,0
1,1,210838,0
1,2,210916,0
1,3,210995,0
1,3,211152,0
1,1,211309,0
2,4,211309,211623
1,2,211623,0
1,2,211780,0
2,1,211937,212251
1,3,211937,0
1,4,212251,0
1,4,212408,0
2,2,212565,212879
1,3,212565,0
1,1,212879,0
1,1,213037,0
2,3,213194,213508
1,4,213194,0
1,1,213508,0
1,2,213508,0
1,4,213665,0
1,2,213822,0
1,3,213822,0
1,1,213979,0
1,3,214136,0
1,4,214136,0
1,1,214293,0
1,2,214293,0
1,3,214450,0
1,1,214607,0
2,4,214607,214921
1,2,214921,0
1,1,215078,0
1,3,215078,0
1,4,215235,0
1,1,215393,0
1,2,215393,0
1,1,215550,0
1,2,215550,0
1,3,215707,0
1,4,215707,0
1,3,215864,0
1,4,215864,0
2,1,216021,216335
2,3,216649,216963
2,4,217277,217591
2,1,217591,218220
2,2,217906,218220
1,3,218220,0
1,4,218377,0
1,3,218455,0
1,1,218534,0
1,2,218534,0
1,3,218691,0
1,2,218769,0
1,1,218848,0
1,4,218848,0
2,3,219005,219162
1,2,219162,0
1,1,219319,0
1,3,219476,0
1,4,219476,0
2,2,219633,219790
1,4,219948,0
1,1,220105,0
1,3,220105,0
1,4,220262,0
2,2,220419,220576
1,3,220576,0
1,1,220733,0
2,4,220733,220890
1,2,220890,0
1,3,221047,0
1,1,221204,0
1,2,221283,0
1,3,221361,0
1,4,221361,0
2,1,221518,221675
1,4,221675,0
1,2,221832,0
1,1,221989,0
2,3,221989,222304
1,4,222146,0
1,2,222461,0
1,1,222618,0
2,3,222618,222775
1,4,222775,0
2,1,222932,223089
1,2,223089,0
2,3,223246,223560
1,4,223246,0
1,1,223560,0
1,2,223560,0
1,4,223717,0
1,3,223796,0
1,1,223874,0
1,2,223874,0
2,3,224031,224188
1,4,224188,0
1,2,224345,0
1,1,224502,0
1,4,224502,0
2,2,224660,224817
1,3,224974,0
1,1,225131,0
1,4,225131,0
1,3,225288,0
2,2,225445,225602
1,1,225602,0
2,3,225759,225916
1,4,225759,0
1,2,225916,0
1,1,226073,0
1,4,226073,0
1,2,226230,0
1,3,226309,0
1,1,226387,0
1,4,226387,0
2,2,226544,226701
1,4,226859,0
1,1,227016,0
1,3,227016,0
1,2,227173,0
1,3,227251,0
1,4,227330,0
1,3,227487,0
1,2,227565,0
1,1,227644,0
1,2,227801,0
1,3,227879,0
2,4,227958,228272
1,1,228272,0
1,2,228272,0
1,4,228429,0
1,3,228508,0
2,1,228586,228743
1,2,228586,0
2,3,228743,228900
2,4,228900,229057
2,1,229057,229215
2,3,229215,229372
2,4,229372,229529
2,1,229529,229686
2,3,229686,229843
2,4,229843,230000
2,1,230000,230157
2,3,230157,230314
2,4,230314,230471
2,1,230471,230628
2,3,230628,230785
2,4,230785,230942
2,2,230942,231099
1,1,231099,0
2,3,231099,231256
2,4,231256,231413
2,2,231413,231571
2,3,231571,231728
2,4,231728,231885
2,2,231885,232042
2,3,232042,232199
2,4,232199,232356
2,2,232356,232513
2,3,232513,232670
2,4,232670,232827
1,1,232827,0
1,2,232906,0
1,3,232984,0
1,4,232984,0
1,2,233141,0
1,1,233298,0
1,4,233298,0
1,3,233455,0
2,1,233612,233927
1,2,233612,0
1,3,233927,0
1,4,233927,0
1,2,234084,0
1,1,234241,0
1,4,234241,0
1,3,234398,0
1,2,234555,0
1,4,234555,0
1,1,234712,0
1,3,234869,0
2,4,234869,235183
1,1,235183,0
1,2,235183,0
1,3,235340,0
1,1,235497,0
1,4,235497,0
1,2,235654,0
1,1,235811,0
1,3,235811,0
1,4,235968,0
1,1,236126,0
2,2,236126,236440
1,3,236440,0
1,4,236440,0
1,3,236597,0
1,4,236597,0
1,1,236754,0
1,2,236754,0
1,1,236911,0
1,2,236911,0
1,3,237068,0
1,4,237068,0
1,3,237225,0
1,4,237225,0
1,1,237382,0
1,2,237382,0
1,3,237539,0
2,1,237696,238010
1,4,237696,0
1,3,238010,0
1,2,238115,0
1,1,238220,0
1,4,238324,0
1,3,238429,0
1,2,238534,0
1,1,238639,0
1,4,238639,0
1,3,238796,0
1,4,238953,0
1,1,239110,0
1,2,239267,0
1,4,239267,0
1,1,239581,0
1,3,239738,0
1,4,239895,0
1,3,240052,0
1,1,240209,0
1,3,240366,0
1,1,240523,0
1,2,240523,0
1,2,240838,0
1,3,240995,0
1,4,240995,0
1,1,241152,0
1,3,241309,0
1,4,241309,0
1,2,241466,0
1,1,241623,0
1,3,241780,0
1,4,241780,0
1,1,242094,0
1,4,242251,0
1,2,242408,0
1,4,242565,0
1,1,242722,0
1,4,242879,0
1,1,243037,0
1,3,243037,0
1,2,243194,0
1,3,243351,0
1,4,243351,0
2,1,243508,250733
2,2,243508,250733
