1,1,276,0
1,2,459,0
1,3,642,0
1,4,825,0
1,2,1191,0
1,1,1191,0
1,3,1373,0
1,1,1556,0
1,4,1556,0
1,2,1739,0
1,3,1922,0
1,1,2105,0
1,2,2197,0
1,3,2288,0
1,1,2471,0
1,4,2471,0
1,2,2654,0
1,3,2837,0
1,4,2837,0
1,2,2928,0
1,1,3020,0
1,3,3203,0
1,4,3203,0
1,4,3386,0
1,2,3386,0
1,1,3569,0
1,2,3660,0
1,3,3751,0
1,1,3934,0
1,4,3934,0
1,2,4117,0
1,3,4300,0
1,2,4392,0
1,4,4483,0
1,1,4483,0
1,2,4666,0
1,3,4758,0
1,1,4849,0
1,4,4849,0
1,3,5032,0
1,2,5123,0
1,3,5215,0
1,4,5215,0
1,2,5398,0
1,3,5489,0
1,1,5581,0
1,4,5581,0
1,2,5672,0
1,3,5764,0
1,1,5947,0
1,2,5947,0
1,3,6130,0
1,1,6312,0
1,4,6312,0
1,3,6495,0
1,2,6495,0
1,4,6495,0
1,2,6678,0
1,3,6678,0
1,4,6678,0
1,1,6861,0
1,1,7044,0
1,3,7044,0
1,4,7044,0
1,2,7227,0
1,1,7410,0
1,4,7410,0
1,3,7593,0
1,2,7776,0
1,1,7776,0
1,3,7959,0
1,1,8142,0
1,4,8142,0
1,4,8325,0
1,2,8325,0
1,1,8508,0
1,3,8508,0
1,2,8690,0
1,4,8690,0
1,2,8873,0
1,3,8873,0
1,3,9056,0
1,1,9056,0
1,4,9239,0
1,1,9239,0
1,2,9331,0
1,3,9422,0
1,4,9514,0
1,2,9605,0
1,1,9605,0
1,2,9788,0
1,3,9788,0
1,4,9971,0
1,3,9971,0
1,1,9971,0
1,1,10154,0
1,4,10154,0
1,3,10154,0
1,2,10337,0
1,3,10428,0
1,4,10520,0
1,2,10611,0
1,4,10703,0
1,1,10703,0
1,3,10703,0
1,1,10886,0
1,4,10886,0
1,3,10886,0
1,1,11069,0
1,2,11160,0
1,3,11251,0
1,4,11343,0
1,1,11617,0
1,3,11617,0
1,4,11617,0
1,1,11983,0
1,3,11983,0
1,4,11983,0
1,1,12166,0
1,2,12166,0
1,3,12166,0
2,1,12898,13081
1,4,12898,0
1,2,12898,0
2,3,13081,13264
2,2,13264,13447
1,1,13264,0
2,3,13447,13630
2,4,13630,13812
1,2,13630,0
2,3,13812,13995
2,1,13995,14178
1,2,13995,0
2,4,14178,14361
2,2,14361,14544
1,3,14361,0
2,1,14544,14727
2,4,14727,14910
1,2,14727,0
2,3,14910,15093
2,2,15093,15276
1,1,15093,0
2,3,15276,15459
2,2,15459,15642
1,4,15459,0
2,1,15642,15825
2,3,15825,16008
1,2,15825,0
1,4,15825,0
2,1,16008,16190
2,3,16190,16373
1,4,16190,0
2,1,16373,16556
2,2,16556,16739
1,3,16556,0
2,4,16739,16922
2,2,16922,17105
1,3,16922,0
1,4,17105,0
1,3,17197,0
1,1,17288,0
1,2,17288,0
1,3,17380,0
1,1,17471,0
1,2,17562,0
2,3,17654,17837
1,4,17654,0
2,2,17837,18020
1,1,18020,0
1,3,18020,0
1,1,18203,0
1,4,18203,0
1,2,18203,0
1,1,18386,0
1,4,18386,0
1,2,18386,0
1,3,18569,0
1,2,18660,0
2,1,18751,18934
1,4,18751,0
1,3,18751,0
2,4,18934,19117
2,2,19117,19300
1,1,19117,0
2,3,19300,19483
2,2,19483,19666
1,4,19483,0
2,1,19666,19849
2,3,19849,20032
1,2,19849,0
2,4,20032,20215
2,3,20215,20398
1,1,20215,0
2,2,20398,20581
2,4,20581,20764
1,1,20581,0
2,3,20764,20947
2,1,20947,21130
1,2,20947,0
2,3,21130,21312
2,1,21312,21495
1,4,21312,0
2,2,21495,21678
2,1,21678,21861
1,4,21678,0
2,3,21861,22044
2,1,22044,22227
1,4,22044,0
2,3,22227,22410
2,2,22410,22593
1,1,22410,0
2,4,22593,22776
2,2,22776,22959
1,1,22776,0
1,3,22959,0
1,4,23050,0
2,2,23142,23325
1,1,23142,0
2,3,23325,23508
2,1,23508,23690
1,2,23508,0
1,4,23508,0
2,3,23690,23873
1,1,23873,0
1,4,23873,0
1,2,23965,0
1,1,24056,0
1,3,24148,0
1,1,24239,0
1,4,24239,0
1,2,24331,0
1,4,24422,0
1,3,24514,0
1,2,24605,0
1,4,24605,0
1,1,24605,0
1,1,24971,0
1,2,24971,0
1,2,25337,0
1,1,25337,0
1,1,25703,0
1,2,25703,0
1,3,26069,0
1,4,26069,0
1,3,26434,0
1,4,26434,0
1,3,26800,0
1,4,26800,0
1,3,27166,0
1,4,27166,0
1,1,27532,0
1,2,27532,0
1,1,27898,0
1,2,27898,0
1,2,28264,0
1,1,28264,0
1,1,28630,0
1,2,28630,0
1,3,28995,0
1,4,28995,0
1,1,29178,0
1,2,29270,0
1,3,29361,0
1,4,29361,0
1,3,29544,0
1,2,29727,0
1,4,29727,0
1,2,29910,0
1,1,30093,0
1,3,30093,0
1,1,30276,0
1,2,30459,0
1,4,30459,0
1,4,30642,0
1,2,30825,0
1,1,30825,0
1,4,31008,0
1,3,31190,0
1,1,31190,0
1,3,31373,0
1,2,31556,0
1,1,31556,0
1,3,31739,0
1,4,31922,0
1,2,31922,0
1,2,32105,0
1,3,32288,0
1,4,32288,0
1,1,32471,0
1,4,32654,0
1,1,32654,0
1,3,32837,0
1,1,33020,0
1,4,33020,0
1,2,33203,0
1,4,33386,0
1,1,33386,0
1,4,33569,0
1,2,33751,0
1,1,33751,0
1,4,33934,0
1,1,34117,0
1,3,34117,0
1,3,34300,0
1,2,34483,0
1,1,34483,0
1,3,34666,0
1,4,34849,0
1,2,34849,0
1,2,35032,0
1,4,35215,0
1,3,35215,0
1,2,35398,0
1,1,35581,0
1,3,35581,0
1,4,35581,0
1,1,35947,0
1,3,35947,0
1,4,35947,0
1,3,36130,0
1,2,36130,0
1,4,36312,0
1,2,36312,0
1,1,36312,0
1,3,36495,0
1,4,36495,0
1,2,36678,0
1,1,36678,0
1,4,36861,0
1,3,36861,0
1,2,37044,0
1,3,37044,0
1,4,37227,0
1,1,37227,0
1,1,37410,0
1,4,37410,0
1,3,37593,0
1,2,37593,0
1,2,37776,0
1,4,37776,0
1,1,37959,0
1,3,37959,0
1,2,38142,0
1,4,38142,0
1,1,38325,0
1,3,38325,0
1,2,38508,0
1,3,38508,0
1,4,38690,0
1,1,38690,0
1,1,38873,0
1,4,38873,0
1,3,39056,0
1,2,39148,0
1,1,39239,0
1,4,39239,0
1,3,39239,0
1,1,39422,0
1,3,39422,0
1,2,39605,0
1,4,39605,0
1,2,39788,0
1,4,39788,0
1,3,39971,0
1,1,39971,0
1,1,40154,0
1,3,40154,0
1,2,40337,0
1,4,40337,0
1,2,40520,0
1,4,40520,0
1,1,40703,0
1,3,40703,0
1,2,40886,0
1,4,40886,0
1,3,41069,0
1,1,41069,0
1,2,41251,0
1,4,41251,0
1,4,41434,0
1,3,41434,0
1,2,41617,0
1,1,41617,0
1,1,41800,0
1,2,41800,0
1,4,41892,0
1,3,41983,0
1,2,42075,0
1,3,42166,0
1,4,42166,0
1,1,42166,0
1,1,42349,0
1,2,42349,0
1,4,42532,0
1,3,42532,0
1,1,42715,0
1,2,42715,0
1,2,42898,0
1,3,42898,0
1,1,43081,0
1,4,43081,0
1,4,43264,0
1,1,43264,0
1,2,43447,0
1,3,43447,0
1,4,43630,0
1,2,43630,0
1,1,43812,0
1,3,43812,0
1,2,43995,0
1,4,43995,0
1,1,44178,0
1,3,44178,0
1,2,44361,0
1,3,44361,0
1,4,44544,0
1,1,44544,0
1,4,44727,0
1,1,44727,0
1,2,44910,0
1,3,45001,0
1,2,45093,0
1,4,45093,0
1,2,45276,0
1,4,45276,0
1,1,45459,0
1,3,45459,0
1,1,45642,0
1,3,45642,0
1,4,45825,0
1,2,45825,0
1,2,46008,0
1,4,46008,0
1,1,46190,0
1,4,46190,0
1,1,46373,0
1,4,46373,0
1,3,46556,0
1,2,46556,0
1,1,46739,0
1,2,46922,0
1,3,46922,0
1,4,46922,0
1,3,47105,0
1,1,47288,0
1,2,47288,0
1,1,47471,0
1,2,47471,0
1,3,47654,0
1,4,47654,0
1,2,47745,0
1,1,47837,0
1,4,47928,0
1,1,48020,0
1,3,48020,0
1,2,48020,0
1,4,48294,0
1,2,48294,0
1,3,48294,0
1,2,48569,0
1,3,48569,0
1,1,48569,0
1,4,48660,0
1,2,48751,0
1,1,48751,0
1,3,48843,0
1,4,48934,0
1,4,49117,0
1,3,49209,0
1,1,49300,0
1,2,49300,0
1,3,49392,0
1,1,49483,0
1,2,49483,0
1,4,49483,0
1,1,49758,0
1,4,49758,0
1,3,49758,0
1,1,50032,0
1,4,50032,0
1,2,50032,0
1,2,50215,0
1,3,50215,0
1,4,50398,0
1,3,50398,0
1,2,50489,0
1,4,50581,0
1,1,50581,0
1,3,50672,0
1,2,50764,0
1,1,50855,0
1,3,50947,0
1,4,50947,0
1,2,50947,0
1,2,51221,0
1,3,51221,0
1,1,51221,0
1,2,51495,0
1,3,51495,0
1,4,51495,0
1,1,51678,0
1,2,51678,0
1,3,51770,0
1,4,51861,0
1,4,52044,0
1,1,52044,0
1,3,52136,0
1,1,52227,0
1,2,52227,0
1,4,52410,0
1,1,52410,0
1,3,52593,0
1,2,52593,0
1,1,52776,0
1,4,52776,0
1,3,52959,0
1,4,52959,0
1,2,53050,0
1,1,53142,0
1,4,53142,0
1,2,53325,0
1,1,53325,0
1,3,53416,0
1,1,53508,0
1,4,53508,0
1,2,53690,0
1,3,53690,0
1,1,53873,0
1,3,53873,0
1,4,53873,0
1,1,54239,0
1,3,54239,0
1,4,54239,0
1,1,54605,0
1,3,54605,0
1,4,54605,0
1,1,54788,0
1,2,54788,0
1,4,54788,0
1,3,54971,0
1,2,55062,0
2,1,55154,55520
2,4,55154,55520
1,3,55520,0
1,2,55520,0
1,1,55703,0
1,2,55703,0
1,4,55703,0
1,1,55886,0
1,3,55886,0
1,4,55886,0
1,2,56069,0
1,1,56069,0
1,4,56069,0
1,1,56434,0
1,2,56526,0
1,3,56617,0
1,4,56709,0
1,3,56800,0
2,1,56800,57075
2,2,56800,57075
1,1,57166,0
1,3,57166,0
1,4,57166,0
1,2,57349,0
1,1,57532,0
1,4,57532,0
1,3,57715,0
1,2,57806,0
1,1,57898,0
1,4,57898,0
1,2,58081,0
1,3,58081,0
1,1,58264,0
1,4,58264,0
1,2,58447,0
1,4,58447,0
1,1,58630,0
1,3,58630,0
1,3,58812,0
1,4,58812,0
1,1,58995,0
1,2,58995,0
1,3,59178,0
1,4,59270,0
1,1,59361,0
1,2,59361,0
1,2,59544,0
1,3,59544,0
1,1,59727,0
1,3,59727,0
1,4,59727,0
1,3,59910,0
1,2,60001,0
1,1,60093,0
1,4,60093,0
1,2,60276,0
1,3,60367,0
1,1,60459,0
1,4,60459,0
1,2,60642,0
1,1,60733,0
1,3,60825,0
1,4,60825,0
1,2,61008,0
1,3,61099,0
1,4,61190,0
1,1,61190,0
1,2,61282,0
1,4,61373,0
1,3,61465,0
1,1,61556,0
1,2,61556,0
1,3,61739,0
1,2,61739,0
1,4,61922,0
1,3,61922,0
1,1,62105,0
1,4,62105,0
1,2,62105,0
1,1,62288,0
1,4,62288,0
1,2,62288,0
1,3,62471,0
1,2,62562,0
2,1,62654,62928
2,4,62654,62928
1,3,62654,0
1,1,63020,0
1,2,63020,0
1,4,63020,0
1,3,63203,0
1,1,63386,0
1,2,63386,0
1,4,63569,0
1,3,63569,0
1,1,63751,0
1,2,63751,0
1,3,63934,0
1,2,64026,0
1,1,64117,0
1,4,64117,0
1,3,64209,0
1,2,64300,0
1,4,64483,0
1,1,64483,0
1,2,64666,0
1,3,64666,0
1,1,64849,0
1,2,64849,0
1,3,64940,0
1,4,65032,0
1,1,65123,0
1,4,65215,0
1,2,65215,0
1,2,65398,0
1,4,65398,0
1,1,65581,0
1,3,65581,0
1,2,65764,0
1,4,65947,0
1,3,65947,0
1,2,66038,0
1,1,66130,0
1,4,66221,0
1,3,66312,0
1,1,66312,0
1,2,66495,0
1,3,66495,0
1,1,66678,0
1,4,66678,0
1,2,66678,0
1,1,66861,0
1,4,66861,0
1,2,66953,0
1,3,67044,0
1,1,67136,0
1,2,67227,0
1,4,67319,0
1,3,67410,0
1,2,67410,0
1,1,67410,0
2,1,67593,67776
2,2,67776,67959
1,4,67776,0
2,3,67959,68142
1,1,68142,0
1,4,68142,0
1,2,68233,0
1,3,68325,0
1,4,68416,0
1,1,68508,0
1,2,68508,0
1,3,68508,0
1,4,68599,0
1,2,68690,0
1,4,68782,0
1,3,68873,0
1,2,68873,0
1,1,68965,0
1,3,69056,0
1,1,69148,0
1,4,69239,0
1,3,69239,0
1,2,69331,0
1,4,69422,0
1,2,69514,0
1,1,69697,0
1,2,69788,0
1,3,69880,0
1,4,69971,0
1,1,69971,0
1,1,70154,0
1,3,70154,0
1,4,70337,0
1,2,70337,0
1,3,70520,0
1,2,70520,0
1,4,70703,0
1,1,70703,0
1,3,70886,0
1,1,71069,0
1,2,71069,0
1,3,71251,0
1,2,71251,0
1,1,71434,0
1,3,71434,0
1,4,71434,0
1,2,71617,0
1,4,71617,0
1,1,71800,0
1,3,71800,0
1,2,71983,0
1,1,71983,0
1,3,72075,0
1,4,72166,0
1,3,72349,0
1,1,72349,0
1,2,72532,0
1,4,72532,0
1,4,72715,0
1,2,72715,0
1,1,72898,0
1,3,72898,0
1,2,73081,0
1,3,73081,0
1,4,73264,0
1,2,73264,0
2,2,73447,73630
1,3,73447,0
2,1,73630,73812
1,4,73630,0
2,3,73812,73995
1,2,73812,0
2,4,73995,74178
1,1,73995,0
1,2,74178,0
1,3,74270,0
2,1,74361,74636
2,4,74361,74636
1,2,74361,0
1,1,74727,0
1,4,74727,0
1,3,74727,0
1,2,74910,0
1,1,75093,0
1,3,75093,0
1,2,75276,0
1,3,75276,0
1,4,75367,0
1,1,75459,0
1,2,75459,0
1,3,75642,0
1,2,75733,0
1,1,75825,0
1,4,75825,0
1,3,75916,0
1,1,76008,0
1,2,76099,0
1,3,76190,0
1,4,76190,0
1,2,76373,0
1,3,76373,0
1,1,76556,0
1,4,76556,0
1,3,76648,0
1,2,76739,0
1,4,76831,0
1,1,76922,0
1,3,76922,0
1,1,77105,0
1,3,77105,0
1,2,77288,0
1,4,77288,0
1,3,77471,0
1,1,77654,0
1,4,77654,0
1,2,77745,0
1,3,77837,0
1,1,77928,0
1,2,78020,0
1,4,78020,0
1,1,78203,0
1,3,78203,0
1,3,78386,0
1,2,78386,0
1,1,78569,0
1,4,78569,0
1,3,78660,0
1,2,78751,0
1,1,78843,0
1,3,78934,0
1,2,79026,0
1,1,79117,0
1,4,79117,0
1,3,79117,0
1,2,79300,0
1,1,79483,0
1,3,79483,0
1,4,79483,0
1,4,79666,0
1,1,79666,0
1,2,79666,0
1,3,79849,0
1,4,79849,0
1,1,79849,0
1,2,80215,0
1,4,80215,0
1,3,80215,0
1,2,80398,0
1,3,80398,0
1,4,80398,0
1,3,80581,0
1,4,80672,0
1,2,80764,0
1,1,80855,0
1,3,80947,0
1,4,80947,0
1,2,80947,0
1,2,81130,0
1,3,81130,0
1,4,81130,0
1,1,81312,0
1,2,81404,0
1,3,81495,0
1,4,81587,0
1,1,81861,0
1,2,81861,0
1,3,81861,0
1,4,82044,0
1,1,82227,0
1,2,82227,0
1,3,82227,0
1,1,82410,0
1,2,82410,0
1,4,82410,0
1,2,83142,0
1,4,83142,0
2,1,83142,83325
2,3,83325,83508
1,1,83508,0
2,2,83508,83690
2,3,83690,83873
1,2,83873,0
2,4,83873,84056
2,3,84056,84239
1,2,84239,0
2,1,84239,84422
2,4,84422,84605
1,3,84605,0
2,2,84605,84788
2,1,84788,84971
1,2,84971,0
2,4,84971,85154
2,3,85154,85337
1,1,85337,0
2,2,85337,85520
2,3,85520,85703
1,4,85703,0
2,2,85703,85886
2,1,85886,86069
1,4,86069,0
1,2,86069,0
2,3,86069,86251
2,1,86251,86434
1,4,86434,0
2,3,86434,86617
2,1,86617,86800
1,3,86800,0
2,2,86800,86983
2,4,86983,87166
1,3,87166,0
2,2,87166,87349
1,4,87349,0
1,1,87349,0
1,3,87440,0
1,2,87532,0
1,1,87532,0
1,3,87623,0
1,1,87715,0
1,2,87806,0
1,4,87898,0
1,1,87898,0
1,3,87898,0
1,2,88081,0
1,4,88142,0
1,3,88203,0
1,2,88264,0
1,1,88264,0
1,3,88386,0
1,4,88386,0
1,2,88508,0
1,1,88630,0
2,4,88630,88995
1,1,88873,0
1,2,88995,0
1,3,88995,0
2,3,89224,89407
2,1,89407,89590
2,2,89590,89773
2,4,89773,89956
2,3,89956,90139
2,1,90139,90322
1,2,90322,0
1,3,90413,0
2,1,90505,90687
2,4,90505,90687
2,1,90779,90962
2,3,90779,90962
2,1,91053,91236
2,2,91053,91236
2,3,91236,91419
2,4,91236,91419
2,3,91511,91694
2,2,91511,91694
2,1,91785,91968
2,2,91785,91968
2,3,92151,92334
2,2,92334,92517
2,4,92517,92700
2,2,92700,92883
2,3,92883,93065
2,1,93065,93248
1,2,93248,0
1,3,93340,0
2,1,93431,93614
2,4,93431,93614
2,4,93706,93889
2,2,93706,93889
2,4,93980,94163
2,3,93980,94163
2,1,94163,94346
2,2,94163,94346
2,2,94437,94620
2,3,94437,94620
2,3,94712,94895
2,4,94712,94895
1,3,95078,0
1,2,95169,0
2,4,95261,95444
2,3,95444,95626
2,2,95626,95809
2,1,95809,95992
2,4,95992,96175
1,1,96175,0
1,2,96267,0
2,3,96358,96541
2,4,96358,96541
2,2,96633,96815
2,3,96633,96815
2,1,96907,97090
2,2,96907,97090
2,3,97090,97273
2,4,97090,97273
2,2,97364,97547
2,4,97364,97547
2,1,97639,97776
2,4,97639,97776
1,3,97776,0
1,2,97867,0
1,1,97959,0
1,4,98050,0
1,3,98142,0
1,3,98325,0
1,2,98508,0
1,2,98690,0
1,1,98873,0
1,1,99056,0
1,3,99239,0
1,4,99239,0
1,2,99239,0
1,2,99422,0
1,1,99422,0
1,3,99422,0
1,4,99605,0
1,1,99788,0
1,4,99971,0
1,3,99971,0
1,2,99971,0
1,3,100154,0
1,1,100154,0
1,2,100154,0
1,4,100337,0
1,3,100337,0
1,2,100428,0
1,3,100520,0
1,2,100611,0
1,1,100703,0
1,4,100703,0
1,3,100703,0
1,2,100886,0
1,1,100886,0
1,3,101069,0
1,4,101069,0
1,1,101251,0
1,2,101251,0
1,3,101434,0
1,2,101434,0
1,1,101617,0
1,4,101617,0
1,4,101800,0
1,1,101800,0
1,2,101983,0
1,3,101983,0
1,3,102166,0
1,1,102166,0
1,4,102349,0
1,2,102349,0
1,3,102532,0
1,1,102532,0
1,4,102715,0
1,2,102715,0
1,3,102898,0
1,2,102898,0
1,1,103081,0
1,4,103081,0
1,4,103264,0
1,1,103264,0
1,2,103447,0
1,3,103538,0
1,4,103630,0
1,1,103630,0
1,2,103630,0
1,4,103812,0
1,2,103812,0
1,3,103995,0
1,1,103995,0
1,3,104178,0
1,1,104178,0
1,2,104361,0
1,4,104361,0
1,4,104544,0
1,2,104544,0
1,3,104727,0
1,1,104727,0
1,3,104910,0
1,1,104910,0
1,4,105093,0
1,2,105093,0
1,3,105276,0
1,1,105276,0
1,2,105459,0
1,4,105459,0
1,3,105642,0
1,1,105642,0
1,4,105825,0
1,3,105825,0
1,2,106008,0
1,1,106008,0
1,4,106190,0
1,3,106190,0
1,2,106282,0
1,4,106373,0
1,3,106465,0
1,1,106556,0
1,2,106556,0
1,4,106556,0
1,4,106739,0
1,3,106739,0
1,1,106922,0
1,2,106922,0
1,4,107105,0
1,3,107105,0
1,3,107288,0
1,2,107288,0
1,4,107471,0
1,1,107471,0
1,1,107654,0
1,4,107654,0
1,3,107837,0
1,2,107837,0
1,1,108020,0
1,3,108020,0
1,4,108203,0
1,2,108203,0
1,3,108386,0
1,1,108386,0
1,4,108569,0
1,2,108569,0
1,3,108751,0
1,2,108751,0
1,1,108934,0
1,4,108934,0
1,1,109117,0
1,4,109117,0
1,3,109300,0
1,2,109392,0
1,3,109483,0
1,1,109483,0
1,3,109666,0
1,1,109666,0
1,4,109849,0
1,2,109849,0
1,4,110032,0
1,2,110032,0
1,1,110215,0
1,3,110215,0
1,3,110398,0
1,1,110398,0
1,4,110581,0
1,1,110581,0
1,4,110764,0
1,1,110764,0
1,2,110947,0
1,3,110947,0
1,1,111038,0
1,4,111038,0
1,4,111221,0
1,1,111221,0
1,3,111312,0
1,2,111312,0
1,2,111495,0
1,1,111495,0
1,3,111587,0
1,4,111678,0
1,1,111678,0
1,2,111861,0
1,1,112044,0
1,3,112044,0
1,4,112136,0
1,2,112227,0
1,3,112319,0
1,4,112410,0
1,2,112410,0
1,1,112410,0
1,1,112684,0
1,3,112684,0
1,2,112684,0
1,3,112959,0
1,2,112959,0
1,4,112959,0
1,1,113050,0
1,3,113142,0
1,4,113142,0
1,2,113233,0
1,1,113325,0
1,1,113508,0
1,2,113599,0
1,4,113690,0
1,3,113690,0
1,2,113782,0
1,4,113873,0
1,3,113873,0
1,1,113873,0
1,1,114148,0
1,2,114148,0
1,3,114148,0
1,4,114422,0
1,3,114422,0
1,2,114422,0
1,1,114605,0
1,4,114605,0
1,1,114788,0
1,2,114788,0
1,3,114880,0
1,1,114971,0
1,4,114971,0
1,2,115062,0
1,3,115154,0
1,4,115245,0
1,2,115337,0
1,1,115337,0
1,3,115337,0
1,3,115611,0
1,2,115611,0
1,4,115611,0
1,3,115886,0
1,2,115886,0
1,1,115886,0
1,4,116069,0
1,3,116069,0
1,2,116160,0
1,1,116251,0
1,1,116434,0
1,4,116434,0
1,2,116526,0
1,4,116617,0
1,3,116617,0
1,4,116800,0
1,1,116800,0
1,3,116983,0
1,2,116983,0
1,1,117166,0
1,4,117166,0
1,3,117349,0
1,4,117349,0
1,2,117440,0
1,1,117532,0
1,4,117532,0
1,2,117715,0
1,1,117715,0
1,3,117806,0
1,1,117898,0
1,4,117898,0
1,2,118081,0
1,3,118081,0
1,1,118264,0
1,3,118264,0
1,4,118264,0
1,3,118538,0
1,2,118538,0
1,4,118538,0
1,1,118812,0
1,3,118812,0
1,2,118812,0
1,4,118904,0
1,1,118995,0
1,2,118995,0
1,3,119087,0
1,4,119178,0
1,4,119361,0
1,3,119453,0
1,2,119544,0
1,1,119544,0
1,3,119636,0
1,4,119727,0
1,2,119727,0
1,1,119727,0
1,3,120001,0
1,4,120001,0
1,1,120001,0
1,2,120276,0
1,4,120276,0
1,1,120276,0
1,3,120459,0
1,2,120459,0
1,3,120642,0
1,4,120642,0
1,2,120733,0
1,1,120825,0
1,4,120825,0
1,3,120916,0
1,2,121008,0
1,1,121099,0
1,2,121190,0
1,4,121190,0
1,3,121190,0
1,1,121465,0
1,3,121465,0
1,2,121465,0
1,4,121739,0
1,3,121739,0
1,2,121739,0
1,2,121922,0
1,1,121922,0
1,3,122014,0
1,4,122105,0
1,1,122288,0
1,4,122288,0
1,3,122380,0
1,2,122471,0
1,1,122471,0
1,1,122654,0
1,4,122654,0
1,2,122837,0
1,3,122837,0
1,4,123020,0
1,1,123020,0
1,4,123203,0
1,3,123203,0
1,2,123294,0
1,4,123386,0
1,1,123386,0
1,1,123569,0
1,2,123569,0
1,3,123660,0
1,4,123751,0
1,1,123751,0
1,3,123934,0
1,2,123934,0
1,4,124117,0
1,3,124117,0
1,1,124117,0
1,4,124483,0
1,3,124483,0
1,1,124483,0
1,4,124849,0
1,3,124849,0
1,1,124849,0
1,4,125032,0
1,2,125032,0
1,1,125032,0
1,3,125215,0
1,2,125306,0
2,4,125398,125764
2,1,125398,125764
1,2,125764,0
1,3,125764,0
1,4,125947,0
1,2,125947,0
1,1,125947,0
1,4,126130,0
1,3,126130,0
1,1,126130,0
1,4,126312,0
1,1,126312,0
1,2,126312,0
1,1,127044,0
1,4,127044,0
1,3,127227,0
1,2,127410,0
1,4,127593,0
1,1,127776,0
1,3,127959,0
1,2,128142,0
1,4,128325,0
1,3,128416,0
1,1,128508,0
1,2,128690,0
1,2,128873,0
1,3,129056,0
1,3,129239,0
1,4,129422,0
1,1,129605,0
1,2,129666,0
1,3,129727,0
1,4,129788,0
1,1,129849,0
1,2,129910,0
1,3,129971,0
1,4,130154,0
1,1,130337,0
1,3,130520,0
1,1,130703,0
1,4,130703,0
1,2,130886,0
1,3,131069,0
1,1,131069,0
1,4,131251,0
1,1,131343,0
1,3,131434,0
1,4,131434,0
1,2,131617,0
1,1,131800,0
1,4,131800,0
1,3,131983,0
1,2,131983,0
1,1,132166,0
1,4,132166,0
1,4,132349,0
1,3,132349,0
1,1,132532,0
1,2,132532,0
1,4,132715,0
1,3,132776,0
1,2,132837,0
1,1,132898,0
1,4,132898,0
1,1,133081,0
1,2,133264,0
1,2,133447,0
1,1,133630,0
1,3,133630,0
1,4,133630,0
1,3,133812,0
1,4,133995,0
1,4,134178,0
1,1,134361,0
1,2,134361,0
1,3,134361,0
1,1,134544,0
1,3,134727,0
1,3,134910,0
1,2,135093,0
1,1,135093,0
1,4,135093,0
1,2,135276,0
1,4,135459,0
1,4,135642,0
1,1,135825,0
1,3,135825,0
1,4,135916,0
1,1,136008,0
1,2,136099,0
1,3,136190,0
1,4,136190,0
1,1,136282,0
1,2,136373,0
1,3,136465,0
1,1,136556,0
1,4,136556,0
1,3,136648,0
1,2,136739,0
1,1,136831,0
1,4,136922,0
1,3,136922,0
1,2,137014,0
1,1,137105,0
1,4,137197,0
1,2,137288,0
1,3,137288,0
1,2,137471,0
1,1,137471,0
1,2,137654,0
1,3,137654,0
1,1,137837,0
1,4,137837,0
1,3,137837,0
2,1,138020,138203
2,4,138020,138203
2,2,138020,138203
1,1,138386,0
1,2,138386,0
1,4,138386,0
1,1,138751,0
1,2,138843,0
1,3,138934,0
1,4,139026,0
1,1,139117,0
1,3,139117,0
1,2,139117,0
1,2,139300,0
1,1,139483,0
1,4,139483,0
1,3,139666,0
1,2,139758,0
1,1,139849,0
1,4,139849,0
1,2,140032,0
1,3,140032,0
1,1,140215,0
1,4,140215,0
1,2,140398,0
1,4,140398,0
1,1,140581,0
1,3,140581,0
1,3,140764,0
1,4,140764,0
1,1,140947,0
1,2,140947,0
1,3,141130,0
1,4,141221,0
1,1,141312,0
1,2,141312,0
1,2,141495,0
1,3,141495,0
1,1,141678,0
1,3,141678,0
1,4,141678,0
1,3,141861,0
1,2,141953,0
1,1,142044,0
1,4,142044,0
1,2,142227,0
1,3,142319,0
1,1,142410,0
1,4,142410,0
1,2,142593,0
1,1,142684,0
1,3,142776,0
1,4,142776,0
1,2,142959,0
1,3,143050,0
1,4,143142,0
1,1,143142,0
1,2,143233,0
1,4,143325,0
1,3,143325,0
1,1,143508,0
1,2,143508,0
1,3,143690,0
1,2,143690,0
1,4,143873,0
1,3,143873,0
1,1,144056,0
1,4,144056,0
1,2,144056,0
1,1,144239,0
1,4,144239,0
1,3,144239,0
1,2,144422,0
1,3,144514,0
2,1,144605,144880
2,4,144605,144880
1,2,144605,0
1,1,144971,0
1,4,144971,0
1,3,144971,0
1,2,145154,0
1,1,145154,0
1,3,145337,0
1,4,145337,0
1,3,145520,0
1,2,145520,0
1,1,145703,0
1,4,145703,0
1,3,145886,0
1,2,145977,0
1,1,146069,0
1,4,146069,0
1,3,146160,0
1,2,146251,0
1,4,146343,0
1,2,146434,0
1,1,146434,0
1,3,146617,0
1,1,146617,0
1,2,146800,0
1,4,146800,0
1,3,146892,0
1,4,146983,0
1,1,147075,0
1,4,147166,0
1,2,147166,0
1,1,147349,0
1,3,147349,0
1,3,147532,0
1,2,147532,0
1,1,147715,0
1,4,147898,0
1,3,147898,0
1,2,147989,0
1,1,148081,0
1,4,148172,0
1,3,148264,0
1,1,148264,0
1,2,148447,0
1,3,148447,0
1,1,148630,0
1,4,148630,0
1,2,148630,0
1,1,148812,0
1,4,148812,0
1,2,148904,0
1,3,148995,0
1,1,149087,0
1,2,149178,0
1,4,149270,0
1,3,149361,0
1,2,149361,0
1,1,149361,0
2,1,149544,149727
2,2,149727,149910
1,4,149727,0
2,3,149910,150093
1,1,150093,0
1,4,150093,0
1,2,150184,0
1,3,150276,0
1,4,150367,0
1,1,150459,0
1,2,150459,0
1,3,150459,0
1,4,150550,0
1,2,150642,0
1,4,150733,0
1,3,150825,0
1,2,150825,0
1,1,150916,0
1,3,151008,0
1,1,151099,0
1,4,151190,0
1,3,151190,0
1,2,151282,0
1,4,151373,0
1,2,151465,0
1,1,151648,0
1,2,151739,0
1,3,151831,0
1,4,151922,0
1,1,151922,0
1,1,152105,0
1,3,152105,0
1,4,152288,0
1,2,152288,0
1,3,152471,0
1,2,152471,0
1,4,152654,0
1,1,152654,0
1,3,152837,0
1,1,153020,0
1,2,153020,0
1,3,153203,0
1,2,153203,0
1,1,153386,0
1,3,153386,0
1,4,153386,0
1,2,153569,0
1,4,153569,0
1,1,153751,0
1,3,153751,0
1,2,153934,0
1,1,153934,0
1,3,154026,0
1,4,154117,0
1,3,154300,0
1,1,154300,0
1,2,154483,0
1,4,154483,0
1,4,154666,0
1,2,154666,0
1,1,154849,0
1,3,154849,0
1,2,155032,0
1,3,155032,0
1,4,155215,0
1,2,155215,0
2,2,155398,155581
1,3,155398,0
2,1,155581,155764
1,4,155581,0
2,3,155764,155947
1,2,155764,0
2,4,155947,156130
1,1,155947,0
1,2,156130,0
1,3,156221,0
2,1,156312,156587
2,4,156312,156587
1,2,156312,0
1,1,156678,0
1,4,156678,0
1,3,156678,0
1,2,156861,0
1,1,157044,0
1,3,157044,0
1,2,157227,0
1,3,157227,0
1,4,157319,0
1,1,157410,0
1,2,157410,0
1,3,157593,0
1,2,157684,0
1,1,157776,0
1,4,157776,0
1,3,157867,0
1,1,157959,0
1,2,158050,0
1,3,158142,0
1,4,158142,0
1,2,158325,0
1,3,158325,0
1,1,158508,0
1,4,158508,0
1,3,158599,0
1,2,158690,0
1,4,158782,0
1,1,158873,0
1,3,158873,0
1,1,159056,0
1,3,159056,0
1,2,159239,0
1,4,159239,0
1,3,159422,0
1,1,159605,0
1,4,159605,0
1,2,159697,0
1,3,159788,0
1,1,159880,0
1,2,159971,0
1,4,159971,0
1,1,160154,0
1,3,160154,0
1,3,160337,0
1,2,160337,0
1,1,160520,0
1,4,160520,0
1,3,160611,0
1,2,160703,0
1,1,160794,0
1,3,160886,0
1,2,160977,0
1,1,161069,0
1,4,161069,0
1,3,161069,0
1,2,161251,0
1,1,161434,0
1,3,161434,0
1,4,161434,0
1,4,161617,0
1,1,161617,0
1,2,161617,0
1,3,161800,0
1,4,161800,0
1,1,161800,0
1,2,162166,0
1,4,162166,0
1,3,162166,0
1,2,162349,0
1,3,162349,0
1,4,162349,0
1,1,162532,0
1,3,162623,0
1,2,162715,0
1,4,162806,0
1,3,162898,0
1,1,162898,0
1,2,162898,0
1,2,163081,0
1,3,163081,0
1,1,163081,0
1,1,163264,0
1,2,163355,0
1,3,163447,0
1,4,163538,0
1,1,163812,0
1,2,163812,0
1,3,163812,0
1,4,163995,0
1,1,164178,0
1,2,164178,0
1,3,164178,0
1,1,164361,0
1,2,164361,0
1,4,164361,0
1,1,164727,0
1,2,164819,0
1,3,164910,0
1,4,165001,0
2,2,165093,165276
2,3,165093,165276
2,1,165093,165276
2,2,165459,165642
2,3,165459,165642
2,4,165459,165642
2,2,165825,165916
2,3,165825,165916
2,1,165825,165916
2,3,166008,166099
2,2,166008,166099
2,4,166008,166099
1,1,166190,0
2,2,166373,166465
2,3,166373,166465
2,4,166373,166465
1,1,166556,0
2,2,166739,166831
2,3,166739,166831
2,4,166739,166831
2,2,166922,167014
2,3,166922,167014
2,1,166922,167014
2,2,167105,167197
2,3,167105,167197
2,4,167105,167197
2,2,167288,167471
2,3,167288,167471
2,1,167288,167471
1,4,167471,0
1,1,167654,0
1,3,167654,0
1,2,167837,0
2,3,168020,168203
2,4,168020,168203
2,1,168020,168203
2,2,168386,168569
2,4,168386,168569
2,1,168386,168569
2,3,168751,168843
2,2,168751,168843
2,4,168751,168843
2,3,168934,169026
2,2,168934,169026
2,1,168934,169026
1,4,169117,0
2,2,169300,169392
2,3,169300,169392
2,1,169300,169392
1,4,169483,0
2,3,169666,169758
2,2,169666,169758
2,1,169666,169758
2,3,169849,169940
2,4,169849,169940
2,2,169849,169940
2,1,170032,170123
2,3,170032,170123
2,2,170032,170123
2,4,170215,170398
2,2,170215,170398
2,3,170215,170398
1,1,170398,0
1,2,170581,0
1,4,170581,0
1,3,170764,0
1,2,170855,0
2,3,170947,171130
2,4,170947,171130
2,1,170947,171130
2,2,171312,171495
2,1,171312,171495
2,4,171312,171495
2,2,171678,171770
2,1,171678,171770
2,4,171678,171770
2,1,171861,171953
2,3,171861,171953
2,4,171861,171953
1,2,172044,0
2,3,172227,172319
2,1,172227,172319
2,4,172227,172319
1,2,172410,0
2,3,172593,172684
2,4,172593,172684
2,1,172593,172684
2,1,172776,172867
2,4,172776,172867
2,2,172776,172867
2,3,172959,173050
2,4,172959,173050
2,1,172959,173050
2,2,173142,173325
2,3,173142,173325
2,1,173142,173325
1,4,173325,0
1,3,173508,0
1,1,173508,0
1,2,173690,0
1,1,173873,0
1,4,173873,0
1,2,174056,0
1,3,174239,0
1,4,174239,0
1,2,174331,0
1,1,174422,0
1,4,174514,0
1,1,174605,0
1,3,174605,0
1,2,174788,0
1,3,174788,0
1,4,174971,0
1,1,174971,0
1,2,175154,0
1,3,175245,0
1,4,175337,0
1,1,175337,0
1,2,175428,0
1,3,175520,0
1,4,175611,0
1,1,175703,0
1,2,175703,0
1,4,175794,0
1,3,175886,0
1,2,175977,0
1,1,176069,0
1,4,176069,0
1,3,176160,0
1,2,176251,0
1,3,176343,0
1,1,176434,0
1,4,176434,0
1,2,176526,0
2,1,176617,176937
