2,4,595,1913
2,1,595,924
2,2,924,1254
2,3,1254,1584
2,1,1584,1913
2,2,1913,3232
2,3,1913,2243
2,1,2243,2573
1,4,2573,0
2,1,2902,3232
2,3,3232,4221
2,4,3232,3562
2,2,3562,3891
2,4,3891,4221
2,1,4221,4386
2,2,4386,4551
2,4,4551,4880
2,3,4551,5210
2,2,4880,5210
2,1,5210,5869
2,4,5210,5540
2,2,5540,5869
2,3,5869,6199
2,4,5869,7188
2,2,6199,6529
2,1,6529,6858
2,3,6858,7188
2,1,7188,7518
2,2,7188,7847
2,3,7518,7847
1,4,7847,0
2,1,8177,8424
1,2,8424,0
2,4,8507,9496
2,3,8507,8836
2,1,8836,9166
2,3,9166,9496
2,1,9496,10155
2,2,9496,10649
2,3,10155,10649
2,4,10814,11144
2,1,11144,11364
1,2,11144,0
2,3,11364,11474
2,2,11474,11584
2,4,11693,11803
2,1,11803,12023
2,3,12023,12133
2,2,12133,12353
2,4,12353,12792
1,3,12463,0
1,1,12463,0
1,2,12792,0
1,4,13122,0
2,1,13342,13452
2,3,13452,13671
2,2,13671,13781
2,4,13781,14001
1,1,13781,0
2,3,14001,14111
2,1,14111,14331
2,4,14331,14660
1,2,14441,0
2,1,14660,14770
2,2,14770,14990
2,3,14990,15430
1,1,15100,0
1,4,15100,0
1,2,15430,0
1,4,15759,0
2,1,16089,16254
2,2,16254,16419
2,3,16419,17078
1,4,16419,0
2,2,16748,17078
2,4,17078,17298
1,1,17078,0
2,2,17408,17627
2,3,17627,18067
1,4,17737,0
1,1,17737,0
2,1,18067,18397
2,4,18397,18726
1,2,18397,0
2,3,18726,18946
1,2,18946,0
1,4,19056,0
2,1,19056,19386
2,3,19386,19715
1,4,19386,0
2,2,19715,20045
1,1,19715,0
2,4,20045,20265
1,3,20045,0
2,1,20265,20594
1,2,20265,0
1,4,20814,0
1,3,20924,0
1,1,21034,0
2,2,21034,21364
2,3,21364,21693
1,1,21693,0
2,4,21693,21913
1,2,21693,0
2,2,21913,22023
2,4,22023,22243
2,1,22243,22353
2,3,22353,22682
1,4,22353,0
2,2,22682,22902
2,4,22902,23671
1,1,23012,0
1,3,23012,0
1,2,23342,0
1,3,23342,0
1,1,23671,0
1,2,23671,0
2,3,23891,24001
2,1,24001,24221
2,2,24221,24331
2,4,24331,24551
1,3,24331,0
2,1,24551,24660
2,3,24660,24770
2,2,24880,24990
1,3,24990,0
2,4,24990,25320
2,1,25320,25540
2,3,25540,26309
1,2,25649,0
1,4,25649,0
1,1,25869,0
2,2,25979,26309
1,1,26309,0
1,4,26309,0
1,2,26529,0
2,3,26638,26968
2,2,26858,26968
1,4,26968,0
2,1,26968,27298
2,3,27298,27518
2,3,27627,28067
1,4,27627,0
2,1,27957,28067
2,1,28177,28616
1,2,28287,0
1,4,28287,0
2,4,28616,28836
1,3,28616,0
2,4,28946,29276
1,2,28946,0
2,1,29276,29441
2,2,29441,29605
2,3,29605,29825
1,4,29605,0
2,3,29935,30265
1,4,30265,0
2,1,30265,30594
2,2,30594,30814
2,4,30814,31254
1,1,30924,0
1,3,30924,0
1,2,31254,0
1,3,31254,0
1,1,31584,0
1,2,31584,0
1,3,31913,0
1,4,31913,0
1,2,32133,0
1,4,32243,0
2,1,32243,32573
1,3,32243,0
1,2,32573,0
1,1,32902,0
2,4,32902,33562
1,3,33232,0
1,1,33562,0
2,2,33562,34221
2,3,33891,34221
1,4,34221,0
2,1,34221,34551
2,3,34551,34880
2,2,34880,35210
1,1,34880,0
2,4,35210,35540
2,1,35540,35759
1,3,35540,0
2,1,35869,36199
2,3,36199,36529
1,4,36199,0
1,2,36529,0
1,1,36858,0
2,4,36858,37188
2,2,37188,37408
1,3,37408,0
2,2,37518,37847
1,1,37518,0
1,4,37847,0
2,3,38177,38836
1,2,38177,0
1,4,38507,0
2,1,38836,39166
1,2,38836,0
2,4,39166,39496
2,2,39496,39825
1,1,39496,0
2,3,39825,40155
2,4,40155,41803
1,1,40155,0
1,2,40155,0
1,1,40814,0
1,2,40814,0
1,1,41144,0
1,2,41474,0
1,3,41474,0
1,2,41803,0
1,1,41803,0
1,1,42133,0
1,4,42133,0
1,2,42353,0
1,3,42463,0
1,4,42463,0
1,2,42682,0
1,3,42792,0
1,4,42792,0
2,1,42792,43452
2,2,43452,44111
2,3,44111,44770
1,1,44441,0
1,2,44441,0
1,1,44770,0
1,4,44770,0
1,3,44990,0
1,4,44990,0
1,2,45100,0
1,1,45210,0
1,3,45320,0
1,2,45430,0
1,4,45430,0
2,1,45430,45759
1,3,45759,0
2,4,45759,46089
1,1,46089,0
2,2,46089,46419
2,3,46419,46748
1,2,46638,0
1,4,46748,0
1,1,46748,0
1,2,46968,0
2,4,47078,47408
1,3,47078,0
1,2,47408,0
1,1,47408,0
2,1,47737,48067
2,4,48067,48397
1,3,48067,0
2,1,48397,48726
1,2,48397,0
2,3,48726,49056
1,4,48726,0
2,2,49056,49276
2,4,49276,49935
1,3,49386,0
2,1,49386,49715
1,2,49715,0
1,3,49935,0
2,1,50045,50375
2,2,50045,50704
2,3,50375,50704
2,4,50704,51034
1,1,50704,0
2,2,51034,51364
1,1,51034,0
2,3,51364,51693
1,4,51364,0
2,1,51693,52023
1,2,51913,0
1,3,52023,0
1,4,52023,0
1,2,52243,0
2,4,52353,52682
1,1,52353,0
1,2,52682,0
1,3,52682,0
2,1,53012,53342
2,2,53342,53671
1,4,53342,0
2,3,53671,54001
1,4,53671,0
2,1,54001,54221
1,2,54001,0
2,1,54331,54551
2,4,54551,54825
1,2,54660,0
1,3,54660,0
2,1,54825,54990
2,4,54990,55155
1,2,54990,0
2,1,55155,55320
2,4,55320,55485
1,3,55320,0
1,2,55649,0
1,1,55649,0
1,3,55869,0
1,2,55979,0
1,4,55979,0
2,1,55979,56309
2,4,56309,56638
1,3,56309,0
2,2,56638,56968
1,1,56638,0
2,3,56968,57298
1,2,57188,0
1,1,57298,0
1,4,57298,0
1,2,57518,0
1,3,57627,0
2,4,57627,57957
1,2,57957,0
1,1,57957,0
2,3,58287,58616
2,4,58616,58946
1,1,58616,0
2,1,58946,59276
1,2,58946,0
2,3,59276,59496
1,4,59276,0
2,3,59605,59825
2,4,59825,60485
1,2,59935,0
1,1,59935,0
1,3,60100,0
1,2,60265,0
1,3,60485,0
1,1,60594,0
2,2,60594,61254
2,3,60924,61254
1,1,61254,0
2,4,61254,61584
2,2,61584,61913
1,3,61584,0
2,4,61913,62133
1,1,61913,0
2,4,62243,62573
1,3,62463,0
1,2,62573,0
1,1,62573,0
1,3,62792,0
2,1,62902,63232
1,4,62902,0
1,2,63232,0
1,3,63232,0
2,4,63562,63726
2,3,63726,63891
2,2,63891,64221
1,1,63891,0
2,4,64221,64551
1,3,64221,0
2,1,64551,64880
1,2,64551,0
2,3,64880,65100
1,4,64880,0
2,2,65100,66199
1,1,65210,0
1,4,65210,0
1,3,65430,0
1,1,65540,0
1,4,65759,0
1,3,65869,0
1,1,66089,0
1,4,66199,0
1,3,66281,0
1,2,66364,0
1,1,66446,0
1,3,66529,0
1,2,66529,0
2,4,66529,66748
1,2,66748,0
2,4,66858,67188
1,1,66858,0
2,2,67188,67518
1,3,67188,0
2,4,67518,67847
1,3,67737,0
1,2,67847,0
1,1,67847,0
1,3,68067,0
2,1,68177,68507
1,4,68177,0
1,2,68507,0
1,3,68507,0
2,4,68836,69166
2,2,69166,69496
1,1,69166,0
2,3,69496,69825
1,4,69496,0
2,1,69825,70155
1,2,69825,0
2,3,70155,70375
2,2,70375,71144
1,1,70485,0
1,4,70485,0
1,3,70814,0
2,4,71144,71474
1,1,71144,0
2,1,71474,71638
2,3,71638,72133
1,2,71803,0
1,4,71803,0
1,2,72133,0
1,1,72133,0
2,1,72463,72792
1,3,72463,0
2,4,72792,72957
2,2,72957,73452
1,3,73122,0
1,1,73122,0
1,3,73452,0
1,4,73452,0
1,1,73781,0
1,4,73781,0
2,3,74111,74331
1,2,74331,0
2,4,74441,74770
1,1,74441,0
2,2,74770,74990
1,3,74990,0
2,1,75100,75320
1,4,75100,0
1,2,75320,0
1,4,75430,0
2,3,75430,75594
2,2,75594,76089
1,1,75759,0
1,3,75979,0
1,1,76089,0
2,4,76089,77078
1,3,76309,0
1,2,76419,0
1,1,76638,0
2,3,76748,77078
2,1,77078,78397
2,2,77078,77408
2,4,77408,77737
2,3,77737,78067
2,2,78067,78397
2,3,78397,79715
2,4,78397,78726
2,1,78726,79056
1,4,79056,0
2,2,79386,79715
2,1,79715,80045
2,4,79715,81034
2,2,80045,80375
2,3,80375,80704
2,1,80704,80924
2,3,80924,81034
2,1,81034,81364
2,2,81034,81693
2,3,81364,81693
2,4,81693,82353
2,1,81693,82023
2,3,82023,82353
2,2,82353,82682
2,1,82353,83671
2,3,82682,83012
2,4,83012,83342
2,2,83342,83671
2,4,83671,84001
2,3,83671,84331
2,2,84001,84331
1,1,84331,0
2,4,84660,84825
2,3,84825,84990
2,1,84990,86034
2,2,84990,85375
2,4,85375,85704
2,2,85704,86034
1,4,86034,0
1,3,86089,0
2,1,86144,88946
2,2,86144,88287
