1,1,256,0
1,2,433,0
1,3,609,0
1,1,786,0
2,4,786,874
1,3,962,0
2,1,1138,1227
1,2,1315,0
1,4,1491,0
2,3,1491,1756
2,2,1668,1756
2,1,1844,2197
2,2,2021,2197
1,3,2021,0
1,4,2197,0
2,3,2374,2462
2,2,2550,2638
2,1,2727,2903
1,4,2727,0
1,2,2903,0
2,3,3080,3433
2,4,3256,3433
2,1,3433,3609
2,3,3609,3697
1,4,3609,0
2,3,3785,3874
1,1,3962,0
2,2,3962,4050
2,1,4138,4227
1,4,4315,0
1,2,4315,0
2,3,4491,4580
2,4,4668,4756
2,1,4844,5021
1,2,4844,0
1,4,5021,0
2,2,5197,5550
2,3,5374,5550
1,4,5550,0
2,1,5550,5903
1,3,5727,0
1,2,5903,0
2,4,6080,6256
2,1,6256,6433
2,2,6433,6609
1,4,6433,0
1,3,6609,0
2,1,6785,6962
1,4,6785,0
2,2,6962,7138
2,4,7138,7315
1,1,7138,0
2,3,7315,7491
2,1,7491,7844
1,2,7491,0
2,4,7668,7844
1,2,7844,0
2,2,8021,8197
1,1,8197,0
1,3,8197,0
2,4,8374,8727
1,1,8374,0
2,3,8550,8903
2,2,8727,8903
1,1,8903,0
1,4,8903,0
1,4,9080,0
1,1,9256,0
2,3,9256,10138
1,4,9962,0
1,2,10138,0
2,1,10315,11021
1,3,10491,0
2,4,10844,11021
2,1,11550,11903
2,4,11550,11903
1,2,11903,0
1,4,12080,0
2,2,12080,12256
1,1,12080,0
1,3,12080,0
1,4,12256,0
1,1,12433,0
2,3,12433,12609
1,2,12433,0
1,1,12609,0
2,4,12785,12962
1,3,12785,0
1,2,12962,0
1,1,12962,0
1,4,13138,0
1,1,13138,0
1,3,13138,0
1,3,13315,0
1,4,13315,0
2,1,13491,13668
1,2,13491,0
1,2,13668,0
2,4,13844,14021
1,3,13844,0
1,1,13844,0
1,3,14021,0
2,2,14197,14374
1,1,14374,0
1,3,14374,0
1,2,14550,0
1,1,14550,0
2,4,14550,14727
2,3,14727,14903
2,1,14903,15080
1,2,14903,0
1,2,15080,0
1,3,15256,0
2,4,15256,15433
1,1,15256,0
1,3,15433,0
2,1,15609,15785
1,4,15785,0
1,3,15785,0
1,1,15962,0
1,4,15962,0
1,2,15962,0
1,2,16138,0
1,1,16138,0
2,4,16315,16491
1,3,16315,0
1,3,16491,0
2,2,16668,16844
1,1,16668,0
1,4,16668,0
1,1,16844,0
2,3,17021,17197
1,2,17197,0
1,1,17197,0
1,3,17374,0
1,1,17374,0
1,2,17374,0
1,4,17550,0
1,4,17727,0
2,1,17727,17815
1,3,17727,0
2,1,17903,17991
1,3,18080,0
2,4,18080,18168
1,2,18080,0
2,4,18256,18344
2,2,18433,18521
1,4,18609,0
1,3,18609,0
1,1,18785,0
1,4,18785,0
1,2,18785,0
1,2,18962,0
1,3,18962,0
2,1,19138,19227
1,4,19138,0
2,1,19315,19403
2,4,19491,19580
1,3,19491,0
1,2,19491,0
2,4,19668,19756
2,1,19844,19933
1,2,20021,0
1,3,20021,0
1,1,20197,0
1,4,20197,0
1,3,20197,0
1,1,20374,0
1,2,20374,0
1,3,20550,0
2,4,20550,20727
1,3,20727,0
2,1,20903,21080
1,2,20903,0
1,4,20903,0
1,2,21080,0
2,4,21256,21433
1,2,21433,0
1,1,21433,0
1,1,21609,0
1,4,21609,0
1,3,21609,0
2,3,21785,21962
1,4,21785,0
1,2,21962,0
1,1,21962,0
2,1,22138,22668
1,2,22315,0
1,3,22315,0
1,4,22315,0
1,4,22491,0
1,2,22668,0
1,3,22756,0
2,4,22844,23021
1,1,22844,0
1,3,23021,0
1,2,23021,0
1,1,23021,0
2,2,23197,23374
1,3,23374,0
1,1,23374,0
2,4,23374,23550
1,3,23550,0
2,1,23727,23903
1,2,23727,0
1,4,23727,0
1,2,23903,0
2,4,24080,24256
1,3,24080,0
1,1,24256,0
1,2,24256,0
1,1,24433,0
1,4,24433,0
1,3,24433,0
1,4,24609,0
1,3,24609,0
2,1,24785,24962
1,2,24785,0
1,2,24962,0
2,4,25138,25315
1,3,25138,0
1,1,25138,0
1,3,25315,0
2,2,25491,25668
1,4,25668,0
1,3,25668,0
2,4,25844,26021
1,1,25844,0
1,2,25844,0
2,3,26021,26197
2,1,26197,26374
1,2,26197,0
1,2,26374,0
2,4,26550,26727
1,3,26550,0
1,1,26550,0
1,3,26727,0
1,2,26903,0
2,1,26903,27080
1,4,27080,0
1,3,27080,0
1,1,27256,0
1,4,27256,0
1,2,27256,0
1,2,27433,0
1,1,27433,0
2,4,27609,27785
1,3,27609,0
1,3,27785,0
2,2,27962,28138
1,1,27962,0
1,4,27962,0
1,1,28138,0
2,3,28315,28491
1,4,28491,0
1,1,28491,0
1,2,28668,0
1,4,28668,0
1,3,28668,0
1,1,28844,0
1,1,29021,0
2,4,29021,29109
1,2,29021,0
2,4,29197,29285
1,2,29374,0
2,1,29374,29462
1,3,29374,0
2,1,29550,29638
2,3,29727,29815
1,1,29903,0
1,2,29903,0
1,4,30080,0
1,1,30080,0
1,3,30080,0
1,3,30256,0
1,2,30256,0
2,4,30433,30521
1,1,30433,0
2,4,30609,30697
2,1,30785,30874
1,2,30785,0
1,3,30785,0
2,1,30962,31050
2,4,31138,31227
1,3,31315,0
1,2,31315,0
1,4,31491,0
1,1,31491,0
1,2,31491,0
1,4,31668,0
1,3,31668,0
1,2,31844,0
2,1,31844,32021
1,2,32021,0
2,4,32197,32374
1,3,32197,0
1,1,32197,0
1,3,32374,0
2,1,32550,32727
1,3,32727,0
1,4,32727,0
1,4,32903,0
1,2,32903,0
1,1,32903,0
2,2,33080,33256
1,3,33256,0
1,4,33256,0
2,4,33433,33962
1,3,33609,0
1,2,33609,0
1,1,33609,0
2,1,33785,33874
2,2,33962,34050
2,3,34138,34227
1,4,34138,0
2,4,34315,34403
1,2,34315,0
1,1,34315,0
2,1,34491,34580
1,2,34668,0
2,4,34668,34756
1,3,34668,0
1,2,35021,0
2,1,35021,35109
1,4,35021,0
1,3,35197,0
2,2,35374,35462
1,4,35550,0
1,3,35550,0
2,4,35727,35815
1,2,35727,0
1,1,35727,0
2,1,35903,35991
1,4,36080,0
1,3,36080,0
2,3,36256,36433
1,1,36433,0
1,4,36433,0
1,2,36433,0
2,4,36609,36785
1,1,36785,0
1,2,36874,0
1,3,36962,0
1,4,36962,0
1,2,37050,0
1,3,37138,0
1,4,37138,0
2,1,37138,37315
1,2,37315,0
2,4,37491,37580
1,3,37491,0
1,1,37668,0
1,4,37844,0
2,3,37844,37933
1,2,37844,0
1,1,38021,0
2,4,38197,38285
1,3,38285,0
1,1,38374,0
1,2,38374,0
1,4,38550,0
2,1,38550,38638
1,3,38550,0
2,4,38727,38815
1,1,38903,0
1,2,38903,0
2,2,39080,39256
1,1,39256,0
1,4,39256,0
1,3,39256,0
2,4,39433,39785
1,1,39609,0
1,3,39785,0
1,2,39785,0
1,1,39962,0
1,3,39962,0
1,4,39962,0
1,2,40138,0
2,4,40315,40403
1,1,40315,0
1,3,40491,0
2,1,40668,40756
1,4,40668,0
1,2,40668,0
1,3,40844,0
2,2,41021,41109
1,1,41197,0
1,4,41197,0
1,4,41374,0
2,3,41374,41462
1,2,41374,0
2,1,41550,41638
1,3,41727,0
1,4,41727,0
2,3,41903,42080
1,4,42080,0
1,1,42080,0
1,2,42080,0
2,1,42256,42433
1,4,42433,0
1,3,42521,0
1,2,42609,0
1,1,42609,0
1,3,42697,0
1,2,42785,0
1,1,42785,0
2,4,42785,42962
1,3,42962,0
1,2,43138,0
2,1,43138,43227
1,2,43315,0
1,3,43491,0
1,1,43491,0
2,4,43491,43580
2,3,43844,43933
1,2,44021,0
1,1,44021,0
1,4,44197,0
1,3,44197,0
2,1,44197,44285
2,2,44374,44462
1,1,44550,0
1,4,44550,0
1,3,44727,0
1,4,44903,0
1,1,44903,0
1,2,44903,0
1,3,45080,0
1,2,45168,0
2,4,45256,45433
1,3,45433,0
1,2,45433,0
1,1,45609,0
1,4,45609,0
1,1,45962,0
1,2,45962,0
1,3,46138,0
2,4,46315,46491
1,1,46315,0
2,3,46491,46668
1,4,46668,0
2,1,46668,46844
2,2,46844,47021
2,3,47021,47197
1,4,47021,0
2,4,47197,47374
1,2,47374,0
1,1,47374,0
1,3,47550,0
1,4,47727,0
1,2,47727,0
1,1,47903,0
1,3,48080,0
1,4,48080,0
1,1,48256,0
1,2,48433,0
1,3,48433,0
1,4,48609,0
1,3,48697,0
2,2,48785,48962
1,1,48785,0
1,3,48962,0
1,1,49138,0
1,4,49138,0
1,2,49315,0
1,3,49491,0
1,1,49491,0
2,4,49668,49844
2,3,49844,50021
1,2,49844,0
2,1,50021,50197
1,3,50197,0
1,4,50197,0
1,1,50374,0
1,2,50550,0
1,3,50550,0
1,4,50727,0
1,1,50903,0
1,3,50903,0
2,2,51080,51256
2,3,51256,51433
1,1,51256,0
2,4,51433,51609
1,2,51609,0
2,1,51609,51785
1,4,51785,0
1,2,51962,0
2,1,51962,52138
1,3,52138,0
1,1,52315,0
2,4,52315,52491
1,3,52491,0
1,4,52668,0
2,2,52668,52844
2,1,52844,53021
1,3,53021,0
1,2,53021,0
2,4,53197,53374
1,1,53374,0
1,2,53374,0
2,3,53550,53727
1,4,53727,0
1,2,53727,0
2,1,53903,54080
1,4,54080,0
2,2,54080,54256
2,3,54256,54433
1,1,54433,0
2,4,54433,54609
2,3,54609,54785
2,2,54785,54962
2,3,54962,55138
1,1,55138,0
2,2,55315,55668
2,4,55668,56550
1,1,55668,0
1,1,56550,0
1,2,56594,0
1,3,56638,0
1,1,56727,0
1,4,56903,0
1,3,56947,0
1,2,56991,0
1,4,57080,0
1,1,57256,0
1,2,57256,0
1,1,57433,0
1,3,57609,0
1,4,57609,0
1,4,57785,0
1,2,57962,0
1,1,57962,0
1,4,58315,0
1,2,58315,0
1,3,58491,0
1,1,58668,0
1,2,58668,0
1,1,58844,0
1,3,59021,0
1,4,59021,0
1,4,59197,0
1,2,59374,0
1,1,59374,0
1,3,59550,0
1,1,59727,0
1,2,59727,0
1,4,59771,0
1,3,59815,0
1,1,59903,0
1,4,60080,0
1,3,60080,0
1,2,60256,0
1,1,60433,0
1,4,60433,0
1,3,60609,0
1,1,60785,0
1,2,60785,0
1,3,60962,0
1,2,61138,0
1,1,61138,0
1,3,61183,0
1,4,61227,0
1,1,61315,0
1,3,61491,0
1,4,61491,0
1,2,61668,0
1,4,61844,0
1,3,61844,0
1,2,61888,0
1,1,61933,0
1,4,62021,0
1,3,62109,0
1,1,62197,0
1,2,62197,0
1,3,62241,0
1,4,62285,0
1,1,62374,0
1,4,62550,0
1,3,62550,0
1,2,62727,0
1,4,62903,0
1,1,62903,0
1,4,63080,0
1,2,63256,0
1,1,63256,0
1,1,63433,0
1,3,63609,0
1,4,63609,0
1,1,63962,0
1,4,63962,0
1,2,64138,0
1,4,64315,0
1,3,64315,0
1,4,64491,0
1,2,64668,0
1,1,64668,0
1,1,64844,0
1,3,65021,0
1,4,65021,0
1,2,65197,0
1,4,65374,0
1,3,65374,0
1,1,65418,0
1,2,65462,0
1,4,65550,0
2,3,65727,66609
1,1,65727,0
1,4,65903,0
1,1,66080,0
1,2,66080,0
1,4,66256,0
1,1,66433,0
1,2,66433,0
1,4,66609,0
2,1,66785,67138
1,2,66785,0
1,3,66830,0
1,4,66874,0
1,2,66962,0
1,4,67138,0
1,3,67138,0
1,2,67227,0
1,3,67315,0
1,4,67403,0
1,1,67491,0
1,2,67491,0
1,4,67580,0
1,3,67668,0
1,2,67668,0
1,1,67756,0
1,4,67844,0
1,3,67844,0
1,2,67933,0
1,3,68021,0
1,1,68021,0
1,4,68109,0
1,1,68197,0
1,2,68197,0
1,4,68374,0
1,2,68550,0
2,1,68550,68638
1,4,68550,0
2,1,68727,68815
2,4,68903,68991
1,3,68903,0
1,2,68903,0
2,4,69080,69168
2,2,69256,69344
1,1,69256,0
1,3,69256,0
1,2,69521,0
1,3,69521,0
1,4,69609,0
1,1,69609,0
1,3,69785,0
1,4,69785,0
1,2,69962,0
1,4,69962,0
2,1,69962,70050
2,1,70138,70227
2,4,70315,70403
1,3,70315,0
1,2,70315,0
2,4,70491,70580
2,1,70668,70756
1,2,70668,0
1,3,70668,0
1,2,70933,0
1,3,70933,0
1,4,71021,0
1,1,71021,0
1,3,71197,0
1,4,71197,0
1,3,71374,0
2,1,71374,71550
1,2,71374,0
1,2,71550,0
1,1,71727,0
1,3,71727,0
2,4,71727,71903
1,3,71903,0
2,2,72080,72256
1,1,72080,0
1,4,72080,0
1,4,72344,0
1,3,72344,0
1,2,72433,0
1,1,72433,0
1,4,72609,0
1,1,72609,0
1,2,72785,0
1,3,72785,0
1,4,72785,0
1,3,72962,0
1,1,73138,0
1,2,73138,0
1,4,73138,0
1,1,73315,0
1,2,73403,0
1,3,73491,0
1,4,73491,0
1,2,73535,0
1,1,73580,0
1,4,73668,0
1,3,73756,0
1,2,73756,0
1,1,73844,0
1,4,73844,0
1,2,74021,0
1,3,74021,0
1,2,74197,0
1,4,74197,0
2,1,74197,74285
2,1,74374,74462
2,4,74550,74638
1,3,74550,0
1,2,74550,0
2,4,74727,74815
1,2,74903,0
1,3,74903,0
2,1,74903,74991
1,2,75168,0
1,3,75168,0
1,1,75256,0
1,4,75256,0
1,1,75433,0
1,2,75433,0
1,2,75609,0
1,3,75609,0
2,4,75609,75697
2,4,75785,75874
2,1,75962,76050
1,2,75962,0
1,3,75962,0
2,1,76138,76227
1,2,76315,0
1,3,76315,0
2,4,76315,76403
1,2,76580,0
1,3,76580,0
1,4,76668,0
1,1,76668,0
1,3,76844,0
1,2,76844,0
1,4,77021,0
1,1,77021,0
1,2,77021,0
1,4,77197,0
1,3,77197,0
1,1,77374,0
1,2,77374,0
1,3,77374,0
1,1,77550,0
1,2,77550,0
1,4,77727,0
1,3,77727,0
1,1,77727,0
1,4,77903,0
1,3,77903,0
1,2,77991,0
1,4,78080,0
1,3,78080,0
1,1,78080,0
1,1,78256,0
1,2,78256,0
1,1,78433,0
1,2,78433,0
1,4,78433,0
1,3,78521,0
1,4,78609,0
1,1,78697,0
1,3,78785,0
1,4,78785,0
1,2,78785,0
1,1,78874,0
1,4,78962,0
1,3,79050,0
1,2,79138,0
1,1,79138,0
2,3,79315,79668
2,4,79491,79668
1,1,79668,0
2,2,79844,80021
1,3,79844,0
2,1,79844,79933
1,4,79844,0
1,3,80021,0
2,1,80197,80374
1,2,80197,0
2,4,80197,80285
1,2,80374,0
2,4,80550,80727
1,1,80550,0
2,3,80550,80638
2,1,80727,80903
2,3,80903,81080
1,4,80903,0
1,2,80903,0
2,2,81080,81256
1,1,81256,0
2,3,81256,81433
2,4,81256,81344
2,1,81433,81609
2,3,81609,81785
1,4,81609,0
2,2,81609,81697
2,4,81785,81962
2,2,81962,82138
1,3,81962,0
2,1,81962,82050
1,3,82138,0
1,1,82315,0
2,4,82315,82491
1,2,82315,0
2,2,82491,82668
2,1,82668,82844
1,4,82668,0
2,3,82668,82756
1,4,82844,0
2,2,83021,83197
2,1,83021,83109
1,3,83021,0
1,3,83197,0
1,2,83374,0
2,1,83374,83462
2,4,83374,83550
2,2,83550,83727
2,3,83727,83903
1,1,83727,0
1,4,83727,0
2,1,83903,84080
2,3,84080,84168
2,2,84080,84256
1,4,84080,0
2,4,84256,84433
1,1,84433,0
2,2,84433,84521
2,3,84433,84609
2,1,84609,84785
2,2,84785,84962
2,3,84785,84874
1,4,84785,0
1,4,84962,0
1,3,85138,0
1,2,85138,0
1,1,85138,0
1,3,85315,0
2,1,85491,85668
1,2,85491,0
1,4,85491,0
1,2,85668,0
1,1,85844,0
1,3,85844,0
1,4,85844,0
1,3,86021,0
1,3,86197,0
1,1,86197,0
1,2,86197,0
1,2,86374,0
1,4,86550,0
2,3,86550,86638
1,1,86550,0
2,1,86727,86815
1,3,86903,0
1,2,86903,0
2,4,86903,87080
1,3,87080,0
1,1,87256,0
1,2,87256,0
1,4,87256,0
1,2,87433,0
1,4,87609,0
1,2,87609,0
1,3,87609,0
1,3,87785,0
1,1,87962,0
1,4,87962,0
2,2,87962,88050
2,4,88138,88227
1,2,88315,0
1,3,88315,0
2,1,88315,88491
2,2,88491,88668
2,4,88668,88844
1,3,88668,0
1,1,88668,0
2,3,88844,89021
1,4,89021,0
1,1,89021,0
2,2,89021,89197
1,1,89197,0
1,2,89374,0
1,3,89374,0
1,4,89374,0
2,3,89550,89727
1,2,89727,0
1,1,89727,0
1,4,89727,0
2,1,89903,90256
1,2,90080,0
1,3,90080,0
1,4,90080,0
1,3,90256,0
1,1,90433,0
1,4,90433,0
1,2,90521,0
2,3,90609,90785
1,2,90785,0
1,4,90785,0
2,1,90785,90962
1,4,90962,0
2,3,91138,91315
2,4,91138,91227
1,1,91138,0
1,2,91138,0
1,2,91315,0
2,4,91491,91668
1,3,91491,0
2,1,91491,91580
1,3,91668,0
2,1,91844,92021
1,4,91844,0
2,2,91844,91933
2,4,92021,92197
2,2,92197,92374
1,1,92197,0
1,3,92197,0
2,3,92374,92550
1,4,92550,0
2,2,92550,92727
2,1,92550,92638
2,4,92727,92903
2,2,92903,93080
1,1,92903,0
2,3,92903,92991
2,1,93080,93256
2,3,93256,93433
1,2,93256,0
2,4,93256,93344
1,2,93433,0
1,4,93609,0
2,1,93609,93785
1,3,93609,0
2,3,93785,93962
2,4,93962,94138
1,1,93962,0
2,2,93962,94050
1,1,94138,0
2,3,94315,94491
2,4,94315,94403
1,2,94315,0
1,2,94491,0
1,3,94668,0
2,1,94668,94844
2,4,94668,94756
2,3,94844,95021
2,2,95021,95197
1,1,95021,0
1,4,95021,0
2,4,95197,95374
2,2,95374,95462
2,3,95374,95550
1,1,95374,0
2,1,95550,95727
1,4,95727,0
2,3,95727,95815
2,2,95727,95903
2,4,95903,96080
2,3,96080,96256
1,2,96080,0
2,1,96080,96168
1,4,96256,0
1,2,96433,0
1,1,96433,0
1,3,96433,0
1,1,96609,0
1,2,96785,0
1,3,96785,0
2,4,96785,96962
1,3,96962,0
1,4,97138,0
1,2,97138,0
1,1,97138,0
1,2,97315,0
1,2,97491,0
1,3,97491,0
1,4,97491,0
1,3,97668,0
1,1,97844,0
1,4,97844,0
2,2,97844,97933
2,4,98021,98109
2,1,98197,98374
1,2,98197,0
1,3,98197,0
1,2,98374,0
1,3,98550,0
1,4,98550,0
1,1,98550,0
1,3,98727,0
1,1,98903,0
1,2,98903,0
1,3,98903,0
1,2,99080,0
1,4,99256,0
1,1,99256,0
2,3,99256,99344
2,1,99433,99521
1,2,99609,0
2,4,99609,99785
1,3,99609,0
2,3,99785,99962
1,2,99962,0
1,4,99962,0
2,1,99962,100138
2,2,100138,100315
1,4,100315,0
1,1,100315,0
2,3,100315,100491
1,1,100491,0
1,2,100668,0
1,3,100668,0
1,4,100668,0
2,3,100844,101021
1,2,101021,0
1,1,101021,0
1,4,101021,0
2,1,101197,101727
1,3,101374,0
1,4,101374,0
2,2,101374,101462
2,4,101550,101638
2,3,101727,101815
2,2,101903,101991
1,1,101903,0
1,4,101903,0
2,1,102080,102168
1,2,102080,0
1,3,102080,0
1,4,102080,0
2,4,102256,102344
1,1,102433,0
1,2,102433,0
1,4,102433,0
1,1,102609,0
1,4,102785,0
1,3,102785,0
1,1,102785,0
1,1,102962,0
1,1,103138,0
1,3,103315,0
1,4,103315,0
1,4,103491,0
1,2,103491,0
1,1,103491,0
1,1,103668,0
1,4,103844,0
1,3,103844,0
1,4,104021,0
1,4,104197,0
1,2,104197,0
1,1,104197,0
1,4,104374,0
1,3,104550,0
1,2,104727,0
1,1,104727,0
1,1,104903,0
1,3,104903,0
1,4,104903,0
1,3,105080,0
1,2,105256,0
1,1,105256,0
1,2,105433,0
1,2,105609,0
1,3,105609,0
1,4,105609,0
1,2,105785,0
1,2,105962,0
1,4,106138,0
1,3,106138,0
1,2,106315,0
1,4,106315,0
1,1,106315,0
1,1,106491,0
1,4,106668,0
1,3,106668,0
1,3,106844,0
1,3,107021,0
1,2,107021,0
1,1,107021,0
1,3,107197,0
1,2,107374,0
1,4,107550,0
1,3,107550,0
1,2,107727,0
1,1,107727,0
1,4,107727,0
1,2,107903,0
1,4,108080,0
1,1,108080,0
1,4,108256,0
1,4,108433,0
1,2,108433,0
1,1,108433,0
1,4,108609,0
1,4,108785,0
1,2,108962,0
1,1,108962,0
1,1,109138,0
1,3,109138,0
1,4,109138,0
1,4,109315,0
1,1,109491,0
1,2,109491,0
1,1,109668,0
1,1,109844,0
1,3,109844,0
1,4,109844,0
1,1,110021,0
1,4,110197,0
1,1,110374,0
1,2,110374,0
1,2,110550,0
1,3,110550,0
1,4,110550,0
1,4,110727,0
1,2,110903,0
1,1,110903,0
1,2,111080,0
1,2,111256,0
1,3,111256,0
1,4,111256,0
1,2,111433,0
1,2,111609,0
1,4,111785,0
1,3,111785,0
1,2,111962,0
1,4,111962,0
1,1,111962,0
1,2,112138,0
1,3,112315,0
1,4,112315,0
1,3,112491,0
1,3,112668,0
1,2,112668,0
1,1,112668,0
1,3,112844,0
1,1,113021,0
1,2,113109,0
1,3,113197,0
1,4,113197,0
1,2,113374,0
1,1,113374,0
1,4,113374,0
1,3,113550,0
2,4,113727,113815
1,1,113727,0
1,2,113727,0
1,4,113903,0
2,1,114080,114168
1,3,114080,0
1,2,114080,0
1,1,114256,0
2,4,114433,114609
1,2,114609,0
2,3,114609,114785
1,4,114785,0
1,1,114785,0
2,2,114785,114962
2,1,114962,115138
1,3,115138,0
1,4,115138,0
2,3,115315,115491
1,1,115491,0
1,4,115491,0
2,2,115491,115668
2,1,115668,115844
1,2,115844,0
1,3,116021,0
2,4,116021,116109
1,2,116197,0
1,1,116197,0
2,3,116197,116285
2,1,116374,116550
1,4,116550,0
2,3,116550,116638
2,3,116727,116815
1,4,116903,0
1,1,116903,0
2,2,116903,116991
2,1,117080,117168
2,4,117256,117344
1,3,117433,0
2,2,117433,117521
1,4,117609,0
1,1,117609,0
2,3,117609,117697
2,4,117785,117962
1,2,117962,0
1,1,117962,0
2,2,118138,118227
2,3,118315,118491
1,1,118315,0
1,4,118315,0
2,1,118491,118844
1,4,118668,0
1,2,118844,0
1,3,118844,0
2,4,119021,119197
1,3,119021,0
1,1,119021,0
2,1,119197,119374
2,3,119374,119550
1,4,119374,0
1,2,119374,0
2,1,119727,119903
1,2,119727,0
1,4,119727,0
2,2,119903,120080
2,4,120080,120256
2,3,120256,120433
1,2,120256,0
2,1,120433,120785
1,2,120433,0
1,4,120433,0
2,4,120609,120785
1,2,120785,0
1,3,120785,0
2,2,120962,121138
1,3,121138,0
1,4,121138,0
1,1,121138,0
2,4,121315,121491
1,1,121491,0
1,2,121580,0
2,3,121668,121844
1,4,121668,0
1,1,121844,0
1,2,121844,0
1,4,121844,0
1,2,122021,0
1,1,122197,0
2,3,122197,123080
1,4,122903,0
1,2,123080,0
2,1,123256,123962
1,3,123433,0
2,4,123785,123962
