[HitObjects] //x,y,物件击打时间，物件类型，打击音效，物件参数(mania没有)，打击音效组（冒号那坨）
// 单键：x,y,time,type,hitSound,hitSample
// 我需要的：64,192,525,5(,2,0:0:0:0:） （第四个参数需要改成1）
// 我需要生成的：1,525,1（位置，时间，类型）

// 长条：x,y,开始时间,物件类型(长键标记为128),长键音效,结束时间,长键音效组（x,y,time,type,hitSound,endTime,hitSample）
// 我需要剔除的：320,192,21825,128,（0）,22125（:0:0:0:0:）
// 我需要生成的：1,21825,22125,128,2 （位置，时间，持续到哪，类型） (2:长键)（长键中间的填充还得自己想办法...）

192,192,525,1,0,0:0:0:45:Hat Open2.wav
448,192,925,1,2,0:0:0:0:
192,192,1125,1,2,0:0:0:0:
320,192,1125,1,0,0:0:0:45:Hat Open2.wav
64,192,1525,1,2,0:0:0:0:
448,192,1725,1,0,0:0:0:45:Hat Open2.wav
320,192,1725,1,2,0:0:0:0:
192,192,2125,1,2,0:0:0:0:
64,192,2325,1,2,0:0:0:0:
448,192,2325,1,0,0:0:0:45:Hat Open2.wav
320,192,2625,128,0,2925:0:0:0:0:
64,192,2925,1,2,0:0:0:0:
192,192,2925,1,4,0:0:0:0:
320,192,3225,1,2,0:0:0:0:
448,192,3375,1,8,0:0:0:0:
64,192,3675,1,2,0:0:0:0:
192,192,3825,1,8,0:0:0:0:
64,192,4125,1,8,0:0:0:0:
320,192,4125,1,4,0:0:0:0:
448,192,4425,1,2,0:0:0:0:
192,192,4575,1,8,0:0:0:0:
320,192,4875,1,2,0:0:0:0:
64,192,5025,1,8,0:0:0:0:
320,192,5325,1,8,0:0:0:0:
448,192,5325,1,4,0:0:0:0:
64,192,5625,1,8,0:0:0:0:
448,192,5925,1,8,0:0:0:0:
320,192,6075,1,8,0:0:0:0:
64,192,6225,1,8,0:0:0:0:
192,192,6375,1,8,0:0:0:0:
320,192,6525,1,2,0:0:0:0:
320,192,6975,1,2,0:0:0:0:
320,192,7425,128,2,7725:0:0:0:0:
64,192,7725,1,2,0:0:0:0:
448,192,7725,1,4,0:0:0:0:
320,192,8025,1,8,0:0:0:0:
192,192,8325,1,2,0:0:0:0:
448,192,8625,1,8,0:0:0:0:
64,192,8925,1,2,0:0:0:0:
320,192,9225,1,8,0:0:0:0:
448,192,9525,1,2,0:0:0:0:
192,192,9825,1,8,0:0:0:0:
320,192,9975,1,8,0:0:0:0:
64,192,10125,1,2,0:0:0:0:
448,192,10125,1,0,0:0:0:0:
192,192,10425,1,8,0:0:0:0:
448,192,10725,1,2,0:0:0:0:
320,192,11025,1,8,0:0:0:0:
64,192,11325,1,2,0:0:0:0:
448,192,11625,1,8,0:0:0:0:
192,192,11925,1,2,0:0:0:0:
320,192,12225,1,8,0:0:0:0:
192,192,12375,1,0,0:0:0:0:
64,192,12525,1,2,0:0:0:0:
448,192,12525,1,4,0:0:0:0:
320,192,12825,1,8,0:0:0:0:
192,192,13125,1,2,0:0:0:0:
320,192,13425,1,8,0:0:0:0:
64,192,13725,1,2,0:0:0:0:
448,192,14025,1,8,0:0:0:0:
192,192,14325,1,2,0:0:0:0:
320,192,14625,1,8,0:0:0:0:
192,192,14775,1,2,0:0:0:0:
64,192,14925,1,4,0:0:0:0:
448,192,14925,1,8,0:0:0:0:
320,192,15225,1,2,0:0:0:0:
192,192,15375,1,12,0:0:0:0:
64,192,15375,1,0,0:0:0:0:
448,192,15675,1,0,0:0:0:0:
320,192,15825,1,8,0:0:0:0:
192,192,15825,1,0,0:0:0:0:
64,192,16125,1,8,0:0:0:0:
320,192,16125,1,0,0:0:0:0:
448,192,16275,1,0,0:0:0:0:
192,192,16425,1,10,0:0:0:0:
448,192,16725,1,8,0:0:0:0:
320,192,16875,1,2,0:0:0:0:
64,192,17025,1,2,0:0:0:0:
192,192,17175,1,2,0:0:0:0:
320,192,17325,1,4,0:0:0:0:
448,192,17325,1,2,0:0:0:0:
192,192,17775,1,0,0:0:0:0:
448,192,17925,1,0,0:0:0:0:
64,192,18225,128,0,18525:0:0:0:0:
320,192,18675,1,0,0:0:0:0:
448,192,18975,1,0,0:0:0:0:
192,192,19275,1,0,0:0:0:0:
320,192,19425,128,0,19725:0:0:0:0:
64,192,19725,128,0,20025:0:0:0:0:
192,192,20175,1,0,0:0:0:0:
320,192,20325,1,0,0:0:0:0:
448,192,20475,1,0,0:0:0:0:
64,192,20625,128,0,20925:0:0:0:0:
448,192,20925,128,0,21225:0:0:0:0:
320,192,21375,1,0,0:0:0:0:
64,192,21525,1,0,0:0:0:0:
192,192,21675,1,0,0:0:0:0:
320,192,21825,128,0,22125:0:0:0:0:
64,192,22125,1,2,0:0:0:0:
192,192,22125,1,0,0:0:0:30:Hat Open2.wav
320,192,22275,1,2,0:0:0:0:
448,192,22275,1,0,0:0:0:0:
64,192,22575,1,0,0:0:0:0:
448,192,22725,1,0,0:0:0:0:
192,192,22875,1,0,0:0:0:0:
320,192,23025,128,0,23325:0:0:0:0:
192,192,23325,1,2,0:0:0:0:
448,192,23325,1,0,0:0:0:30:Hat Open2.wav
64,192,23475,1,2,0:0:0:0:
320,192,23475,1,0,0:0:0:0:
448,192,23775,1,0,0:0:0:0:
192,192,24075,1,0,0:0:0:0:
64,192,24225,128,0,24525:0:0:0:0:
320,192,24525,1,2,0:0:0:0:
448,192,24525,1,8,0:0:0:0:
192,192,24675,1,10,0:0:0:0:
64,192,24675,1,0,0:0:0:0:
448,192,24975,1,2,0:0:0:0:
192,192,25125,128,8,25725:0:0:0:0:
320,192,25725,1,2,0:0:0:0:
448,192,25725,1,8,0:0:0:0:
64,192,25875,1,0,0:0:0:40:Hat Open2.wav
64,192,26175,1,2,0:0:0:0:
64,192,26475,1,2,0:0:0:0:
320,192,26625,1,8,0:0:0:0:
192,192,26925,1,2,0:0:0:0:
448,192,26925,1,4,0:0:0:0:
64,192,27225,1,8,0:0:0:0:
448,192,27525,1,2,0:0:0:0:
320,192,27825,1,8,0:0:0:0:
64,192,28125,1,2,0:0:0:0:
448,192,28425,1,8,0:0:0:0:
192,192,28725,1,2,0:0:0:0:
320,192,29025,1,8,0:0:0:0:
448,192,29175,1,8,0:0:0:0:
64,192,29325,1,2,0:0:0:0:
448,192,29625,1,8,0:0:0:0:
192,192,29925,1,2,0:0:0:0:
320,192,30225,1,8,0:0:0:0:
64,192,30525,1,2,0:0:0:0:
448,192,30825,1,8,0:0:0:0:
192,192,31125,1,2,0:0:0:0:
320,192,31425,1,8,0:0:0:0:
64,192,31725,1,4,0:0:0:0:
448,192,31725,1,2,0:0:0:0:
192,192,32025,1,8,0:0:0:0:
448,192,32325,1,2,0:0:0:0:
64,192,32625,1,8,0:0:0:0:
320,192,32925,1,2,0:0:0:0:
192,192,33225,1,8,0:0:0:0:
448,192,33525,1,2,0:0:0:0:
64,192,33825,1,8,0:0:0:0:
320,192,34125,1,2,0:0:0:0:
448,192,34125,1,0,0:0:0:0:
192,192,34425,1,8,0:0:0:0:
448,192,34725,1,2,0:0:0:0:
320,192,35025,1,8,0:0:0:0:
192,192,35175,1,2,0:0:0:0:
64,192,35325,1,8,0:0:0:0:
448,192,35325,1,4,0:0:0:0:
320,192,35625,1,2,0:0:0:0:
192,192,35925,1,8,0:0:0:0:
320,192,36075,1,8,0:0:0:0:
448,192,36225,1,0,0:0:0:50:tom03.wav
192,192,36375,1,0,0:0:0:50:tom04.wav
64,192,36525,1,4,0:0:0:0:
320,192,36525,1,0,0:0:0:0:
192,192,36825,1,8,0:0:0:0:
448,192,37125,1,2,0:0:0:0:
320,192,37425,1,8,0:0:0:0:
64,192,37575,1,2,0:0:0:0:
192,192,37575,1,0,0:0:0:0:
448,192,37875,1,2,0:0:0:0:
320,192,37875,1,0,0:0:0:0:
192,192,38025,1,8,0:0:0:0:
64,192,38175,1,2,0:0:0:0:
448,192,38325,1,0,0:0:0:50:tom02.wav
320,192,38625,1,8,0:0:0:0:
64,192,38925,1,6,0:0:0:0:
192,192,39225,1,12,0:0:0:0:
448,192,39525,1,2,0:0:0:0:
64,192,39675,1,2,0:0:0:0:
192,192,39825,1,8,0:0:0:0:
320,192,39975,1,2,0:0:0:0:
448,192,39975,1,0,0:0:0:35:Hat Open2.wav
64,192,40275,1,2,0:0:0:0:
192,192,40275,1,0,0:0:0:35:Hat Open2.wav
448,192,40425,1,8,0:0:0:0:
320,192,40725,1,2,0:0:0:0:
192,192,40875,1,0,0:0:0:0:
64,192,41025,1,12,0:0:0:0:
320,192,41325,1,8,0:0:0:0:
448,192,41325,1,0,0:0:0:0:
192,192,41625,1,8,0:0:0:0:
448,192,41925,1,8,0:0:0:0:
64,192,42075,1,2,0:0:0:0:
320,192,42225,1,8,0:0:0:0:
192,192,42525,1,8,0:0:0:0:
448,192,42525,1,0,0:0:0:0:
64,192,42825,1,8,0:0:0:0:
320,192,43125,1,8,0:0:0:0:
192,192,43275,1,2,0:0:0:0:
448,192,43425,1,8,0:0:0:0:
64,192,43725,1,4,0:0:0:0:
320,192,43725,1,8,0:0:0:0:
64,192,44175,1,8,0:0:0:0:
448,192,44175,1,4,0:0:0:0:
64,192,44625,1,8,0:0:0:0:
192,192,44625,1,4,0:0:0:0:
320,192,44775,1,2,0:0:0:0:
448,192,44775,1,0,0:0:0:0:
64,192,45525,1,10,0:0:0:0:
192,192,45675,1,0,0:0:0:0:
448,192,45825,1,10,0:0:0:0:
320,192,45975,1,0,0:0:0:0:
64,192,46125,1,2,0:0:0:0:
192,192,46125,1,4,0:0:0:0:
448,192,46425,1,8,0:0:0:0:
192,192,46725,1,2,0:0:0:0:
320,192,47025,1,8,0:0:0:0:
64,192,47175,1,2,0:0:0:0:
192,192,47175,1,0,0:0:0:0:
448,192,47475,1,2,0:0:0:0:
320,192,47625,1,8,0:0:0:0:
64,192,47775,1,0,0:0:0:0:
192,192,47925,1,2,0:0:0:0:
448,192,48225,1,8,0:0:0:0:
64,192,48525,1,2,0:0:0:0:
320,192,48525,1,4,0:0:0:0:
192,192,48675,1,0,0:0:0:0:
448,192,48975,1,0,0:0:0:0:
320,192,49125,1,2,0:0:0:0:
64,192,49425,1,8,0:0:0:0:
320,192,49575,1,2,0:0:0:0:
448,192,49575,1,4,0:0:0:0:
192,192,49875,1,2,0:0:0:0:
320,192,50025,1,8,0:0:0:0:
448,192,50175,1,0,0:0:0:0:
64,192,50325,1,2,0:0:0:0:
192,192,50625,1,8,0:0:0:0:
320,192,50775,1,0,0:0:0:0:
64,192,50925,1,2,0:0:0:0:
448,192,50925,1,4,0:0:0:0:
192,192,51225,1,8,0:0:0:0:
320,192,51525,1,2,0:0:0:0:
64,192,51825,1,8,0:0:0:0:
320,192,51975,1,4,0:0:0:0:
448,192,51975,1,2,0:0:0:0:
192,192,52275,1,2,0:0:0:0:
320,192,52425,1,8,0:0:0:0:
192,192,52575,1,0,0:0:0:0:
448,192,52725,1,2,0:0:0:0:
64,192,53025,1,4,0:0:0:0:
192,192,53025,1,8,0:0:0:0:
320,192,53325,1,4,0:0:0:0:
448,192,53325,1,8,0:0:0:0:
64,192,53475,1,2,0:0:0:0:
192,192,53775,1,2,0:0:0:0:
320,192,53925,1,4,0:0:0:0:
448,192,53925,1,8,0:0:0:0:
64,192,54225,1,4,0:0:0:0:
192,192,54225,1,8,0:0:0:0:
320,192,54375,1,2,0:0:0:0:
448,192,54675,1,2,0:0:0:0:
64,192,54825,1,8,0:0:0:0:
192,192,54975,1,0,0:0:0:0:
320,192,55125,1,12,0:0:0:0:
64,192,55125,1,0,0:0:0:0:
192,192,55425,1,12,0:0:0:0:
448,192,55425,1,0,0:0:0:0:
64,192,55725,1,4,0:0:0:0:
192,192,55725,1,2,0:0:0:0:
320,192,56025,1,8,0:0:0:0:
64,192,56325,1,2,0:0:0:0:
192,192,56475,1,2,0:0:0:0:
320,192,56625,1,8,0:0:0:0:
448,192,56925,1,2,0:0:0:0:
64,192,57225,1,8,0:0:0:0:
320,192,57525,1,2,0:0:0:0:
448,192,57675,1,2,0:0:0:0:
64,192,57825,1,8,0:0:0:0:
192,192,57975,1,8,0:0:0:0:
320,192,58125,1,2,0:0:0:0:
64,192,58425,1,8,0:0:0:0:
448,192,58725,1,2,0:0:0:0:
320,192,59025,1,8,0:0:0:0:
64,192,59175,1,4,0:0:0:0:
192,192,59175,1,2,0:0:0:0:
320,192,59475,1,2,0:0:0:0:
64,192,59625,1,8,0:0:0:0:
448,192,59775,1,2,0:0:0:0:
192,192,59925,1,12,0:0:0:0:
64,192,59925,1,0,0:0:0:0:
320,192,60225,1,12,0:0:0:0:
448,192,60225,1,0,0:0:0:0:
192,192,60525,1,4,0:0:0:0:
448,192,60525,1,2,0:0:0:0:
64,192,60825,1,8,0:0:0:0:
320,192,61125,1,2,0:0:0:0:
448,192,61275,1,2,0:0:0:0:
192,192,61425,1,8,0:0:0:0:
320,192,61725,1,2,0:0:0:0:
64,192,62025,1,8,0:0:0:0:
448,192,62325,1,2,0:0:0:0:
192,192,62475,1,2,0:0:0:0:
320,192,62625,1,8,0:0:0:0:
64,192,62775,1,2,0:0:0:0:
192,192,63075,1,2,0:0:0:0:
448,192,63225,1,8,0:0:0:0:
64,192,63375,1,2,0:0:0:0:
320,192,63525,1,8,0:0:0:0:
64,192,63825,1,8,0:0:0:0:
448,192,63975,1,0,0:0:0:0:
320,192,64275,1,0,0:0:0:0:
192,192,64425,1,0,0:0:0:0:
64,192,64575,1,0,0:0:0:0:
448,192,64725,128,0,65025:0:0:0:0:
192,192,65025,1,2,0:0:0:0:
64,192,65025,1,0,0:0:0:0:
