1,1,437,0
1,4,437,0
1,1,729,0
1,4,729,0
1,1,1021,0
1,4,1021,0
1,4,1216,0
1,4,1411,0
1,4,1605,0
1,1,1703,0
1,4,1800,0
1,1,1898,0
1,1,1995,0
1,4,1995,0
1,4,2287,0
1,1,2287,0
1,1,2579,0
1,4,2579,0
1,1,2774,0
1,1,2969,0
1,1,3164,0
1,4,3261,0
1,1,3359,0
1,4,3456,0
1,1,3553,0
1,4,3553,0
1,1,3748,0
1,3,3846,0
1,1,3943,0
1,1,4138,0
1,4,4138,0
1,4,4333,0
1,2,4430,0
1,4,4527,0
1,1,4722,0
1,4,4722,0
1,1,4917,0
1,3,5014,0
1,1,5112,0
1,1,5209,0
1,4,5404,0
1,4,5501,0
1,2,5696,0
1,2,5794,0
1,3,5988,0
1,3,6086,0
1,4,6281,0
1,1,6378,0
1,4,6475,0
1,1,6573,0
2,1,6670,7839
2,4,6670,7839
1,3,6865,0
1,2,6962,0
1,3,7060,0
1,2,7157,0
1,3,7255,0
1,2,7449,0
1,3,7547,0
1,2,7644,0
1,3,7742,0
1,2,7839,0
1,1,8034,0
1,4,8034,0
1,1,8229,0
1,2,8229,0
1,1,8424,0
1,2,8424,0
1,4,8618,0
1,3,8618,0
1,4,8813,0
1,3,8813,0
1,1,9008,0
1,3,9105,0
1,1,9203,0
1,4,9398,0
1,2,9495,0
1,4,9592,0
1,4,9787,0
1,3,9787,0
1,4,9982,0
1,3,9982,0
1,1,10177,0
1,2,10177,0
1,1,10372,0
1,2,10372,0
1,4,10566,0
1,2,10664,0
1,4,10761,0
1,1,10956,0
1,3,11053,0
1,1,11151,0
2,1,11346,12027
1,4,11346,0
1,4,11540,0
1,4,11735,0
1,4,11930,0
2,4,12125,12807
1,1,12125,0
1,1,12320,0
1,1,12514,0
1,1,12709,0
1,1,12904,0
1,2,12904,0
1,1,13099,0
1,2,13099,0
1,3,13294,0
1,4,13294,0
1,3,13488,0
1,4,13488,0
1,1,13683,0
1,2,13683,0
1,4,13878,0
1,1,13878,0
2,1,13975,14268
2,4,13975,14268
1,4,14462,0
1,3,14462,0
1,3,14657,0
1,4,14657,0
1,2,14852,0
1,1,14852,0
1,2,15047,0
1,1,15047,0
1,4,15242,0
1,2,15339,0
1,4,15437,0
1,1,15631,0
1,3,15729,0
1,1,15826,0
1,1,16021,0
1,2,16021,0
1,2,16216,0
1,1,16216,0
1,3,16411,0
1,4,16411,0
1,3,16605,0
1,4,16605,0
1,1,16800,0
1,3,16898,0
1,1,16995,0
1,4,17190,0
1,2,17287,0
1,4,17385,0
1,4,17579,0
2,1,17579,18164
1,3,17774,0
1,2,17969,0
1,3,18164,0
2,4,18359,18943
1,1,18359,0
1,2,18553,0
1,3,18748,0
1,1,18943,0
1,4,19333,0
1,2,19430,0
1,4,19527,0
1,2,19625,0
1,4,19722,0
1,1,19917,0
1,3,20014,0
1,1,20112,0
1,3,20209,0
1,1,20307,0
1,1,20696,0
2,4,20696,21865
1,1,20891,0
1,1,21086,0
1,1,21281,0
1,1,21475,0
1,1,21670,0
1,1,21865,0
1,1,22060,0
1,4,22157,0
2,1,22255,23424
1,4,22255,0
1,4,22449,0
1,4,22644,0
1,4,22839,0
1,4,23034,0
1,4,23229,0
1,4,23424,0
1,4,23618,0
1,1,23716,0
1,4,23813,0
1,4,24008,0
1,3,24008,0
1,2,24105,0
1,1,24105,0
1,4,24203,0
1,3,24203,0
1,1,24398,0
1,4,24398,0
1,2,24398,0
1,3,24398,0
1,1,24592,0
1,2,24592,0
1,1,24787,0
1,2,24787,0
1,3,24885,0
1,4,24885,0
1,1,24982,0
1,2,24982,0
1,1,25177,0
1,2,25177,0
1,3,25177,0
1,4,25177,0
1,4,25372,0
1,4,25566,0
1,1,25566,0
1,1,25761,0
1,1,25956,0
1,4,25956,0
1,4,26151,0
1,4,26346,0
1,1,26346,0
1,1,26540,0
1,2,26540,0
1,3,26540,0
1,4,26540,0
1,4,26930,0
2,1,26930,28099
1,4,27125,0
1,4,27320,0
1,4,27514,0
1,4,27709,0
1,4,27904,0
1,4,28099,0
1,4,28294,0
1,1,28391,0
2,4,28488,29657
1,1,28488,0
1,1,28683,0
1,1,28878,0
1,1,29073,0
1,1,29268,0
1,1,29462,0
1,1,29657,0
1,1,29852,0
1,4,29949,0
1,1,30047,0
1,1,30242,0
1,2,30242,0
1,3,30339,0
1,4,30339,0
1,1,30437,0
1,2,30437,0
1,4,30631,0
1,1,30631,0
1,3,30631,0
1,2,30631,0
1,4,30826,0
1,3,30826,0
1,4,31021,0
1,3,31021,0
1,2,31118,0
1,1,31118,0
1,4,31216,0
1,3,31216,0
1,4,31411,0
1,3,31411,0
1,2,31411,0
1,1,31411,0
1,1,31605,0
1,1,31800,0
1,4,31800,0
1,4,31995,0
1,4,32190,0
1,1,32190,0
1,1,32385,0
1,1,32579,0
1,4,32579,0
1,4,32774,0
1,3,32774,0
1,2,32774,0
1,1,32774,0
2,1,33164,34333
2,4,33164,33456
2,3,33553,33846
2,4,33943,34235
2,3,34333,34625
2,4,34722,36281
2,1,34722,35014
2,2,35112,35404
2,1,35501,35794
2,2,35891,36183
2,1,36281,36962
1,3,36670,0
2,4,37060,37644
1,2,37449,0
2,2,37839,38813
2,1,37839,38813
1,3,38034,0
1,4,38034,0
1,3,38424,0
1,4,38424,0
1,3,38813,0
1,4,38813,0
1,3,39008,0
1,4,39008,0
1,2,39008,0
1,1,39008,0
1,1,39398,0
1,3,39495,0
1,1,39592,0
1,3,39690,0
1,1,39787,0
1,3,39885,0
1,1,39982,0
1,3,40079,0
1,1,40177,0
1,3,40274,0
1,1,40372,0
1,3,40469,0
1,1,40566,0
1,3,40664,0
1,1,40761,0
1,4,40956,0
1,2,41053,0
1,4,41151,0
1,2,41248,0
1,4,41346,0
1,2,41443,0
1,4,41540,0
1,2,41638,0
1,4,41735,0
1,2,41833,0
1,4,41930,0
1,2,42027,0
1,4,42125,0
1,2,42222,0
1,4,42320,0
1,4,42514,0
1,3,42612,0
1,1,42807,0
1,2,42904,0
1,4,43099,0
1,3,43196,0
1,1,43391,0
1,2,43488,0
1,4,43781,0
1,1,43878,0
1,4,43975,0
1,1,44073,0
1,2,44170,0
1,4,44365,0
1,3,44462,0
1,1,44657,0
1,2,44755,0
1,4,44949,0
1,3,45047,0
1,1,45242,0
1,4,45339,0
1,2,45437,0
1,3,45534,0
1,1,45631,0
1,4,45631,0
1,2,46021,0
1,3,46021,0
1,1,46411,0
1,4,46411,0
1,1,46703,0
1,4,46703,0
1,1,46995,0
1,4,46995,0
2,4,47190,48359
2,1,47190,48359
1,3,47385,0
1,2,47482,0
1,3,47579,0
1,2,47677,0
1,3,47774,0
1,2,47969,0
1,3,48066,0
1,2,48164,0
1,3,48261,0
1,2,48359,0
1,1,48553,0
1,4,48553,0
1,4,48748,0
1,2,48846,0
1,3,48943,0
1,1,49040,0
1,4,49138,0
1,2,49235,0
2,3,49333,49722
1,1,49722,0
1,1,49917,0
1,3,50014,0
1,2,50112,0
1,1,50307,0
1,3,50404,0
1,2,50501,0
1,4,50599,0
1,1,50696,0
1,3,50794,0
2,2,50891,51281
1,4,51281,0
1,4,51475,0
1,2,51573,0
1,4,51670,0
1,1,51962,0
1,4,52060,0
1,1,52157,0
1,1,52449,0
1,4,52449,0
2,2,52644,52937
2,4,52644,52937
1,1,52937,0
1,3,52937,0
1,1,53229,0
1,4,53229,0
1,1,53424,0
1,1,53618,0
1,4,53618,0
1,4,53813,0
1,4,54008,0
1,1,54008,0
1,1,54203,0
1,1,54398,0
1,4,54398,0
2,1,54495,54787
2,4,54495,54787
1,4,54982,0
1,2,55079,0
1,4,55177,0
1,2,55274,0
1,3,55372,0
1,1,55469,0
1,3,55566,0
1,1,55664,0
1,4,55761,0
1,2,55859,0
1,4,55956,0
1,2,56053,0
1,3,56151,0
1,4,56151,0
1,2,56248,0
1,1,56248,0
1,3,56346,0
1,4,56346,0
1,2,56443,0
1,1,56443,0
1,1,56540,0
1,3,56638,0
1,1,56735,0
1,3,56833,0
1,2,56930,0
1,4,57027,0
1,2,57125,0
1,4,57222,0
1,1,57320,0
1,3,57417,0
1,1,57514,0
1,3,57612,0
1,1,57709,0
1,2,57709,0
1,3,57807,0
1,4,57807,0
1,1,57904,0
1,2,57904,0
1,4,58001,0
1,3,58001,0
1,1,58294,0
1,2,58488,0
1,3,58683,0
1,4,58878,0
1,3,59073,0
1,2,59268,0
1,1,59462,0
2,1,59657,60047
1,3,59852,0
2,4,60047,60437
1,2,60242,0
2,1,60437,60826
1,3,60631,0
2,4,60826,61216
1,2,61021,0
2,1,61216,61411
2,2,61216,61411
1,4,61411,0
1,3,61411,0
2,4,61605,61800
2,3,61605,61800
1,2,61800,0
1,1,61800,0
2,1,61995,62190
2,2,61995,62190
1,3,62190,0
1,4,62190,0
2,3,62385,62579
2,4,62385,62579
1,2,62579,0
1,1,62579,0
2,1,62774,62969
2,2,62774,62969
1,3,62969,0
1,4,62969,0
2,4,63164,63359
2,3,63164,63359
1,1,63359,0
1,2,63359,0
2,1,63553,63748
2,2,63553,63748
1,3,63748,0
1,4,63748,0
2,4,63943,64138
2,3,63943,64138
1,2,64138,0
1,1,64138,0
1,4,64333,0
1,1,64430,0
1,3,64527,0
1,2,64625,0
1,4,64722,0
1,1,64820,0
1,3,64917,0
1,2,65014,0
1,4,65112,0
1,1,65209,0
1,3,65307,0
1,2,65404,0
1,4,65501,0
1,1,65599,0
1,3,65696,0
1,2,65794,0
1,4,65891,0
1,3,65988,0
1,1,66183,0
1,2,66281,0
1,4,66475,0
1,3,66573,0
1,1,66768,0
1,3,66865,0
1,4,67060,0
1,1,67157,0
1,4,67255,0
1,1,67352,0
1,4,67449,0
1,4,69008,0
1,3,69105,0
1,4,69300,0
1,3,69398,0
1,4,69592,0
1,3,69690,0
1,2,69787,0
1,1,69787,0
1,1,69982,0
1,2,69982,0
1,3,70177,0
1,4,70177,0
1,2,70274,0
1,1,70274,0
1,3,70372,0
1,4,70372,0
1,2,70469,0
1,1,70469,0
1,1,70566,0
1,2,70664,0
1,1,70859,0
1,2,70956,0
1,1,71151,0
1,2,71248,0
1,3,71346,0
1,4,71346,0
1,4,71540,0
1,3,71540,0
1,1,71735,0
1,2,71735,0
1,3,71833,0
1,4,71833,0
1,2,71930,0
1,1,71930,0
1,3,72027,0
1,4,72027,0
1,1,72125,0
1,4,72125,0
1,1,72320,0
1,3,72417,0
1,1,72514,0
1,1,72709,0
1,4,72709,0
1,4,72904,0
1,2,73001,0
1,4,73099,0
1,1,73294,0
1,4,73294,0
1,2,73488,0
1,3,73586,0
2,4,73683,75242
1,1,73683,0
1,2,73781,0
1,1,73975,0
1,2,74073,0
1,1,74268,0
1,2,74365,0
1,1,74560,0
1,2,74657,0
1,1,74852,0
1,2,74949,0
1,1,75047,0
1,2,75144,0
2,1,75242,76605
1,4,75437,0
1,2,75534,0
1,4,75631,0
1,2,75729,0
1,4,75826,0
1,4,76021,0
1,2,76118,0
1,4,76216,0
1,2,76313,0
1,4,76411,0
1,4,76800,0
1,3,76898,0
1,1,77092,0
1,2,77190,0
1,1,77385,0
1,4,77385,0
1,4,77482,0
1,1,77482,0
