1,1,226,0
1,4,226,0
1,2,413,0
1,3,601,0
1,2,788,0
2,4,976,1351
1,1,1351,0
1,3,1538,0
1,2,1726,0
1,3,1913,0
1,4,2101,0
1,1,2288,0
2,4,2476,2851
1,2,2851,0
1,1,3038,0
1,3,3226,0
1,4,3413,0
1,2,3601,0
1,3,3788,0
2,1,3976,4351
1,4,4351,0
1,3,4538,0
2,2,4726,5101
1,3,5101,0
2,1,5476,6226
2,4,5851,6226
1,2,6226,0
1,3,6226,0
1,1,6413,0
1,4,6601,0
1,2,6788,0
1,4,6976,0
1,3,6976,0
1,1,7351,0
1,2,7351,0
1,3,7538,0
1,2,7726,0
1,1,7913,0
1,4,7913,0
1,3,8101,0
2,2,8288,8476
1,1,8476,0
1,4,8476,0
1,3,8601,0
1,2,8726,0
1,1,8851,0
1,4,8976,0
1,3,9101,0
1,1,9226,0
1,2,9226,0
1,3,9413,0
1,2,9601,0
1,4,9601,0
1,1,9788,0
1,2,9976,0
1,3,9976,0
1,4,10163,0
1,1,10351,0
1,3,10351,0
1,2,10538,0
1,1,10726,0
1,4,10726,0
1,2,10913,0
1,4,10913,0
1,3,11101,0
1,1,11101,0
1,1,11288,0
1,4,11288,0
1,2,11476,0
1,4,11757,0
1,1,12038,0
1,2,12226,0
1,4,12226,0
1,3,12413,0
1,1,12601,0
1,2,12788,0
1,3,12976,0
2,4,12976,13351
1,1,13351,0
1,2,13351,0
1,3,13538,0
1,1,13726,0
1,3,13913,0
1,4,13913,0
1,2,14101,0
2,4,14288,14476
1,2,14476,0
2,1,14476,14851
1,3,14851,0
1,1,15038,0
1,2,15038,0
1,3,15226,0
1,4,15226,0
1,1,15413,0
1,4,15601,0
1,2,15788,0
1,1,15976,0
2,4,15976,16351
1,2,16351,0
1,1,16351,0
1,3,16538,0
2,1,16726,17101
1,3,16913,0
1,4,16913,0
1,2,17101,0
1,3,17288,0
1,1,17476,0
2,4,17476,17851
2,2,17851,18226
1,1,17851,0
1,1,18226,0
1,4,18226,0
1,3,18413,0
1,2,18601,0
1,3,18788,0
1,1,18976,0
1,4,18976,0
1,3,19257,0
1,2,19351,0
1,1,19351,0
1,4,19538,0
1,1,19726,0
1,2,19913,0
1,3,19913,0
1,4,20101,0
1,1,20288,0
1,3,20476,0
1,4,20476,0
1,2,20601,0
1,1,20726,0
1,4,20851,0
1,3,20976,0
1,2,21101,0
1,1,21226,0
1,4,21226,0
1,3,21413,0
1,1,21601,0
1,2,21601,0
1,4,21788,0
1,3,21976,0
1,2,21976,0
1,1,22163,0
1,3,22351,0
1,4,22351,0
1,2,22538,0
1,1,22726,0
1,4,22726,0
1,3,22913,0
1,2,23101,0
1,1,23101,0
1,3,23288,0
1,4,23476,0
2,1,23476,23663
2,3,23663,23851
1,1,23851,0
2,2,23851,24038
2,4,24038,24226
1,1,24226,0
1,3,24226,0
1,2,24413,0
1,4,24601,0
1,3,24601,0
1,1,24788,0
1,4,24976,0
1,2,25257,0
1,1,25351,0
1,3,25351,0
1,4,25538,0
1,2,25726,0
1,3,25913,0
1,1,26101,0
1,4,26101,0
1,2,26288,0
1,3,26476,0
1,2,26757,0
1,1,26851,0
1,4,26851,0
1,3,27038,0
1,1,27226,0
1,4,27413,0
1,1,27601,0
1,2,27601,0
1,3,27788,0
1,1,27976,0
1,4,28257,0
1,3,28351,0
1,2,28351,0
1,1,28538,0
1,4,28726,0
1,2,28913,0
1,1,29101,0
1,4,29101,0
2,2,29476,29663
2,3,29663,29851
2,1,29851,30038
2,4,30038,30226
1,2,30226,0
1,1,30226,0
1,3,30413,0
1,2,30601,0
1,4,30601,0
1,1,30788,0
1,3,30976,0
1,2,31257,0
1,3,31351,0
1,4,31351,0
1,1,31538,0
1,4,31726,0
1,3,31913,0
1,1,32101,0
1,2,32101,0
1,3,32288,0
1,1,32476,0
1,4,32757,0
1,1,32851,0
1,3,32851,0
1,2,33038,0
2,4,33226,33413
2,1,33413,33601
1,2,33601,0
2,3,33601,33788
2,4,33788,33976
2,2,33976,34163
2,1,34163,34351
1,2,34351,0
2,3,34351,34538
2,4,34538,34726
1,1,34726,0
1,2,34819,0
1,4,35007,0
1,1,35101,0
2,3,35101,35288
2,2,35288,35476
2,4,35476,35663
2,1,35663,35851
2,2,35851,36038
1,3,35851,0
2,4,36038,36226
1,1,36226,0
1,2,36226,0
1,3,36413,0
1,2,36601,0
1,4,36788,0
1,1,36976,0
1,3,37351,0
1,4,37351,0
1,1,37538,0
1,2,37538,0
1,4,37726,0
1,2,37913,0
2,3,38288,38476
1,2,38476,0
1,4,38663,0
1,1,38851,0
1,3,39038,0
1,4,39038,0
2,1,39226,39601
1,2,39226,0
1,3,39601,0
1,2,39788,0
2,4,39976,40351
1,3,40351,0
1,2,40351,0
1,1,40538,0
1,4,40538,0
2,2,40726,41101
1,4,41101,0
1,3,41288,0
2,1,41476,41851
1,3,41663,0
1,4,41663,0
1,2,41851,0
1,4,42038,0
1,3,42038,0
1,1,42226,0
1,2,42226,0
1,3,42413,0
1,2,42601,0
1,1,42788,0
1,4,42788,0
1,3,42976,0
1,1,43351,0
1,4,43351,0
1,2,43538,0
1,3,43726,0
1,1,43913,0
1,2,44288,0
1,3,44476,0
1,4,44476,0
1,1,44663,0
1,4,44851,0
1,1,45038,0
1,2,45038,0
2,4,45226,45601
1,3,45226,0
1,2,45601,0
1,3,45788,0
2,1,45976,46351
1,2,45976,0
1,3,46351,0
1,2,46538,0
1,3,46726,0
1,4,46726,0
1,2,46913,0
1,4,47101,0
1,1,47101,0
1,3,47288,0
1,1,47476,0
1,2,47476,0
1,3,47663,0
1,2,47757,0
1,1,47851,0
1,4,47851,0
1,2,48038,0
1,3,48038,0
1,4,48226,0
1,1,48226,0
1,3,48413,0
1,1,48601,0
1,2,48601,0
1,3,48788,0
1,1,48976,0
1,4,48976,0
1,2,49257,0
1,3,49257,0
1,3,49538,0
1,1,49538,0
1,2,49726,0
1,4,49726,0
1,1,49913,0
1,3,50101,0
1,4,50101,0
1,2,50288,0
1,1,50476,0
1,3,50476,0
1,4,50757,0
1,2,50757,0
1,1,51038,0
1,4,51038,0
1,1,51226,0
1,3,51226,0
1,2,51413,0
1,3,51601,0
1,4,51601,0
1,2,51788,0
1,1,51976,0
1,4,51976,0
1,2,52257,0
1,3,52257,0
1,2,52538,0
1,1,52538,0
1,3,52726,0
1,4,52726,0
1,1,52913,0
1,2,53101,0
1,4,53101,0
1,3,53288,0
2,4,53476,53851
2,1,53851,54226
1,4,54226,0
1,3,54226,0
1,2,54413,0
1,1,54601,0
1,4,54601,0
1,3,54788,0
1,1,54976,0
1,2,54976,0
1,1,55257,0
1,4,55257,0
1,4,55538,0
1,2,55538,0
1,3,55726,0
1,1,55726,0
1,2,55913,0
1,3,56101,0
1,4,56101,0
1,1,56288,0
1,2,56476,0
1,4,56476,0
1,2,56757,0
1,3,56757,0
1,1,57038,0
1,3,57038,0
1,4,57226,0
1,2,57226,0
1,1,57413,0
1,3,57601,0
1,4,57601,0
1,2,57788,0
1,1,57976,0
1,3,57976,0
1,2,58163,0
1,4,58163,0
1,4,58351,0
1,1,58351,0
1,2,58538,0
1,3,58538,0
2,1,58726,58913
2,4,58913,59101
2,2,59101,59288
2,3,59288,59476
2,4,59476,59663
2,1,59663,59851
1,4,59851,0
2,2,59944,60226
1,3,60226,0
1,4,60226,0
1,1,60413,0
1,2,60601,0
1,4,60601,0
1,3,60788,0
1,4,60976,0
1,1,61163,0
1,2,61351,0
1,3,61351,0
1,4,61538,0
1,3,61632,0
1,1,61726,0
1,2,61913,0
1,1,62101,0
1,3,62101,0
2,4,62288,62663
1,1,62663,0
1,2,62663,0
1,1,62851,0
1,3,62851,0
1,3,63038,0
1,2,63038,0
1,1,63226,0
1,4,63226,0
1,2,63601,0
1,3,63601,0
1,1,63976,0
1,4,64163,0
1,1,64351,0
1,2,64351,0
2,3,64538,64913
1,1,64913,0
1,2,65007,0
1,3,65101,0
1,4,65101,0
1,1,65288,0
1,4,65476,0
1,2,65663,0
1,3,65757,0
1,1,65851,0
2,4,65851,66226
1,2,66226,0
1,1,66226,0
1,3,66413,0
1,1,66601,0
1,4,66601,0
1,2,66788,0
1,3,66976,0
1,4,66976,0
1,2,67257,0
1,3,67257,0
1,4,67351,0
1,2,67538,0
1,1,67538,0
1,3,67726,0
1,4,67726,0
1,1,67913,0
1,2,68101,0
1,4,68101,0
1,3,68288,0
1,1,68476,0
1,2,68476,0
1,3,68757,0
1,2,68757,0
1,1,68851,0
1,3,69038,0
1,4,69038,0
1,1,69226,0
1,2,69226,0
1,2,69413,0
1,3,69601,0
1,4,69601,0
1,4,69788,0
1,1,69976,0
1,2,69976,0
1,1,70163,0
1,3,70351,0
1,4,70351,0
1,4,70538,0
2,1,70726,71476
1,2,70726,0
1,1,72226,0
2,4,72226,72507
2,2,72507,72788
2,3,72788,72976
1,4,72976,0
2,1,72976,73163
2,2,73351,73726
1,3,73351,0
2,4,73726,74007
1,3,74007,0
2,1,74101,74288
1,2,74101,0
2,3,74288,74476
2,2,74476,74663
1,1,74476,0
1,4,74851,0
2,4,75038,75226
2,1,75226,75601
1,2,75226,0
2,3,75601,75788
2,4,75788,75976
1,1,75976,0
1,2,75976,0
2,3,76163,76351
1,2,76351,0
1,4,76351,0
2,1,76538,76726
1,2,76726,0
2,4,76913,77101
1,2,77101,0
1,3,77101,0
2,1,77288,77476
1,3,77476,0
2,4,77476,77851
2,2,77851,78226
2,1,78226,78507
2,3,78507,78788
2,2,78788,78976
2,4,78976,79163
2,1,78976,79163
2,2,79351,79726
1,3,79351,0
2,4,79726,80007
1,3,80007,0
1,1,80101,0
2,2,80101,80288
2,4,80288,80476
2,1,80476,80663
2,2,80476,80663
2,3,80663,80851
2,2,80851,81038
2,1,81038,81226
1,3,81226,0
2,4,81226,81601
1,2,81413,0
2,1,81601,81976
1,3,81601,0
1,2,81788,0
2,3,81976,82351
1,4,81976,0
1,1,82163,0
1,4,82351,0
2,2,82351,82726
1,3,82538,0
1,1,82726,0
1,4,82726,0
1,2,82913,0
2,3,83101,83476
1,4,83101,0
1,2,83288,0
2,1,83476,83851
1,4,83476,0
1,2,83663,0
1,3,83851,0
2,4,83851,84226
1,2,84038,0
2,1,84226,84507
1,3,84226,0
1,2,84507,0
2,3,84601,84788
1,4,84601,0
2,1,84788,84976
2,4,84976,85163
1,2,84976,0
1,1,85257,0
1,3,85257,0
2,4,85351,85726
1,1,85538,0
1,2,85726,0
2,3,85726,86007
1,2,86007,0
2,1,86101,86288
1,4,86101,0
2,3,86288,86476
1,1,86476,0
2,2,86476,86663
1,3,86757,0
1,4,86757,0
1,1,86851,0
2,1,87038,87226
1,2,87038,0
1,3,87226,0
2,4,87226,87601
2,2,87601,87788
1,1,87601,0
2,3,87788,87976
1,1,87976,0
1,4,87976,0
2,2,88163,88351
1,3,88351,0
1,4,88351,0
2,1,88538,88726
1,2,88538,0
1,4,88726,0
1,3,88726,0
2,2,88913,89101
1,1,89101,0
1,3,89101,0
2,4,89288,89476
2,1,89476,89663
2,3,89663,89851
2,4,89851,90038
2,1,90038,90226
1,2,90226,0
2,4,90226,90507
1,3,90507,0
2,1,90601,90788
1,2,90601,0
2,4,90788,90976
2,2,90976,91163
1,3,90976,0
1,1,91351,0
2,4,91351,91726
1,1,91726,0
2,2,91726,92007
1,3,92007,0
1,1,92101,0
2,4,92101,92288
2,2,92288,92476
2,3,92476,92663
1,4,92476,0
2,1,92851,93226
1,2,92851,0
1,3,93226,0
2,4,93226,93601
1,2,93413,0
1,3,93601,0
2,1,93601,93976
1,4,93788,0
1,2,93976,0
2,3,93976,94351
1,1,94163,0
2,2,94351,94726
1,4,94351,0
1,1,94538,0
1,4,94726,0
1,3,94726,0
2,1,94913,95288
1,3,95101,0
1,4,95101,0
2,2,95288,95476
1,3,95476,0
2,4,95476,95663
1,1,95663,0
1,3,95757,0
1,1,95851,0
2,2,95851,96038
2,4,96038,96226
1,3,96226,0
1,1,96226,0
1,2,96413,0
1,4,96601,0
1,3,96788,0
1,1,96976,0
1,2,96976,0
1,3,97351,0
1,4,97538,0
1,1,97726,0
1,2,97726,0
1,3,97913,0
1,1,98101,0
1,2,98288,0
1,3,98476,0
2,4,98476,98663
2,1,98663,98851
2,3,98851,99038
2,2,99038,99226
2,4,99226,99601
2,1,99601,99976
1,4,99976,0
2,3,99976,100351
2,1,100351,100538
2,4,100538,100913
2,2,100913,101101
2,3,101101,101288
2,1,101288,101476
1,2,101476,0
1,4,101476,0
1,3,101663,0
1,1,101851,0
1,2,102038,0
1,3,102226,0
2,4,102226,102413
2,1,102413,102601
2,2,102601,102788
1,3,102788,0
2,4,102788,102976
1,1,102976,0
1,2,102976,0
2,4,103351,103538
1,3,103351,0
2,2,103538,103726
2,3,103726,103913
2,4,103913,104101
2,1,104288,104476
2,3,104476,104663
1,4,104476,0
2,2,104663,104851
2,4,104851,105226
1,1,105038,0
2,2,105226,105601
2,3,105226,105601
1,1,105601,0
1,4,105788,0
2,2,105976,106351
2,1,105976,106351
1,3,106351,0
1,2,106538,0
2,3,106726,107101
2,4,106726,107101
1,1,107101,0
1,2,107101,0
1,3,107288,0
2,1,107476,107757
1,4,107476,0
1,2,107757,0
2,4,107851,108226
1,3,107851,0
1,2,108038,0
2,1,108226,108601
1,3,108226,0
1,2,108601,0
1,3,108788,0
1,4,108788,0
1,2,108976,0
2,4,108976,109351
1,1,109351,0
1,3,109726,0
2,2,109726,110101
1,4,110101,0
1,1,110288,0
1,2,110288,0
2,1,110476,110851
1,3,110476,0
1,4,110663,0
2,4,110851,111226
1,1,111226,0
2,2,111226,111601
1,4,111601,0
1,1,111788,0
2,3,111788,111976
2,1,111976,112351
1,2,111976,0
1,3,112351,0
2,2,112538,112726
1,3,112726,0
2,4,112726,113101
1,1,113101,0
1,3,113288,0
2,2,113288,113476
2,4,113476,113663
2,1,113663,113851
2,3,113851,114038
1,2,114038,0
1,1,114226,0
1,4,114226,0
1,2,114413,0
1,3,114601,0
1,4,114601,0
1,2,114788,0
1,3,114976,0
1,1,114976,0
1,1,115257,0
1,4,115257,0
1,2,115538,0
1,4,115538,0
1,1,115726,0
1,3,115726,0
1,2,115913,0
1,3,116101,0
1,4,116101,0
1,1,116288,0
1,2,116476,0
1,4,116476,0
1,2,116757,0
1,3,116757,0
1,1,117038,0
1,3,117038,0
1,2,117226,0
1,4,117226,0
1,1,117413,0
1,4,117601,0
1,3,117601,0
1,2,117788,0
1,1,117976,0
1,3,117976,0
1,2,118257,0
1,4,118257,0
1,3,118538,0
1,4,118538,0
2,1,118726,118913
1,2,118726,0
2,4,118913,119101
2,2,119101,119288
2,3,119288,119476
2,4,119476,119663
2,1,119663,119851
1,4,119851,0
2,2,120038,120226
2,3,120226,120413
1,4,120226,0
2,1,120413,120601
2,3,120788,120976
2,2,120976,121163
2,4,121163,121351
2,2,121538,121726
2,3,121726,121913
2,1,121913,122101
2,4,122288,122476
2,2,122476,122663
2,3,122663,122851
1,4,122663,0
2,1,122851,123038
2,4,123038,123226
1,2,123038,0
2,1,123226,123413
1,3,123226,0
2,3,123601,123788
2,1,123976,124163
2,4,124163,124351
2,2,124351,124538
2,3,124538,124726
2,2,124726,124913
2,4,124913,125101
2,1,125101,125288
2,3,125288,125476
2,4,125476,125663
2,2,125663,125851
1,1,125851,0
1,3,126226,0
1,4,126226,0
1,2,126413,0
1,1,126601,0
1,4,126601,0
1,3,126788,0
1,2,126976,0
1,1,126976,0
1,2,127257,0
1,3,127257,0
1,1,127351,0
1,3,127538,0
1,4,127538,0
1,1,127726,0
1,2,127726,0
1,4,127913,0
1,1,128101,0
1,3,128101,0
1,2,128288,0
1,3,128476,0
1,4,128476,0
1,2,128757,0
1,3,128757,0
1,4,128851,0
1,1,129038,0
1,2,129038,0
1,3,129226,0
1,4,129226,0
1,3,129413,0
1,4,129601,0
1,1,129601,0
1,1,129788,0
1,3,129976,0
1,4,129976,0
1,4,130163,0
1,1,130351,0
1,3,130351,0
1,1,130538,0
1,2,130726,0
1,4,130726,0
1,3,130913,0
1,1,131101,0
1,4,131194,0
1,2,131382,0
1,3,131569,0
1,1,131663,0
1,4,131757,0
1,1,131851,0
1,2,131851,0
1,2,132226,0
2,4,132226,132507
1,3,132507,0
1,1,132601,0
2,2,132601,132788
2,4,132788,132976
2,1,132976,133163
1,3,132976,0
1,2,133351,0
2,4,133351,133726
1,3,133538,0
2,1,133726,134007
1,2,133726,0
1,3,134007,0
1,2,134101,0
2,4,134101,134288
2,3,134288,134476
2,1,134476,134663
1,2,134476,0
1,2,134851,0
1,4,134851,0
1,3,135038,0
2,4,135038,135226
1,2,135226,0
2,1,135226,135601
2,3,135601,135788
1,4,135601,0
2,2,135788,135976
1,1,135976,0
1,4,135976,0
2,3,136163,136351
1,1,136351,0
1,2,136351,0
2,4,136538,136726
1,3,136726,0
1,2,136726,0
2,1,136913,137101
1,3,137101,0
1,4,137101,0
2,2,137288,137476
1,1,137476,0
2,4,137476,137851
1,1,137851,0
1,2,137851,0
1,4,138038,0
1,3,138038,0
2,1,138226,138507
1,2,138226,0
1,3,138507,0
1,2,138601,0
2,4,138601,138788
2,1,138788,138976
2,3,138976,139163
1,4,138976,0
2,1,139351,139726
1,4,139351,0
1,2,139538,0
2,3,139726,140007
1,4,139726,0
1,2,140007,0
2,1,140101,140288
1,4,140101,0
2,3,140288,140476
1,1,140476,0
2,2,140476,140663
1,3,140851,0
2,4,140851,141226
1,2,141038,0
1,1,141226,0
1,3,141226,0
1,2,141476,0
1,4,141476,0
1,2,141726,0
1,3,141726,0
1,1,141976,0
1,4,141976,0
1,1,142226,0
1,3,142226,0
1,4,142476,0
1,2,142476,0
1,1,142726,0
1,2,142726,0
1,3,142976,0
1,4,142976,0
1,1,143226,0
1,4,143226,0
2,1,143476,143851
1,2,143476,0
2,4,143851,144226
1,3,144226,0
2,1,144226,144507
1,2,144507,0
2,3,144601,144788
1,4,144601,0
2,1,144788,144976
1,2,144976,0
2,4,144976,145163
1,1,145257,0
1,3,145257,0
2,4,145351,145726
1,1,145538,0
1,2,145726,0
2,3,145726,146007
1,2,146007,0
2,1,146101,146288
1,4,146101,0
2,3,146288,146476
1,1,146476,0
2,2,146476,146663
1,3,146757,0
1,4,146757,0
1,1,146851,0
2,1,147038,147226
1,2,147038,0
1,3,147226,0
2,4,147226,147601
1,1,147601,0
2,2,147601,147788
2,3,147788,147976
1,1,147976,0
1,4,147976,0
2,2,148163,148351
1,4,148351,0
1,3,148351,0
2,1,148538,148726
1,2,148538,0
1,3,148726,0
1,4,148726,0
2,2,148913,149101
1,1,149101,0
1,3,149101,0
2,4,149288,149476
2,1,149476,149663
2,3,149663,149851
2,2,149851,150038
2,4,150038,150226
1,1,150226,0
2,3,150226,150507
1,4,150507,0
2,1,150601,150788
1,2,150601,0
2,4,150788,150976
2,2,150976,151163
1,3,150976,0
2,4,151351,151726
1,1,151351,0
1,1,151538,0
2,2,151726,152007
1,3,151726,0
1,1,152007,0
1,3,152101,0
2,4,152101,152288
2,1,152288,152476
2,3,152476,152663
1,4,152476,0
1,2,152663,0
2,1,152851,153226
1,4,152851,0
1,2,153038,0
1,3,153226,0
2,4,153226,153601
1,2,153413,0
2,1,153601,153976
1,3,153601,0
1,4,153788,0
1,2,153976,0
2,3,153976,154351
1,1,154163,0
2,2,154351,154726
1,4,154351,0
1,1,154538,0
1,3,154726,0
1,4,154726,0
2,1,154913,155288
1,3,155101,0
1,4,155101,0
2,2,155288,155476
1,4,155476,0
1,3,155476,0
1,1,155663,0
1,2,155663,0
1,1,155851,0
1,3,155851,0
1,2,156038,0
1,4,156038,0
2,3,156226,157538
2,4,156226,157913
2,1,157538,157913
2,3,157913,158476
2,2,157913,159226
2,4,158476,159226
2,1,159226,159788
2,3,159788,159976
2,4,159976,160538
2,2,160538,160726
2,1,160726,160913
2,3,160913,161101
2,4,161101,161288
1,2,161288,0
1,3,161382,0
2,4,161476,161663
2,2,161663,161851
2,1,161851,162038
2,4,162038,162226
1,1,162226,0
1,3,162413,0
1,2,162601,0
2,1,162788,162976
1,3,162976,0
1,2,163163,0
2,4,163351,163538
1,1,163538,0
1,3,163726,0
2,2,163913,164101
1,4,164101,0
1,1,164288,0
2,3,164476,164663
1,2,164663,0
1,4,164851,0
2,1,165038,165226
1,2,165226,0
1,3,165413,0
2,4,165601,165788
1,1,165788,0
1,2,165976,0
2,3,166163,166351
1,2,166351,0
2,4,166538,166726
2,2,166913,167101
1,4,167101,0
1,1,167288,0
1,3,167476,0
2,4,168226,168413
1,1,168226,0
2,2,168413,168601
2,3,168601,168788
1,4,168601,0
2,1,168788,168976
2,4,169163,169538
1,3,169351,0
2,2,169538,169726
2,1,169913,170101
1,2,169913,0
1,4,170101,0
2,3,170101,170288
2,2,170288,170476
1,1,170476,0
2,4,170476,170757
1,1,170757,0
2,3,170757,171038
2,2,171038,171226
1,4,171038,0
2,1,171226,171507
1,3,171226,0
1,3,171507,0
1,2,171601,0
2,4,171601,171788
2,1,171788,172163
1,3,171788,0
2,4,172163,172351
2,2,172351,172538
1,3,172351,0
2,1,172538,172726
2,3,172726,172913
2,2,172913,173101
1,1,172913,0
1,3,173101,0
2,4,173101,173288
2,1,173288,173476
2,3,173476,173663
1,4,173476,0
1,1,173663,0
1,2,173757,0
2,4,173851,174038
1,3,173851,0
1,2,174038,0
2,1,174038,174226
2,3,174226,174413
1,4,174226,0
2,2,174413,174601
2,3,174601,174788
1,4,174601,0
2,1,174788,174976
2,4,174976,175163
2,3,175163,175351
1,2,175351,0
2,1,175351,175538
2,4,175538,175913
1,1,175913,0
2,2,175913,176101
1,3,176101,0
1,4,176101,0
2,1,176288,176476
1,3,176476,0
2,4,176476,176663
1,2,176663,0
1,3,176757,0
1,4,176851,0
2,1,176851,177038
1,2,177038,0
2,3,177038,177226
2,1,177226,177413
1,4,177226,0
2,2,177413,177601
1,3,177601,0
2,4,177601,177788
2,1,177788,177976
1,2,177788,0
2,3,177976,178163
2,2,178163,178351
1,3,178351,0
2,4,178351,178538
2,1,178538,179382
1,2,178538,0
1,4,179382,0
1,2,179476,0
1,4,179663,0
1,2,179757,0
2,3,179851,180226
1,4,180226,0
1,1,180226,0
1,3,180413,0
1,1,180601,0
1,2,180788,0
1,3,180976,0
1,4,180976,0
1,1,181351,0
1,2,181351,0
1,3,181538,0
1,2,181726,0
1,3,181913,0
1,4,181913,0
1,1,182101,0
2,4,182288,182476
1,1,182476,0
1,2,182476,0
1,4,182851,0
1,3,183038,0
1,4,183038,0
1,2,183226,0
1,1,183226,0
1,3,183413,0
1,2,183601,0
1,3,183788,0
1,1,183976,0
1,4,183976,0
1,1,184351,0
1,2,184351,0
1,3,184538,0
1,2,184726,0
1,3,184913,0
1,4,184913,0
1,1,185101,0
1,3,185288,0
1,2,185476,0
1,4,185476,0
1,1,185663,0
1,3,185757,0
1,4,185757,0
1,1,186038,0
1,2,186038,0
1,3,186226,0
2,4,186226,186507
2,2,186507,186788
2,3,186788,186976
2,1,186976,187163
2,4,186976,187163
2,2,187351,187726
1,3,187351,0
2,3,187726,188007
2,4,187726,188007
2,1,188007,188288
2,4,188288,188476
2,1,188476,188663
2,2,188476,188663
2,3,188851,189226
2,1,189226,189601
2,2,189226,189601
2,4,189601,189976
2,2,189976,190351
2,3,189976,190351
2,1,190351,190726
2,3,190726,191101
2,4,190726,191101
2,1,191101,191476
2,4,191476,191851
2,2,191851,192226
1,4,192226,0
1,1,192413,0
1,2,192413,0
1,3,192601,0
1,4,192601,0
1,2,192788,0
1,1,192976,0
1,4,192976,0
1,3,193257,0
1,2,193257,0
2,4,193351,193726
1,1,193538,0
1,2,193726,0
2,3,193726,194007
1,2,194007,0
2,1,194101,194288
1,4,194101,0
2,3,194288,194476
1,1,194476,0
2,2,194476,194663
1,4,194757,0
1,3,194757,0
1,1,194851,0
2,1,195038,195226
1,2,195038,0
1,3,195226,0
2,4,195226,195601
1,1,195601,0
2,2,195601,195788
2,3,195788,195976
1,4,195976,0
1,1,195976,0
2,2,196163,196351
1,3,196351,0
1,4,196351,0
2,1,196538,196726
1,2,196538,0
1,3,196726,0
1,4,196726,0
2,2,196913,197101
1,3,197101,0
1,1,197101,0
2,4,197288,197476
2,1,197476,197663
2,3,197663,197851
2,4,197851,198038
2,1,198038,198226
1,2,198226,0
2,4,198226,198507
1,3,198507,0
2,1,198601,198788
1,2,198601,0
2,4,198788,198976
2,2,198976,199163
1,3,199163,0
1,1,199163,0
1,2,199351,0
2,4,199351,199726
1,1,199726,0
2,2,199726,200007
1,3,200007,0
1,1,200101,0
2,4,200101,200288
2,2,200288,200476
2,3,200476,200663
1,4,200663,0
1,1,200663,0
1,1,200851,0
1,2,200851,0
1,3,201226,0
2,4,201226,201601
1,2,201413,0
2,1,201601,201976
1,3,201601,0
1,4,201788,0
2,3,201976,202351
1,2,201976,0
1,1,202163,0
2,2,202351,202726
1,4,202351,0
1,1,202538,0
1,3,202726,0
1,4,202726,0
2,1,202913,203288
2,4,203288,203476
2,2,203476,203663
1,1,203663,0
2,3,203757,204038
2,1,204038,204226
2,3,204226,205726
2,4,204226,207226
2,1,205726,207226
1,2,207226,0
1,3,207226,0
1,1,207413,0
1,3,207601,0
1,4,207788,0
2,2,207976,208257
2,3,208257,208538
2,1,208538,208726
1,3,208726,0
2,4,208726,209476
2,1,209476,210226
1,2,209476,0
1,3,210226,0
1,4,210226,0
1,2,210413,0
1,3,210601,0
1,1,210788,0
1,4,210976,0
1,2,211257,0
1,3,211538,0
1,1,211726,0
1,2,211913,0
1,4,212101,0
1,2,212288,0
2,3,212476,212851
2,4,212476,213226
2,1,212851,213226
1,2,213226,0
1,3,213413,0
1,1,213601,0
1,4,213788,0
1,2,213976,0
1,3,214257,0
1,1,214538,0
1,4,214726,0
1,3,215101,0
1,2,215476,0
1,1,215757,0
2,4,216038,217726
