1,1,516,0
1,4,516,0
1,3,667,0
1,2,819,0
2,4,970,1273
2,1,1273,1576
1,3,1576,0
1,2,1728,0
1,4,1879,0
1,3,2031,0
1,1,2182,0
1,2,2334,0
1,4,2485,0
1,3,2637,0
1,2,2788,0
1,4,2940,0
1,1,3091,0
1,3,3243,0
1,2,3394,0
1,4,3546,0
1,1,3697,0
1,3,3849,0
1,2,4000,0
1,4,4152,0
1,1,4303,0
1,2,4455,0
1,4,4606,0
1,3,4758,0
1,1,4909,0
1,2,5061,0
1,3,5212,0
1,1,5364,0
1,4,5364,0
1,2,5516,0
1,3,5667,0
2,1,5819,6122
2,4,6122,6425
1,2,6425,0
1,3,6576,0
1,1,6728,0
1,2,6879,0
1,3,7031,0
1,1,7182,0
1,4,7334,0
1,2,7485,0
1,3,7637,0
1,1,7788,0
1,2,7940,0
1,3,8091,0
1,4,8091,0
1,1,8243,0
1,4,8394,0
1,3,8546,0
1,1,8697,0
1,2,8697,0
1,4,8849,0
1,2,9000,0
1,3,9152,0
1,1,9303,0
1,4,9303,0
2,2,9455,9606
1,3,9606,0
1,4,9606,0
1,1,9758,0
1,2,9909,0
1,3,10061,0
1,1,10212,0
1,4,10212,0
1,2,10515,0
1,3,10515,0
1,4,10819,0
1,3,10970,0
1,1,11122,0
1,2,11122,0
1,3,11273,0
2,1,11425,11728
1,3,11728,0
1,4,11728,0
2,2,11879,12182
1,4,12182,0
1,1,12334,0
1,3,12334,0
1,2,12485,0
2,3,12637,12940
1,2,12940,0
1,4,12940,0
2,1,13091,13849
1,3,13546,0
1,4,13546,0
1,2,13849,0
1,1,14152,0
1,3,14152,0
1,4,14455,0
1,1,14758,0
1,2,14758,0
1,3,14909,0
1,1,15061,0
2,4,15061,15364
1,2,15364,0
1,3,15364,0
2,1,15515,15970
1,2,15970,0
1,4,15970,0
2,3,16273,16576
1,1,16576,0
1,4,16576,0
2,2,16728,17182
1,3,16879,0
1,1,17182,0
1,4,17182,0
1,3,17334,0
2,1,17485,17788
1,2,17788,0
1,4,17788,0
2,3,17940,18394
1,1,18394,0
1,2,18394,0
1,4,18697,0
1,3,18849,0
1,1,19000,0
1,2,19000,0
1,4,19152,0
1,3,19303,0
1,1,19455,0
1,2,19606,0
1,3,19758,0
1,1,19909,0
1,4,19909,0
1,2,20212,0
1,3,20212,0
1,4,20364,0
2,1,20516,20819
1,3,20819,0
1,4,20819,0
1,2,20970,0
1,3,21122,0
1,1,21273,0
1,2,21425,0
1,4,21425,0
2,3,21576,21879
1,2,21879,0
1,1,22031,0
1,4,22031,0
1,3,22182,0
2,2,22334,22637
1,3,22637,0
1,4,22637,0
2,1,22788,23091
2,4,23091,23394
1,3,23243,0
2,2,23394,23849
1,3,23849,0
1,4,23849,0
2,1,24152,24455
1,3,24455,0
2,4,24455,24758
1,2,24758,0
1,1,25061,0
1,4,25061,0
2,3,25364,25667
1,1,25667,0
1,2,25667,0
2,4,25970,26273
1,2,26273,0
1,3,26273,0
2,1,26425,26728
1,4,26728,0
1,2,26879,0
1,3,26879,0
1,1,27031,0
1,4,27182,0
1,1,27485,0
1,2,27485,0
2,3,27637,27940
1,1,27940,0
1,2,28091,0
1,4,28091,0
1,3,28243,0
1,1,28394,0
1,2,28394,0
1,3,28546,0
1,1,28697,0
1,4,28697,0
2,2,28849,29000
1,3,29000,0
1,4,29000,0
1,1,29152,0
1,2,29303,0
1,3,29455,0
1,1,29606,0
2,4,29606,31425
1,3,30061,0
1,1,30516,0
1,3,30970,0
1,2,31425,0
1,3,31576,0
1,1,31728,0
1,4,31728,0
2,2,31879,32182
1,3,32031,0
1,4,32031,0
2,1,32182,32485
2,3,32485,32788
2,2,32788,33091
2,4,33091,33394
1,3,33394,0
2,1,33546,33849
1,4,33849,0
1,3,34000,0
1,1,34152,0
1,2,34152,0
1,3,34303,0
1,1,34455,0
2,4,34455,34758
1,2,34758,0
2,3,34909,35212
1,1,35212,0
2,2,35364,35819
1,4,35819,0
2,1,35970,36273
1,3,36273,0
1,2,36425,0
1,3,36576,0
2,4,36576,36879
1,1,36879,0
1,2,36879,0
1,3,37031,0
1,1,37182,0
1,4,37334,0
1,2,37485,0
1,3,37637,0
1,4,37788,0
1,1,37940,0
1,3,38091,0
1,1,38243,0
1,2,38243,0
1,3,38394,0
1,4,38394,0
2,2,38546,38697
1,1,38697,0
1,4,38697,0
1,3,38849,0
1,2,39000,0
1,1,39152,0
1,3,39303,0
1,4,39303,0
2,2,39455,39758
1,4,39758,0
1,1,39909,0
1,3,39909,0
1,2,40061,0
1,4,40212,0
1,2,40364,0
2,1,40515,40819
1,3,40667,0
1,2,40819,0
2,4,40970,41273
1,1,41122,0
1,3,41273,0
1,2,41425,0
1,1,41576,0
1,3,41728,0
2,2,41879,42182
1,3,42182,0
1,1,42334,0
2,4,42334,42637
2,3,42637,42940
1,2,42788,0
2,1,42940,43394
1,4,43091,0
1,2,43394,0
1,3,43546,0
1,4,43697,0
1,1,43849,0
1,2,43849,0
1,3,44000,0
1,1,44152,0
2,4,44152,44455
1,3,44455,0
1,1,44606,0
2,2,44606,44909
1,3,44909,0
2,1,45061,45364
1,4,45061,0
1,3,45364,0
2,2,45515,45667
1,3,45667,0
1,4,45667,0
1,1,45819,0
1,3,45970,0
1,2,46122,0
1,4,46273,0
1,3,46425,0
2,1,46576,46879
1,2,46576,0
2,4,46879,47031
2,3,47031,47182
2,1,47182,47334
2,2,47334,47485
2,3,47485,47637
1,1,47637,0
1,4,47637,0
1,1,47940,0
1,2,47940,0
1,3,48091,0
1,4,48091,0
1,1,48849,0
2,4,48849,49152
1,3,49152,0
2,1,49303,49606
1,2,49303,0
2,3,49606,49909
1,1,49909,0
1,2,49909,0
2,4,50061,50364
1,3,50212,0
2,1,50364,50667
1,2,50515,0
1,4,50667,0
2,3,50819,51122
1,1,51122,0
1,2,51122,0
2,4,51273,51576
1,3,51425,0
2,2,51576,51879
1,1,51728,0
1,4,51879,0
2,3,52031,52334
1,2,52334,0
1,4,52334,0
2,1,52485,52788
1,3,52637,0
1,2,52788,0
1,3,52940,0
1,4,52940,0
1,1,53091,0
1,4,53243,0
1,3,53394,0
1,1,53546,0
1,2,53546,0
1,3,53697,0
2,4,53697,54000
1,2,54000,0
1,1,54152,0
1,3,54152,0
1,4,54303,0
1,2,54455,0
1,3,54606,0
1,1,54758,0
1,2,54758,0
2,3,54909,55212
1,4,54909,0
1,1,55212,0
1,2,55364,0
1,4,55364,0
2,1,55515,55819
1,3,55515,0
1,4,55819,0
1,1,55970,0
1,2,55970,0
1,3,56122,0
2,4,56122,56425
1,1,56425,0
1,3,56576,0
1,2,56728,0
1,4,56879,0
1,1,57031,0
1,2,57182,0
1,3,57334,0
2,4,57334,57637
2,1,57637,57788
2,3,57788,57940
2,2,57940,58091
2,4,58091,58243
2,1,58243,58394
2,2,58394,58546
1,3,58546,0
2,4,58546,58849
2,1,58849,59152
1,2,59000,0
1,4,59152,0
2,3,59303,59606
1,1,59606,0
1,4,59606,0
2,2,59758,60061
1,3,59909,0
2,1,60061,60364
1,4,60212,0
1,2,60364,0
1,3,60515,0
1,1,60667,0
1,2,60819,0
1,4,60819,0
2,3,60970,61273
1,1,61122,0
1,4,61273,0
1,1,61425,0
1,2,61425,0
1,3,61576,0
1,4,61728,0
1,1,61879,0
1,2,62031,0
1,3,62031,0
2,4,62182,62485
1,1,62334,0
2,2,62485,62788
1,3,62637,0
1,1,62788,0
1,4,62940,0
1,3,63091,0
1,1,63243,0
1,2,63243,0
1,3,63394,0
1,1,63546,0
1,4,63546,0
1,2,63697,0
1,3,63849,0
2,4,63849,64152
2,1,64152,64455
1,2,64455,0
2,3,64455,64758
2,4,64758,65061
1,1,65061,0
1,2,65061,0
1,3,65212,0
2,1,65364,65667
1,4,65364,0
1,3,65667,0
1,4,65667,0
1,1,65819,0
2,2,65819,66122
1,4,66122,0
1,3,66273,0
1,1,66425,0
1,2,66576,0
1,4,66728,0
1,3,66879,0
1,2,67031,0
1,3,67182,0
1,1,67334,0
1,2,67485,0
1,4,67485,0
1,3,67788,0
1,1,67940,0
1,2,68091,0
1,3,68243,0
2,4,68243,68546
1,1,68546,0
1,3,68697,0
1,2,68849,0
1,4,69000,0
1,1,69152,0
1,3,69303,0
2,1,69455,69758
1,2,69455,0
1,4,69758,0
1,2,69909,0
1,3,70061,0
1,1,70212,0
1,4,70364,0
1,2,70515,0
2,3,70667,70970
1,4,70667,0
1,1,70970,0
1,2,71122,0
1,4,71273,0
1,1,71425,0
1,3,71425,0
2,1,71728,72182
1,2,71728,0
2,4,72182,72334
1,1,72334,0
2,2,72334,72485
2,3,72485,72637
2,1,72637,72788
2,2,72788,72940
1,3,72940,0
1,4,72940,0
1,2,73243,0
1,4,73546,0
1,3,73697,0
1,1,73849,0
1,2,74000,0
1,4,74152,0
1,3,74303,0
1,1,74455,0
1,2,74606,0
1,3,74758,0
1,4,74909,0
1,1,75061,0
1,2,75212,0
1,3,75364,0
1,4,75515,0
1,1,75667,0
1,2,75667,0
1,3,75970,0
1,2,76122,0
1,4,76273,0
1,1,76425,0
1,3,76576,0
1,2,76728,0
1,4,76879,0
1,3,77031,0
1,1,77182,0
1,2,77334,0
1,4,77485,0
1,3,77637,0
1,1,77788,0
1,2,77940,0
1,3,78091,0
1,4,78091,0
1,2,78394,0
1,1,78546,0
1,4,78546,0
1,3,78849,0
1,1,79000,0
1,2,79000,0
1,4,79303,0
1,1,79455,0
1,3,79455,0
1,2,79758,0
1,3,79909,0
1,2,80061,0
1,1,80212,0
1,4,80212,0
2,2,80515,80819
1,3,80515,0
1,1,80819,0
1,4,80819,0
2,3,80970,81273
1,1,81273,0
1,2,81273,0
2,4,81425,81728
1,2,81728,0
1,3,81728,0
1,1,81879,0
1,2,82182,0
1,4,82182,0
1,3,82334,0
1,2,82485,0
1,1,82637,0
1,4,82637,0
1,2,82940,0
2,3,82940,83243
1,1,83243,0
1,4,83243,0
2,2,83394,83697
1,3,83697,0
1,4,83697,0
2,1,83849,84152
1,2,84152,0
1,3,84152,0
1,4,84303,0
1,2,84455,0
1,1,84606,0
1,3,84606,0
2,4,84758,84909
2,3,84909,85061
1,1,85061,0
1,2,85061,0
1,3,85364,0
2,4,85364,85667
1,1,85667,0
2,3,85819,86122
1,4,85819,0
1,2,86122,0
2,1,86273,86576
1,4,86273,0
1,2,86576,0
1,3,86576,0
2,4,86728,87031
2,1,87031,87182
1,2,87182,0
1,4,87334,0
1,3,87485,0
1,1,87637,0
1,2,87637,0
1,4,87940,0
1,3,88091,0
1,1,88243,0
1,2,88394,0
1,4,88546,0
2,3,88697,88849
2,2,88849,89000
1,1,89000,0
1,3,89303,0
1,2,89455,0
1,4,89606,0
1,1,89758,0
2,2,89909,90061
2,3,90061,90212
1,4,90212,0
1,2,90515,0
1,3,90667,0
1,1,90819,0
1,2,90970,0
1,4,91122,0
1,3,91273,0
1,1,91425,0
1,4,91576,0
1,2,91728,0
1,3,91879,0
1,1,92031,0
1,2,92031,0
1,3,92182,0
1,4,92182,0
1,1,92334,0
1,2,92334,0
1,3,92485,0
1,4,92485,0
