2,3,995,1229
1,4,995,0
2,2,1229,1463
1,4,1229,0
2,4,1463,1698
1,1,1463,0
2,2,1698,1932
1,3,1698,0
2,1,1932,3338
2,3,1932,2166
1,4,1932,0
2,4,2166,2401
2,2,2401,2635
1,3,2401,0
2,3,2635,2870
2,2,2870,3104
1,4,3104,0
2,3,3104,3338
2,2,3338,3573
2,4,3573,3807
2,3,3807,4041
1,2,3807,0
2,1,4041,4276
1,2,4276,0
2,3,4276,4510
2,2,4510,4745
2,3,4745,4862
2,4,4745,4862
2,2,4979,5096
2,3,4979,5096
2,1,5213,5330
2,2,5213,5330
2,2,5448,5565
2,3,5448,5565
2,4,5682,7557
1,1,5682,0
2,2,5682,5916
2,3,5916,6151
2,1,6151,6385
1,2,6151,0
2,2,6385,6620
2,3,6620,6854
1,1,6854,0
2,2,6854,7088
2,1,7088,7323
2,2,7323,7557
2,3,7557,8026
2,1,7791,8260
2,4,8026,8495
2,2,8260,8729
2,3,8495,8963
2,1,8729,9198
2,4,8963,9198
2,2,8963,9198
2,3,9198,9666
2,4,9432,9901
2,1,9432,9901
1,2,9432,0
2,2,9666,10135
2,3,9901,10135
2,4,10135,10370
2,2,10370,10838
1,1,10370,0
2,3,10370,11073
2,1,10604,11073
2,4,10838,11073
2,2,11073,11307
2,3,11307,11776
1,4,11307,0
2,1,11307,12010
2,2,11541,12010
2,4,11776,12010
2,3,12010,12245
1,2,12245,0
2,1,12245,12948
2,4,12245,12479
2,2,12479,12713
2,3,12479,13182
2,4,12713,12948
2,2,12948,13416
2,4,13182,13885
2,1,13416,13885
2,3,13651,14354
2,2,13885,14354
2,4,14120,14823
2,1,14354,14823
2,3,14588,15467
2,2,14823,15233
2,1,15057,15467
2,4,15057,15233
2,4,15291,15936
2,2,15291,15702
2,3,15526,15702
2,1,15526,16170
2,2,15760,16170
2,3,15760,15936
2,3,15995,16405
2,4,15995,16639
2,2,16229,16405
2,1,16229,16698
2,2,16463,16698
2,3,16463,16639
1,3,16698,0
1,4,16698,0
2,3,16932,18807
2,2,16932,17166
2,4,16932,17166
2,2,17401,17635
2,4,17401,17635
2,2,17870,18104
2,4,17870,18104
2,2,18338,18573
2,4,18338,18573
2,2,18807,19041
1,1,18807,0
1,4,18807,0
2,3,19041,19276
1,4,19041,0
1,1,19041,0
2,2,19276,19745
2,1,19276,19745
1,4,19276,0
2,4,19745,20213
2,3,20213,20682
2,1,20682,21502
2,4,20682,21034
1,2,20916,0
2,3,21034,21151
2,4,21151,21971
1,3,21385,0
2,2,21502,21620
2,1,21620,22440
1,2,21854,0
2,3,21971,22088
2,4,22088,22909
1,3,22323,0
2,2,22440,22557
2,1,22557,23377
1,3,22791,0
2,2,22909,23026
2,4,23026,23846
1,2,23260,0
2,3,23377,23495
2,1,23495,24315
1,3,23729,0
2,2,23846,23963
2,4,23963,24315
1,2,24198,0
1,3,24315,0
2,1,24432,24608
2,2,24432,24608
2,3,24432,24725
2,4,24432,24842
2,2,24666,25077
2,1,24666,24842
2,3,24784,25194
2,1,24901,25311
2,4,24901,25077
2,2,25135,25311
2,4,25135,25370
2,3,25252,25721
2,2,25370,26190
2,1,25370,25487
2,4,25604,25721
2,1,25721,25838
2,3,25838,26659
1,4,25838,0
2,1,26073,26190
2,4,26190,26307
2,2,26307,27127
1,1,26307,0
2,4,26541,26659
2,1,26659,26776
2,3,26776,27596
1,4,26776,0
2,1,27010,27127
2,4,27127,27245
2,2,27245,28065
1,1,27245,0
2,4,27479,27596
2,1,27596,27713
2,3,27713,28065
1,4,27713,0
2,1,27948,28065
2,3,28182,28534
2,1,28182,29002
1,2,28416,0
2,4,28534,28651
2,3,28651,29471
1,4,28885,0
2,2,29002,29120
2,1,29120,29940
1,2,29354,0
2,4,29471,29588
2,3,29588,30409
1,4,29823,0
2,2,29940,30057
2,1,30057,30877
1,4,30291,0
2,2,30409,30526
2,3,30526,31346
1,2,30760,0
2,4,30877,30995
2,1,30995,32108
1,4,31229,0
2,2,31346,31463
2,3,31463,32342
1,2,31698,0
2,4,31815,32577
2,2,31932,32108
2,2,32166,32342
2,1,32166,33162
2,2,32401,33162
2,3,32401,32577
2,3,32635,33045
2,4,32635,33045
2,3,33104,33280
2,4,33104,33280
2,2,33221,33514
2,1,33221,33748
2,3,33338,33514
2,4,33338,33866
2,3,33573,33866
2,2,33573,33748
2,2,33807,33983
2,1,33807,33983
2,3,33924,34217
2,4,33924,34452
2,2,34041,34217
2,1,34041,34745
2,2,34276,34745
2,3,34276,34452
2,3,34510,34686
2,4,34510,34686
1,3,34745,0
1,4,34745,0
1,2,34862,0
1,1,34862,0
1,3,34979,0
1,4,34979,0
1,2,35096,0
1,1,35096,0
1,1,35213,0
1,4,35213,0
1,3,35213,0
1,1,35448,0
1,2,35448,0
1,4,35448,0
2,1,35682,36151
2,2,35682,35799
2,3,35799,35916
2,4,35916,36034
2,2,36034,36151
2,3,36151,36620
2,4,36151,36268
2,2,36268,36502
2,1,36268,36385
2,4,36385,36502
2,1,36502,36620
2,2,36620,37088
2,4,36620,36737
2,3,36737,36971
2,4,36854,36971
2,1,36971,37088
2,4,37088,37557
2,3,37088,37205
2,2,37205,37440
2,3,37323,37440
2,1,37440,37557
2,3,37557,38026
2,2,37557,37674
2,4,37674,37909
2,1,37674,37791
2,2,37791,37909
2,1,37909,38026
2,2,38026,38495
2,4,38026,38143
2,3,38143,38377
2,1,38143,38260
2,4,38377,38495
2,1,38495,38963
2,3,38612,38846
2,2,38612,38729
2,4,38729,38846
2,2,38846,38963
2,3,38963,39432
2,2,39080,39315
2,4,39080,39198
2,1,39198,39315
2,4,39315,39432
2,2,39432,39901
2,1,39432,39549
2,4,39549,39784
2,3,39549,39666
2,1,39666,39784
2,3,39784,39901
2,4,39901,40370
2,2,40018,40252
2,1,40018,40135
2,3,40135,40252
2,1,40252,40370
2,3,40370,40838
2,2,40370,40487
2,1,40487,40721
2,4,40487,40604
2,2,40604,40721
2,4,40721,40838
2,1,40838,41307
2,2,40838,40955
2,3,40955,41190
2,2,41073,41190
2,4,41190,41307
2,2,41307,41776
2,3,41307,41424
2,4,41424,41659
2,1,41424,41541
2,3,41541,41659
2,1,41659,41776
2,3,41776,42245
2,4,41776,41893
2,1,41893,42127
2,2,41893,42010
2,4,42010,42127
2,2,42127,42245
2,4,42245,42479
2,1,42245,42362
2,3,42362,42479
2,2,42479,42596
2,1,42479,42596
2,3,42596,42713
2,4,42596,42713
2,3,42948,43182
2,4,42948,43182
2,2,43182,43416
2,1,43299,43534
2,4,43416,43651
2,3,43534,43768
2,1,43651,43885
2,2,43768,44002
2,3,43885,44120
2,4,44002,44237
2,2,44120,44354
2,1,44237,44471
2,4,44354,44588
2,3,44471,44705
2,1,44588,44823
2,2,44705,44940
2,3,44823,45057
2,4,44940,45174
2,2,45057,45291
2,1,45174,45409
2,4,45291,45526
2,3,45409,45643
2,1,45526,45760
2,2,45643,45877
2,3,45760,45995
2,4,45877,46112
2,2,45995,46229
2,3,46112,46346
2,1,46112,46346
2,4,46229,46463
2,2,46346,46580
2,1,46463,46698
2,3,46580,46815
2,2,46698,46932
2,4,46698,46932
2,3,47342,47459
2,4,47635,47752
2,4,47870,47987
1,3,48162,0
1,2,48309,0
1,3,48573,0
2,3,48807,48866
2,4,48807,48866
2,3,48924,48983
2,4,48924,48983
2,3,49041,49100
2,4,49041,49100
2,3,49276,49393
2,4,49276,49393
2,4,49745,49979
2,3,49979,50213
2,2,50213,50448
2,1,50448,50682
2,3,50682,51151
2,4,50682,51151
2,2,51151,52205
2,1,51151,52205
2,2,52323,52557
2,3,52352,52557
1,4,52557,0
1,1,52557,0
2,2,52791,53026
2,3,52821,53026
1,1,53026,0
1,4,53026,0
2,3,53260,53436
2,4,53260,54139
2,2,53260,53670
2,1,53260,54373
2,3,53495,53905
2,2,53729,54373
2,3,53963,54373
2,4,54198,54432
2,1,54432,54666
2,2,54432,54666
2,3,54432,54666
2,3,54901,56190
2,4,54901,56190
2,1,56307,57420
2,2,56307,56952
2,3,56307,56483
2,4,56307,56717
2,3,56541,57186
2,4,56776,57889
2,2,57010,57420
2,3,57245,57889
2,1,57479,58123
2,2,57479,58123
2,3,57948,58123
2,4,57948,58123
1,4,58182,0
2,3,58182,58197
2,2,58182,58211
2,1,58182,58226
2,4,59120,59134
2,3,59120,59149
2,2,59120,59163
2,1,59120,59149
2,1,60057,60072
2,2,60057,60086
2,3,60057,60101
2,4,60057,60086
2,4,60995,61038
2,3,60995,61024
2,2,60995,61009
1,1,60995,0
2,3,61463,61698
2,2,61463,61698
2,1,61698,61932
2,3,61932,62401
2,4,61932,62401
2,2,62401,64686
2,3,62811,63748
2,4,62811,64686
2,1,63338,63748
2,3,63807,64217
2,1,63807,64217
2,1,64276,65389
2,3,64276,64920
1,4,64745,0
2,2,64745,65155
1,3,64979,0
1,2,65213,0
1,1,65448,0
2,3,65682,65916
2,4,65682,65916
2,3,66151,66385
2,4,66151,66385
2,3,66620,66854
2,4,66620,66854
2,3,67088,67323
2,4,67088,67323
2,2,67557,67791
2,1,67557,67791
2,1,68026,68260
2,2,68026,68260
2,1,68495,68729
2,2,68495,68729
2,2,68963,69198
2,1,68963,69198
2,1,69432,69608
2,2,69432,69608
2,3,69432,69842
2,4,69432,70077
2,2,69666,69842
2,1,69666,70545
2,2,69901,70311
2,3,69901,70077
2,3,70135,70311
2,4,70135,71014
2,3,70370,70780
2,2,70370,70545
2,2,70604,70780
2,1,70604,71307
2,2,70838,71307
2,3,70838,71014
2,3,71073,71307
2,4,71073,71307
2,1,71776,71893
2,3,71776,72010
2,2,71893,72010
2,4,71893,72127
2,1,72010,72127
2,3,72127,72245
2,2,72127,72479
2,4,72245,72479
2,1,72479,72713
2,3,72479,72713
2,4,72713,72948
2,2,72713,72948
1,1,72948,0
1,3,72948,0
2,1,73182,73416
2,2,73182,73534
2,3,73299,73416
2,4,73416,73651
2,1,73534,73768
2,3,73534,73768
2,2,73651,73885
2,4,73768,74002
2,1,73885,74120
2,3,74002,74237
2,2,74120,74354
2,4,74120,74354
2,1,74237,74471
2,3,74354,74471
2,2,74471,74588
2,3,74588,74705
2,1,74588,74823
2,4,74705,74940
2,2,74705,74940
2,3,74823,75057
2,1,74940,75174
2,2,75057,75291
2,4,75057,75174
2,3,75174,75291
2,1,75291,75409
2,4,75409,75526
2,3,75526,75643
2,2,75526,75643
2,1,75643,75995
2,2,75760,75877
2,3,75760,75877
2,4,75877,75995
2,2,75995,76112
2,3,75995,76229
2,4,76112,76346
2,1,76229,76346
2,2,76346,76463
2,3,76463,76698
2,1,76463,76580
2,2,76580,76698
2,1,76698,76815
1,4,76815,0
1,3,76873,0
2,1,76932,76991
2,2,76932,76991
2,1,77049,77108
2,2,77049,77108
2,1,77166,77225
2,2,77166,77225
2,1,77401,77459
2,2,77401,77459
1,2,77811,0
2,3,77870,77928
2,4,77870,77928
2,3,77987,78045
2,4,77987,78045
2,3,78104,78162
2,4,78104,78162
2,3,78338,78397
2,4,78338,78397
2,2,78807,79100
2,1,78807,79100
2,3,78807,78866
2,4,78807,78866
2,3,78924,78983
2,4,78924,78983
2,3,79041,79100
2,4,79041,79100
2,1,79276,79334
2,2,79276,79334
2,3,79276,79686
2,4,79276,79686
2,1,79393,79452
2,2,79393,79452
2,1,79510,79569
2,2,79510,79920
2,1,79745,79920
2,3,79745,79920
2,4,79745,80155
2,3,79979,80155
2,2,79979,80389
2,1,79979,80155
2,3,80213,80389
2,4,80213,80389
2,1,80213,80623
2,2,80448,80623
2,3,80448,80623
2,4,80448,80623
2,3,80682,80916
2,1,80682,80799
2,2,80799,80916
2,4,80916,81151
2,1,81034,81151
2,3,81151,81385
2,2,81151,81268
2,4,81268,81502
2,1,81385,81620
2,3,81502,81620
2,2,81620,81737
2,4,81620,81854
2,1,81737,81854
2,3,81854,81971
2,1,81971,82088
2,2,81971,82088
2,3,82088,82323
2,4,82088,82205
2,2,82205,82440
2,1,82323,82440
2,4,82323,82440
2,3,82440,82557
2,2,82557,82791
2,1,82557,82674
2,4,82674,82909
2,3,82791,82909
2,1,82909,83143
2,2,83026,83260
2,3,83026,83143
2,4,83143,83260
2,3,83260,83495
2,1,83377,83495
2,2,83495,83612
2,4,83495,83729
2,3,83612,83729
2,1,83729,83963
2,4,83846,83963
2,2,83963,84198
2,3,83963,84080
2,1,84080,84198
1,3,84198,0
1,4,84315,0
1,1,84373,0
2,2,84432,84491
2,3,84432,84491
2,2,84549,84608
2,3,84549,84608
2,2,84666,84725
2,3,84666,84725
2,2,84901,84959
2,3,84901,84959
2,4,85370,85428
2,3,85370,85428
2,4,85487,85545
2,3,85487,85545
2,3,85604,85662
2,4,85604,85662
2,3,85838,85897
2,4,85838,85897
2,4,86307,87186
2,3,86424,86717
2,2,86541,86952
2,1,86659,87186
2,3,86776,87420
2,2,87010,87420
1,4,87245,0
1,1,87245,0
1,3,87479,0
1,2,87479,0
2,4,88182,88299
2,3,88182,88299
2,2,88182,88299
2,1,88182,88299
2,4,88651,88768
2,2,88651,88768
2,1,88768,88885
2,3,88768,89002
2,2,88885,89120
2,1,89002,89120
2,4,89002,89120
2,3,89120,89237
2,2,89237,89354
2,1,89237,89354
2,4,89237,89354
2,1,89588,89705
2,2,89588,89705
2,4,89705,89823
2,3,89823,90057
2,2,89823,89940
2,1,89940,90057
2,2,90057,90291
2,4,90057,90291
2,3,90174,90291
2,1,90174,90291
2,1,90526,90643
2,3,90526,90643
2,2,90643,90877
2,4,90643,90760
2,3,90760,90995
2,1,90877,90995
2,4,90877,90995
2,2,90995,91112
2,3,91112,91229
2,1,91112,91229
2,4,91112,91229
2,1,91463,91580
2,4,91463,91580
2,3,91463,91580
2,4,91932,92225
2,3,91991,92401
2,2,92049,92459
2,1,92108,92518
2,4,92284,92342
2,4,92401,92694
2,3,92459,93045
2,2,92518,92811
2,1,92577,92811
2,4,92752,93280
2,1,92870,93514
2,2,92870,93045
2,2,93104,93514
2,3,93104,93280
2,3,93338,93748
2,4,93338,93748
1,2,93573,0
1,1,93573,0
2,1,93807,93983
2,2,93866,93983
2,3,93924,94334
2,4,93983,94334
2,2,94041,94686
2,1,94041,94920
2,3,94393,94686
2,4,94393,95623
2,3,94745,95155
2,2,94745,94920
2,2,94979,95155
2,1,94979,95623
1,3,95213,0
2,2,95213,95623
2,1,95682,95799
2,4,95682,95799
2,2,95682,95799
2,1,96151,96854
2,3,96151,96268
2,2,96268,96385
2,4,96268,96385
2,3,96385,96502
2,2,96502,96620
2,4,96502,96620
2,3,96620,96737
2,2,96737,96854
2,4,96737,96854
2,1,97088,97205
2,2,97205,97323
2,4,97205,97323
2,3,97205,97557
2,1,97323,97440
2,2,97440,97557
2,4,97440,97791
2,1,97557,97791
2,2,97674,97791
2,3,97674,97791
2,1,98026,98143
2,4,98026,98143
2,3,98143,98260
2,2,98143,98260
2,1,98260,98377
2,4,98260,98377
2,3,98377,98495
2,2,98377,98495
2,1,98495,98729
2,4,98495,98729
2,3,98612,98729
2,2,98612,98729
2,1,98963,99080
2,2,98963,99080
2,3,98963,99080
2,1,99432,99725
2,2,99491,99901
2,3,99549,99959
2,4,99608,100018
2,1,99784,99842
2,1,99901,100194
2,2,99959,100545
2,3,100018,100311
2,4,100077,100311
2,1,100252,100780
2,3,100370,100545
2,4,100370,101014
2,3,100604,101014
2,2,100604,100780
2,2,100838,101248
2,1,100838,101248
1,3,101073,0
1,4,101073,0
2,4,101307,101483
2,3,101366,101483
2,2,101424,101834
2,1,101483,101834
2,3,101541,102186
2,4,101541,102420
2,2,101893,102186
2,1,101893,103182
2,2,102245,102655
2,3,102245,102420
2,3,102479,102655
2,4,102479,103182
2,3,102713,102889
2,2,102713,103182
2,3,102948,103123
1,3,103182,0
1,3,103885,0
1,2,104002,0
1,3,104120,0
2,2,104237,104354
2,3,104354,104471
2,2,104471,104588
2,3,104588,104705
1,4,104588,0
2,2,104705,104823
1,1,104705,0
2,3,104823,104940
1,4,104823,0
2,2,104940,105057
2,1,104940,105057
2,4,105057,105526
2,3,105057,105291
1,1,105291,0
1,3,105409,0
1,2,105526,0
2,1,105526,105995
2,3,105526,105760
1,4,105760,0
1,3,105877,0
1,2,105995,0
2,4,105995,106463
2,3,105995,106229
1,1,106229,0
1,3,106346,0
1,2,106463,0
2,1,106463,106932
2,3,106463,106698
1,4,106698,0
1,2,106815,0
1,3,106932,0
2,2,106932,107401
2,4,106932,107166
1,1,107166,0
1,3,107284,0
1,1,107401,0
2,4,107401,107870
2,3,107401,107635
1,2,107635,0
1,1,107752,0
2,2,107870,108338
2,1,107870,108104
1,3,107870,0
1,4,108104,0
1,3,108221,0
1,1,108338,0
2,4,108338,108807
2,3,108338,108573
1,2,108573,0
1,3,108690,0
1,2,108807,0
2,1,108807,109276
1,4,109041,0
2,2,109041,109276
1,3,109159,0
1,4,109276,0
2,3,109276,109745
1,4,109510,0
2,1,109510,109745
1,2,109627,0
1,4,109745,0
2,2,109745,110213
1,1,109979,0
2,4,109979,110213
1,3,110096,0
1,1,110213,0
2,3,110213,110682
1,2,110448,0
2,1,110448,110682
1,4,110565,0
1,2,110682,0
2,4,110682,111151
1,2,110916,0
2,1,110916,111151
1,3,111034,0
1,3,111151,0
2,2,111151,111620
2,3,111385,111620
1,4,111385,0
1,1,111502,0
1,4,111620,0
2,1,111854,111912
2,2,111854,111912
2,1,111971,112088
2,2,111971,112088
2,3,112088,112440
2,4,112088,112440
1,1,112557,0
1,2,112557,0
2,4,112557,112791
1,3,112791,0
2,1,112791,112909
1,2,112909,0
2,3,112909,113026
1,1,113026,0
2,4,113026,113260
1,2,113260,0
2,1,113260,113377
1,3,113377,0
2,2,113377,113495
1,4,113495,0
2,1,113495,113729
1,3,113729,0
2,2,113729,113846
1,4,113846,0
2,3,113846,113963
1,1,113963,0
2,2,113963,114198
1,3,114198,0
2,4,114198,114315
1,2,114315,0
2,1,114315,114432
1,4,114432,0
2,3,114432,114666
1,1,114666,0
2,4,114666,114784
2,2,114784,114901
1,3,114784,0
1,1,114901,0
1,4,114901,0
2,3,114901,115135
1,2,115135,0
2,1,115135,115252
1,4,115252,0
2,3,115252,115370
1,2,115370,0
2,1,115370,115604
1,4,115604,0
2,3,115604,115721
1,2,115721,0
2,4,115721,115838
1,3,115838,0
2,1,115838,116073
1,2,116073,0
2,4,116073,116190
1,3,116190,0
2,2,116190,116307
1,1,116307,0
2,4,116307,116541
1,2,116541,0
2,1,116541,116659
1,3,116659,0
2,2,116659,116776
1,4,116776,0
2,1,116776,117010
1,4,117010,0
2,2,117010,117127
1,3,117127,0
2,4,117127,117245
1,1,117245,0
2,2,117245,117479
1,3,117479,0
2,4,117479,117596
1,2,117596,0
2,1,117596,117713
2,4,117713,117948
1,3,117713,0
1,3,117948,0
2,2,117948,118065
1,1,118065,0
2,3,118065,118182
1,4,118182,0
2,2,118182,118416
1,1,118416,0
2,4,118416,118534
1,3,118534,0
2,1,118534,118651
1,4,118651,0
2,2,118651,118885
1,3,118885,0
2,4,118885,119002
1,2,119002,0
2,3,119002,119120
1,4,119120,0
2,1,119120,119354
1,2,119354,0
2,3,119354,119471
1,4,119471,0
2,2,119471,119588
1,1,119588,0
1,3,119588,0
2,4,119588,119823
1,3,119823,0
2,2,119823,119940
1,1,119940,0
1,3,120057,0
1,2,120057,0
2,3,120526,120643
2,4,120526,120643
2,3,120995,121053
2,4,121112,121170
2,3,121229,121287
2,1,121463,121522
2,2,121698,121756
2,3,121932,122049
2,1,122401,122518
2,2,122401,122518
2,2,122870,122928
2,1,122987,123045
2,2,123104,123162
2,4,123338,123397
2,3,123573,123631
2,2,123807,123866
2,3,124041,124159
2,4,124041,124159
2,2,124276,124393
2,3,124276,124393
2,3,124745,124803
2,2,124862,124920
2,3,124979,125037
2,4,125213,125272
2,3,125565,125623
2,1,125682,125916
2,2,125916,126151
2,4,126385,126620
2,3,126620,126854
2,1,127088,127205
2,2,127088,127205
2,3,127088,127205
2,4,127557,127674
2,2,127557,127791
2,1,127674,127791
2,3,127791,128026
2,4,127791,127909
2,1,127909,128026
2,2,128026,128260
2,4,128026,128143
2,3,128143,128260
2,1,128260,128495
2,4,128260,128377
2,2,128377,128495
2,3,128495,128729
2,4,128495,128612
2,1,128612,128729
2,4,128729,128963
2,2,128729,128846
2,3,128846,128963
2,2,128963,129198
2,1,128963,129080
2,3,129080,129198
2,1,129198,129432
2,2,129432,129491
2,3,129461,129520
2,4,129491,129549
2,2,129901,129959
2,3,129930,129989
2,4,129959,130018
2,2,130370,130428
2,3,130399,130457
2,4,130428,130487
2,2,130838,130897
2,3,130868,130926
2,4,130897,130955
2,1,131307,131424
2,2,131307,131424
2,3,131307,131424
2,1,132010,132069
2,2,132127,132186
2,3,132245,132303
2,3,132479,132537
2,1,132713,132772
2,3,133182,133241
2,4,133885,134120
2,3,134120,134588
2,4,134588,135995
2,3,135057,135174
2,2,135174,135291
2,1,135291,135409
2,2,135409,135526
2,1,135526,135643
2,2,135643,135760
2,3,135760,135877
2,2,135877,135995
2,1,135995,136112
2,2,136112,136229
2,3,136229,136346
2,4,136229,136346
2,2,136346,136463
2,1,136463,136580
2,2,136580,136698
2,4,136698,136815
2,3,136698,136815
2,1,136815,136932
2,4,136932,137166
2,2,136932,137049
2,3,137049,137284
2,1,137166,137401
2,2,137284,137518
2,4,137284,137518
2,3,137401,137635
2,1,137518,137752
2,4,137635,137870
2,2,137635,137752
2,3,137752,137870
2,2,137870,138104
2,1,138104,138338
2,2,138338,138573
2,1,138573,138807
2,2,138807,140858
2,3,138807,138924
2,4,138924,139041
1,1,138924,0
2,3,139041,139159
2,4,139159,139276
1,1,139159,0
2,3,139276,139393
2,4,139393,139510
1,1,139393,0
2,3,139510,139627
2,4,139627,139745
1,1,139627,0
2,3,139745,139862
2,4,139862,139979
2,1,139862,139979
2,3,139979,140096
2,4,140096,140213
2,1,140096,140213
2,3,140213,140330
2,4,140330,140448
2,1,140330,140448
2,3,140448,140565
2,4,140565,140858
2,1,140565,140858
2,1,142088,142205
2,2,142440,142498
2,3,142557,142616
2,4,142557,142616
2,1,142557,143026
2,4,142674,142733
2,3,142674,142733
2,4,142791,142850
2,3,142791,142850
2,3,142909,142967
2,4,142909,142967
2,2,143026,143143
2,3,143026,143143
2,1,143260,143319
2,2,143260,143319
2,4,143260,143670
2,1,143377,143436
2,2,143377,143436
2,1,143495,143553
2,2,143495,143553
2,1,143612,143670
2,2,143612,143670
2,1,143963,144022
2,3,143963,144022
2,1,144080,144139
2,3,144080,144139
2,1,144198,144256
2,3,144198,144256
2,3,144315,144373
2,1,144315,144373
2,4,144432,144491
2,2,144432,144491
2,2,144549,144608
2,4,144549,144608
2,2,144666,144725
2,4,144666,144725
2,2,144784,145018
2,4,144784,145018
2,1,144901,145018
2,3,144901,145018
2,2,145135,145194
2,1,145135,145194
2,1,145252,145311
2,2,145252,145311
2,1,145370,145428
2,2,145370,145428
2,1,145487,145545
2,2,145487,145545
2,3,145838,145897
2,4,145838,145897
2,3,145955,146014
2,4,145955,146014
2,3,146073,146131
2,4,146073,146131
2,3,146190,146248
2,4,146190,146248
2,1,146307,146600
2,2,146366,146776
2,3,146424,146834
2,4,146483,146893
2,1,146659,146717
2,1,146776,147069
2,2,146834,147420
2,3,146893,147186
2,4,146952,147186
2,1,147127,147655
2,3,147245,147420
2,4,147245,147889
2,3,147479,147889
2,2,147479,147655
2,2,147713,148123
2,1,147713,148123
1,3,147948,0
1,4,147948,0
2,4,148182,148358
2,3,148241,148358
2,2,148299,148709
2,1,148358,148709
2,3,148416,149061
2,4,148416,149295
2,2,148768,149061
2,1,148768,149588
2,2,149120,149530
2,3,149120,149295
2,3,149354,149530
2,4,149354,149588
1,3,149588,0
1,2,149588,0
2,3,150057,150174
2,4,150057,150174
2,2,150174,150291
2,1,150174,150291
2,3,150291,150409
2,4,150291,150409
2,3,150526,150643
2,1,150526,150643
2,4,150526,150643
2,2,150760,150877
2,3,150760,150877
2,1,150877,150995
2,4,150877,150995
2,3,150995,151112
2,2,150995,151112
2,1,151112,151229
2,4,151112,151229
2,2,151229,151346
2,3,151229,151346
2,1,151463,151580
2,3,151463,151580
2,2,151580,151698
2,4,151580,151698
2,3,151698,151815
2,1,151698,151815
2,2,151815,151932
2,4,151815,151932
2,1,151932,152049
2,2,152049,152166
2,3,152049,152166
2,4,152049,152166
2,1,152166,152284
2,2,152284,152401
2,4,152284,152401
2,3,152284,152635
2,1,152401,152518
2,4,152635,152752
2,1,152752,152870
2,3,152752,152870
2,2,152752,153104
1,4,152870,0
2,1,152987,153104
2,3,152987,153104
2,4,153104,153221
2,3,153338,153455
2,2,153338,153455
2,4,153455,153573
2,3,153573,153690
2,2,153573,153690
2,1,153690,153807
2,4,153807,154100
2,3,153866,154276
2,2,153924,154334
2,1,153983,154393
2,4,154159,154217
2,4,154276,154569
2,3,154334,154920
2,2,154393,154686
2,1,154452,154686
2,4,154627,155155
2,1,154745,155389
2,2,154745,154920
2,2,154979,155389
2,3,154979,155155
2,4,155213,155623
2,3,155213,155623
1,2,155448,0
1,1,155448,0
2,1,155682,155858
2,2,155741,155858
2,3,155799,156209
2,4,155858,156209
2,2,155916,156444
2,1,155916,156444
1,3,156268,0
1,4,156268,0
2,2,156620,156737
2,3,156620,156737
2,2,156854,156971
2,1,156854,156971
2,2,157088,157205
2,3,157088,157205
2,1,157557,159373
2,2,157557,158436
2,3,158026,158436
2,4,158026,158905
2,3,158495,158905
2,2,158495,159373
2,3,158963,159842
2,4,158963,159842
2,2,159432,160311
2,1,159432,160311
2,3,159901,160780
2,4,159901,161248
2,2,160370,160780
2,1,160370,161717
2,2,160838,161248
2,3,160838,161717
2,2,161307,162186
2,4,161307,162186
2,3,161776,162655
2,1,161776,162655
2,2,162245,163592
2,4,162245,163123
2,3,162713,163592
2,1,162713,163123
2,1,163182,164061
2,4,163182,164061
2,3,163651,164530
2,2,163651,164530
2,1,164120,165467
2,4,164120,164998
2,3,164588,164998
2,2,164588,164998
2,4,165057,165233
2,3,165057,165467
2,2,165057,165467
2,4,165291,165936
2,3,165526,165936
2,2,165526,165936
2,1,165526,165702
2,1,165760,166405
2,2,165995,166405
2,3,165995,166170
2,4,165995,166873
2,3,166229,166405
2,3,166463,166873
2,2,166463,166639
2,1,166463,167342
2,2,166698,166873
2,2,166932,167108
2,3,166932,167342
2,4,166932,167811
2,2,167166,167342
2,3,167401,167577
2,2,167401,167811
2,1,167401,168280
2,3,167635,167811
2,2,167870,168280
2,3,167870,168280
2,4,167870,168045
2,4,168104,168690
2,3,168338,168807
2,2,168338,168924
2,1,168338,168514
2,1,168573,169041
2,4,168807,169159
2,3,168924,169276
2,2,169041,169393
2,1,169159,169510
2,4,169276,169627
2,3,169393,169745
2,2,169510,169823
2,1,169627,169901
2,4,169745,169979
2,3,169823,170057
2,2,169901,170135
2,1,169979,170213
2,4,170057,170291
2,3,170135,170370
2,2,170213,170448
2,1,170291,170526
2,4,170370,170604
2,3,170448,170682
2,2,170536,170741
2,1,170594,170799
2,4,170682,170858
2,3,170741,170916
2,2,170799,170975
2,1,170858,171034
2,4,170916,171092
2,3,170975,171151
2,2,171034,171209
2,1,171092,171268
2,4,171151,171327
2,3,171209,171385
2,2,171268,171444
2,1,171327,171502
2,4,171385,171561
2,3,171444,171620
2,2,171502,171620
2,1,171561,171620
1,4,171620,0
1,3,171737,0
1,2,171854,0
1,3,171971,0
2,1,172557,172791
2,2,172557,172791
2,3,172557,172791
2,4,172557,172791
2,3,173744,173773
2,2,173744,173773
1,1,173758,0
1,4,173758,0
2,1,174432,174666
2,2,174432,174666
2,3,174432,174666
2,4,174432,174666
2,4,174901,174930
2,3,174901,174915
1,2,174901,0
2,1,175135,175164
2,2,175135,175150
1,3,175135,0
1,2,175370,0
2,3,175370,175399
2,4,175370,175384
1,2,175721,0
2,1,175721,175824
2,3,175721,175838
2,4,175721,175824
1,2,175838,0
1,1,176190,0
1,2,176248,0
2,3,176307,176366
2,4,176307,176366
2,3,176424,176483
2,4,176424,176483
2,3,176541,176600
2,4,176541,176600
2,3,176776,176834
2,4,176776,176834
1,3,177186,0
2,2,177245,177303
2,1,177245,177303
2,1,177362,177420
2,2,177362,177420
2,1,177479,177537
2,2,177479,177537
2,1,177713,177772
2,2,177713,177772
2,3,178182,178416
2,2,178299,178534
2,1,178416,178651
2,4,178416,178651
2,3,178534,178651
2,2,178651,179002
2,3,178768,178885
2,4,178768,179002
2,1,178885,179002
2,3,179002,179295
2,2,179120,179295
2,1,179120,179530
2,4,179120,179295
2,2,179354,179530
2,3,179354,179764
2,4,179354,179530
2,2,179588,179764
2,1,179588,179764
2,4,179588,179823
1,2,179823,0
1,1,179823,0
1,3,179823,0
2,2,180057,180291
2,4,180057,180291
2,3,180174,180409
2,1,180291,180526
2,4,180409,180643
2,3,180526,180760
2,2,180526,180643
2,1,180643,180760
2,4,180760,180877
2,2,180877,181112
2,3,180995,181112
2,1,180995,181229
2,4,181112,181229
2,2,181229,181346
2,3,181229,181463
2,4,181346,181463
2,1,181463,181580
2,2,181463,181698
2,3,181580,181698
2,4,181580,181815
2,1,181698,181815
2,2,181815,181932
2,3,181932,182049
2,4,181932,182166
2,1,182049,182166
2,2,182166,182284
2,4,182284,182518
2,3,182401,182635
2,2,182401,182518
2,1,182518,182752
2,2,182635,182870
2,4,182752,182987
2,3,182870,183221
2,1,182870,182987
2,2,182987,183104
2,4,183104,183338
2,1,183221,183338
2,2,183338,183455
2,3,183338,183573
2,1,183455,183573
2,4,183455,183573
2,2,183573,183690
1,1,183690,0
1,4,183748,0
2,3,183807,183866
2,2,183807,183866
2,3,183924,183983
2,2,183924,183983
2,3,184041,184100
2,2,184041,184100
2,3,184276,184334
2,2,184276,184334
2,1,184745,184803
2,2,184745,184803
2,2,184862,184920
2,1,184862,184920
2,2,184979,185037
2,1,184979,185037
2,2,185213,185272
2,1,185213,185272
2,1,185682,186561
2,2,185799,186092
2,3,185916,186327
2,4,186034,186561
2,2,186151,186795
2,3,186385,186795
1,1,186620,0
1,4,186620,0
1,2,186854,0
1,3,186854,0
2,1,187323,187498
2,2,187323,187616
2,4,187323,188084
2,3,187557,187733
2,1,187557,187850
2,2,187674,187967
2,3,187791,187967
2,1,187909,188202
2,2,188026,188319
2,3,188026,188436
2,4,188143,188436
2,1,188260,188670
2,2,188377,188553
2,3,188495,188787
2,4,188495,189022
2,2,188612,188905
2,1,188729,188905
2,3,188846,189139
2,1,188963,189373
2,2,188963,189256
2,4,189080,189373
2,3,189198,189842
2,2,189315,189491
2,1,189432,189842
2,4,189432,189608
2,2,189549,189725
2,4,189666,189959
2,2,189784,190311
2,3,189901,190077
2,1,189901,190194
2,4,190018,190545
2,3,190135,190311
2,1,190252,190428
2,2,190370,190780
2,3,190370,190662
2,1,190487,191131
2,4,190604,190780
2,3,190721,190897
2,2,190838,191014
2,4,190838,191248
2,3,190955,191248
2,2,191073,191366
2,1,191190,191483
2,3,191307,191600
2,4,191307,191952
2,2,191424,191717
2,1,191541,191717
2,3,191659,191834
2,2,191776,192069
2,1,191776,192186
2,3,191893,192186
2,4,192010,192303
2,2,192127,192420
2,3,192245,192537
2,1,192245,192655
2,4,192362,192655
2,2,192479,192772
2,3,192596,192889
2,4,192713,193241
2,1,192713,193006
2,2,192830,193123
2,3,192948,193123
2,1,193065,193358
2,2,193182,193592
2,3,193182,193475
2,4,193299,193651
2,1,193416,193709
2,3,193534,193827
2,2,193651,193885
2,4,193709,193944
2,1,193768,194002
2,3,193885,194120
2,2,193944,194061
2,4,194002,194178
2,1,194061,194178
2,2,194120,194354
2,3,194178,194295
2,1,194237,194471
2,4,194237,194412
2,3,194354,194588
2,2,194412,194530
2,4,194471,194705
2,1,194530,194647
2,2,194588,195057
2,3,194647,194764
2,1,194705,194940
2,4,194764,194881
2,3,194823,194940
2,4,194940,195057
2,3,195057,195350
2,1,195174,195467
2,4,195291,195819
2,3,195409,195584
2,2,195526,195936
2,1,195526,195702
2,3,195643,195936
2,1,195760,196170
2,4,195877,196053
2,3,195995,196287
2,2,195995,196405
2,4,196112,196405
2,1,196229,196522
2,3,196346,196639
2,2,196463,196756
2,4,196463,197108
2,1,196580,196873
2,3,196698,196873
2,2,196815,196991
2,1,196932,197459
2,3,196932,197342
2,2,197049,197225
2,4,197166,197342
2,2,197284,197811
2,3,197401,197694
2,4,197401,197577
2,1,197518,198045
2,4,197635,197811
2,3,197752,197928
2,2,197870,198280
2,4,197870,198631
2,3,197987,198162
2,1,198104,198280
2,3,198221,198397
2,2,198338,198514
2,1,198338,198748
2,3,198455,198748
2,2,198573,198807
1,1,198807,0
2,3,198807,198866
2,4,198807,198866
2,4,198924,198983
2,3,198924,198983
2,3,199041,199100
2,4,199041,199100
2,3,199276,199334
2,4,199276,199334
2,1,199745,199803
2,2,199745,199803
2,1,199862,199920
2,2,199862,199920
2,2,199979,200037
2,1,199979,200037
2,1,200213,200272
2,2,200213,200272
2,3,200682,200741
2,4,200682,200741
2,4,200799,200858
2,3,200799,200858
2,3,200916,200975
2,4,200916,200975
2,3,201034,201092
2,4,201034,201092
2,2,201151,201268
2,1,201151,201268
2,2,201385,201502
2,1,201385,201502
2,4,201620,201854
2,3,201854,202557
2,2,202557,202674
2,1,202674,202791
2,2,202791,202909
2,3,202909,203026
2,4,203143,203260
2,3,203377,203495
2,1,203495,203612
2,2,203670,203787
2,4,203846,203963
2,3,204080,204198
2,1,204432,204549
2,3,204549,204666
2,4,204666,204784
2,3,204784,204901
2,2,205018,205135
2,1,205135,205252
2,2,205252,205370
2,3,205604,205662
2,3,205692,205750
2,2,205750,205809
2,3,205838,205897
2,3,206073,206131
