2,2,1236,1473
2,2,1552,1789
2,3,1868,2341
2,1,2341,2657
2,2,2815,3447
2,4,3447,3683
2,3,3762,4236
2,1,4078,4236
2,2,4394,4710
2,3,4868,4947
2,3,5026,6131
2,2,5341,6131
2,1,6289,6526
2,2,6605,6683
2,2,6762,6920
2,3,6920,7078
2,4,7078,7236
2,3,7394,7710
2,2,7710,8026
2,1,8026,8420
2,1,8499,8736
2,1,8815,9131
2,3,9131,9447
2,4,9447,9920
2,3,9920,10394
2,2,10394,10710
2,3,10710,11183
2,4,11341,11657
2,3,11657,11973
2,4,11973,12447
2,2,12447,12920
2,3,12920,13394
2,1,13552,13868
2,2,13868,14183
2,3,14183,14499
2,1,14499,14894
2,3,14973,15447
2,4,15447,16394
2,3,16710,17026
2,2,17026,17183
2,3,17183,17499
2,2,17499,17657
2,1,17657,17736
2,2,17736,17815
2,3,17815,17973
2,4,18131,18605
2,3,18605,18920
2,2,18920,19078
2,3,19236,19394
2,1,19552,20026
2,2,20026,20499
2,3,20499,20815
2,4,20815,21447
2,3,21762,21920
2,2,21920,22078
2,3,22078,22394
2,4,22394,22710
2,2,22710,23026
2,3,23026,23341
2,1,23341,23578
2,2,23657,23894
2,3,23973,24210
2,4,24289,24526
1,2,24605,0
1,1,24605,0
1,3,24683,0
1,4,24683,0
1,2,24762,0
1,1,24762,0
1,2,24920,0
1,1,24920,0
1,3,25078,0
1,4,25078,0
1,2,25157,0
1,1,25157,0
1,3,25236,0
1,4,25236,0
2,3,25394,25552
2,2,25394,25552
2,1,25394,25552
2,4,25394,25552
1,2,25868,0
1,1,25868,0
1,3,25947,0
1,4,25947,0
1,2,26026,0
1,1,26026,0
1,2,26183,0
1,1,26183,0
1,3,26341,0
1,4,26341,0
1,2,26420,0
1,1,26420,0
1,3,26499,0
1,4,26499,0
2,1,26657,26815
2,2,26657,26815
2,3,26657,26815
2,4,26657,26815
1,2,27131,0
1,1,27131,0
1,3,27210,0
1,4,27210,0
1,2,27289,0
1,1,27289,0
1,2,27447,0
1,1,27447,0
1,3,27605,0
1,4,27605,0
1,2,27683,0
1,1,27683,0
1,3,27762,0
1,4,27762,0
1,2,27815,0
1,1,27868,0
1,3,27920,0
1,4,27920,0
1,2,28078,0
1,1,28078,0
1,3,28157,0
1,4,28157,0
1,2,28236,0
1,1,28236,0
1,3,28315,0
1,4,28394,0
1,1,28394,0
1,2,28552,0
1,1,28552,0
1,3,28552,0
1,4,28552,0
1,3,28710,0
1,4,28710,0
1,2,28868,0
1,1,28868,0
1,3,28868,0
1,4,28868,0
1,2,29026,0
1,1,29026,0
1,3,29183,0
1,2,29183,0
1,1,29183,0
1,4,29183,0
1,4,29341,0
1,3,29341,0
1,2,29420,0
1,1,29420,0
1,3,29499,0
1,4,29499,0
1,2,29578,0
1,1,29578,0
1,3,29657,0
1,4,29657,0
1,2,29815,0
1,1,29815,0
1,1,29973,0
1,3,29973,0
1,4,29973,0
1,2,29973,0
1,3,30131,0
1,2,30289,0
1,3,30447,0
1,4,30447,0
1,2,30605,0
1,1,30605,0
1,4,30605,0
1,1,30762,0
1,2,30920,0
1,3,31078,0
1,2,31236,0
1,1,31236,0
1,4,31236,0
1,3,31394,0
1,2,31552,0
1,1,31552,0
1,3,31631,0
1,4,31710,0
1,1,31710,0
1,3,31789,0
1,4,31868,0
1,1,31868,0
1,2,31868,0
1,3,32026,0
1,2,32105,0
1,1,32105,0
1,3,32183,0
1,1,32341,0
1,4,32499,0
1,3,32499,0
1,2,32499,0
1,1,32499,0
1,4,32657,0
1,3,32815,0
1,2,32815,0
1,1,32973,0
1,2,33131,0
1,1,33131,0
1,4,33131,0
1,3,33289,0
1,4,33368,0
1,1,33447,0
1,2,33447,0
1,3,33605,0
1,2,33762,0
1,1,33762,0
1,4,33762,0
1,3,33920,0
1,2,33999,0
1,1,34078,0
1,4,34078,0
1,3,34078,0
1,4,34236,0
1,3,34289,0
1,2,34341,0
1,1,34394,0
1,4,34394,0
1,3,34473,0
1,2,34473,0
1,1,34552,0
1,4,34552,0
1,3,34631,0
1,2,34631,0
1,4,34710,0
1,1,34710,0
1,2,34868,0
1,3,34868,0
1,1,35026,0
1,3,35026,0
1,4,35026,0
1,2,35105,0
1,3,35183,0
1,2,35341,0
1,1,35341,0
1,4,35499,0
1,3,35657,0
1,1,35657,0
1,2,35657,0
1,4,35815,0
1,3,35973,0
1,2,35973,0
1,1,36052,0
1,3,36131,0
1,4,36131,0
1,2,36289,0
1,1,36289,0
1,4,36289,0
1,3,36447,0
1,4,36447,0
1,2,36526,0
1,1,36526,0
1,3,36605,0
1,4,36605,0
1,2,36762,0
1,1,36762,0
1,4,36841,0
1,2,36920,0
1,3,36920,0
1,1,36920,0
1,4,37078,0
1,3,37078,0
1,2,37157,0
1,1,37157,0
1,3,37236,0
1,4,37236,0
1,2,37394,0
1,1,37394,0
1,1,37552,0
1,3,37552,0
1,4,37552,0
1,2,37710,0
1,3,37710,0
1,2,37868,0
1,1,37868,0
1,4,38026,0
1,3,38105,0
1,2,38183,0
1,1,38183,0
1,4,38183,0
1,3,38262,0
1,2,38341,0
1,1,38341,0
1,4,38420,0
1,3,38420,0
1,2,38499,0
1,1,38499,0
1,3,38657,0
1,4,38736,0
1,3,38815,0
1,2,38815,0
1,1,38815,0
1,4,38973,0
1,3,39052,0
1,2,39131,0
1,1,39131,0
1,4,39131,0
1,4,39289,0
1,3,39341,0
1,1,39394,0
1,2,39447,0
1,3,39499,0
1,4,39552,0
1,2,39605,0
1,1,39605,0
1,3,39683,0
1,4,39683,0
1,2,39762,0
1,1,39762,0
1,3,39920,0
1,2,39999,0
1,3,40078,0
1,2,40236,0
1,1,40236,0
1,4,40315,0
1,3,40394,0
1,2,40394,0
1,1,40394,0
1,3,40552,0
1,4,40552,0
1,2,40631,0
1,1,40631,0
1,3,40710,0
1,4,40710,0
1,2,40789,0
1,1,40789,0
1,3,40868,0
1,4,40868,0
1,2,40947,0
1,1,40947,0
1,3,41026,0
1,4,41026,0
1,2,41183,0
1,1,41183,0
1,4,41183,0
1,2,41341,0
1,1,41341,0
1,3,41420,0
1,4,41499,0
1,2,41499,0
1,1,41499,0
1,3,41657,0
1,4,41657,0
1,2,41815,0
1,1,41815,0
1,3,41815,0
1,4,41973,0
1,1,41973,0
1,3,42052,0
1,4,42131,0
1,2,42131,0
1,1,42131,0
1,2,42289,0
1,1,42289,0
1,3,42289,0
1,4,42447,0
1,3,42447,0
1,2,42447,0
1,1,42605,0
1,3,42605,0
1,4,42683,0
1,3,42762,0
1,2,42762,0
1,1,42762,0
1,4,42920,0
1,1,42920,0
1,3,42999,0
1,2,43078,0
1,1,43078,0
1,4,43078,0
1,3,43157,0
1,4,43236,0
1,1,43315,0
1,2,43394,0
1,3,43394,0
1,4,43394,0
1,1,43473,0
1,2,43552,0
1,3,43552,0
1,2,43710,0
1,1,43710,0
1,4,43868,0
1,2,43947,0
1,3,44026,0
1,4,44026,0
1,1,44183,0
1,3,44262,0
1,2,44341,0
1,1,44341,0
1,4,44499,0
1,3,44499,0
1,1,44578,0
1,3,44657,0
1,4,44657,0
1,2,44657,0
1,1,44815,0
1,3,44815,0
1,2,44973,0
1,1,44973,0
1,4,44973,0
1,3,45131,0
1,4,45131,0
1,1,45210,0
1,3,45289,0
1,4,45289,0
1,2,45289,0
1,1,45447,0
1,3,45447,0
1,2,45526,0
1,3,45605,0
1,4,45605,0
1,1,45605,0
1,2,45683,0
1,4,45762,0
1,3,45762,0
1,1,45841,0
1,3,45920,0
1,4,45920,0
1,2,45920,0
1,1,46078,0
1,2,46078,0
1,3,46236,0
1,4,46236,0
1,1,46236,0
1,2,46394,0
1,1,46394,0
1,4,46473,0
1,2,46552,0
1,1,46552,0
1,3,46552,0
1,4,46710,0
1,3,46749,0
1,2,46789,0
1,1,46868,0
1,3,46868,0
1,4,46868,0
1,2,47026,0
1,1,47026,0
1,4,47105,0
1,3,47183,0
1,2,47183,0
1,1,47183,0
1,4,47341,0
1,2,47341,0
1,1,47341,0
1,3,47499,0
1,4,47499,0
1,2,47499,0
1,1,47657,0
1,3,47657,0
1,4,47736,0
1,3,47815,0
1,2,47815,0
1,1,47815,0
1,4,47973,0
1,1,47973,0
1,2,48052,0
1,3,48131,0
1,4,48131,0
1,1,48131,0
1,2,48210,0
1,3,48289,0
1,1,48368,0
1,2,48447,0
1,3,48447,0
1,4,48447,0
1,4,48605,0
1,3,48762,0
1,2,48762,0
1,1,48920,0
1,2,48999,0
1,3,49078,0
1,4,49078,0
1,2,49236,0
1,1,49394,0
1,3,49394,0
1,4,49394,0
1,4,49552,0
1,3,49591,0
1,2,49631,0
1,1,49710,0
1,3,49710,0
1,4,49710,0
1,2,49868,0
1,1,49868,0
1,3,50026,0
1,4,50026,0
1,2,50026,0
1,1,50183,0
1,3,50183,0
1,2,50262,0
1,1,50341,0
1,3,50341,0
1,4,50341,0
1,2,50499,0
1,1,50499,0
1,4,50499,0
1,3,50657,0
1,4,50657,0
1,2,50736,0
1,1,50736,0
1,3,50815,0
1,4,50815,0
1,2,50894,0
1,1,50894,0
1,3,50973,0
1,4,50973,0
1,2,51052,0
1,1,51052,0
1,4,51131,0
1,3,51131,0
1,2,51447,0
1,3,51447,0
1,1,51447,0
1,4,51447,0
1,2,51762,0
1,1,51762,0
1,3,51762,0
1,4,51762,0
1,2,51920,0
1,4,51999,0
1,2,52078,0
1,1,52078,0
1,3,52157,0
1,4,52157,0
1,2,52236,0
1,1,52236,0
1,3,52315,0
1,4,52315,0
1,2,52394,0
1,1,52394,0
1,3,52552,0
1,4,52552,0
1,1,52631,0
1,3,52710,0
1,4,52710,0
1,2,52710,0
1,1,52868,0
1,2,52868,0
1,3,52947,0
1,4,53026,0
1,1,53026,0
1,2,53026,0
1,3,53183,0
1,4,53183,0
1,1,53183,0
1,2,53341,0
1,1,53341,0
1,3,53341,0
1,2,53499,0
1,4,53499,0
1,3,53499,0
2,4,53657,53973
2,1,53657,53973
1,3,54131,0
2,4,54289,54605
2,3,54289,54605
2,2,54289,54605
2,1,54289,54605
1,2,54762,0
2,1,54920,55236
2,2,54920,55236
2,3,54920,55236
2,4,54920,55236
1,3,55394,0
2,4,55552,55868
2,3,55552,55868
2,2,55552,55868
2,1,55552,55868
2,2,56183,56736
2,1,56183,56736
2,3,56183,56736
2,4,56183,56736
2,4,56815,57368
2,3,56815,57368
2,2,56815,57368
2,1,56815,57368
2,3,57447,57762
2,2,57762,58078
2,1,58078,58236
1,3,58236,0
1,4,58236,0
1,1,58315,0
1,3,58394,0
1,4,58394,0
1,2,58394,0
1,4,58710,0
1,1,58710,0
1,2,58710,0
1,3,58710,0
1,2,58868,0
1,1,58868,0
1,4,58947,0
1,2,59026,0
1,1,59026,0
1,3,59026,0
1,3,59183,0
1,4,59183,0
1,1,59262,0
1,2,59341,0
1,3,59341,0
1,4,59341,0
1,2,59499,0
1,1,59499,0
1,3,59578,0
1,4,59578,0
1,2,59657,0
1,1,59657,0
1,3,59736,0
1,4,59736,0
1,2,59815,0
1,3,59894,0
1,4,59973,0
1,1,59973,0
1,2,60026,0
1,3,60026,0
1,3,61236,0
1,4,61236,0
1,1,61315,0
1,2,61315,0
1,1,61552,0
1,2,61631,0
1,3,61710,0
1,4,61789,0
1,2,61868,0
1,1,61868,0
1,3,61868,0
1,3,62026,0
1,4,62026,0
1,1,62183,0
1,4,62262,0
1,2,62341,0
1,3,62341,0
1,4,62499,0
1,3,62657,0
1,2,62736,0
1,1,62815,0
1,1,63131,0
1,3,63131,0
1,4,63131,0
1,2,63289,0
1,3,63368,0
1,4,63447,0
1,2,63447,0
1,1,63447,0
1,2,63762,0
1,3,63762,0
1,4,63762,0
1,1,64078,0
1,2,64157,0
1,3,64236,0
1,4,64315,0
1,3,64394,0
1,2,64394,0
1,1,64394,0
1,1,64552,0
1,4,64552,0
1,2,64710,0
1,3,64789,0
1,2,64868,0
1,1,64868,0
1,3,65026,0
1,4,65105,0
1,1,65183,0
1,2,65262,0
1,4,65341,0
1,3,65420,0
1,2,65657,0
1,1,65657,0
1,4,65657,0
1,3,65815,0
1,2,65894,0
1,1,65973,0
1,3,65973,0
1,4,65973,0
1,1,66289,0
1,2,66289,0
1,3,66368,0
1,4,66368,0
1,2,66605,0
1,3,66683,0
1,4,66762,0
1,1,66841,0
1,2,66920,0
1,3,66920,0
1,4,67078,0
1,1,67078,0
1,3,67236,0
1,2,67315,0
1,1,67394,0
1,4,67394,0
1,2,67552,0
1,3,67631,0
1,1,67710,0
1,4,67789,0
1,3,67868,0
1,2,68183,0
1,1,68183,0
1,4,68183,0
1,3,68341,0
1,2,68420,0
1,1,68499,0
1,3,68499,0
1,4,68499,0
1,2,68815,0
1,1,68815,0
1,4,68894,0
1,3,68894,0
1,1,68973,0
1,2,69052,0
1,3,69131,0
1,4,69131,0
1,2,69210,0
1,1,69210,0
1,3,69289,0
1,4,69289,0
1,2,69368,0
1,1,69368,0
1,4,69447,0
1,3,69447,0
1,2,69526,0
1,1,69526,0
1,3,69605,0
1,4,69605,0
1,2,69683,0
1,1,69683,0
1,3,69762,0
1,4,69762,0
1,2,69841,0
1,1,69841,0
1,3,69920,0
1,4,69920,0
1,1,69999,0
1,2,69999,0
1,3,70078,0
1,4,70078,0
1,2,70118,0
1,1,70118,0
1,4,71341,0
1,3,71341,0
1,1,71341,0
1,2,71420,0
1,3,71499,0
1,2,71657,0
1,4,71657,0
1,1,71657,0
1,3,71815,0
1,4,71815,0
1,2,71894,0
1,1,71973,0
1,2,72131,0
1,1,72289,0
1,3,72289,0
1,4,72289,0
1,2,72447,0
1,1,72447,0
1,3,72499,0
1,4,72552,0
1,2,72605,0
1,1,72605,0
1,4,72762,0
1,1,72815,0
1,2,72920,0
1,3,72920,0
1,4,72920,0
1,1,73078,0
1,3,73078,0
1,2,73236,0
1,1,73236,0
1,4,73394,0
1,3,73473,0
1,2,73552,0
1,1,73552,0
1,4,73552,0
1,1,73710,0
1,2,73789,0
1,3,73868,0
1,4,73868,0
1,2,74026,0
1,1,74183,0
1,3,74183,0
1,4,74183,0
1,2,74341,0
1,1,74341,0
1,3,74499,0
1,4,74499,0
1,3,74657,0
1,2,74657,0
1,4,74815,0
1,3,74815,0
1,1,74815,0
1,2,74973,0
1,1,74973,0
1,4,75131,0
1,3,75170,0
1,2,75210,0
1,1,75289,0
1,4,75289,0
1,3,75368,0
1,2,75447,0
1,1,75447,0
1,4,75447,0
1,3,75605,0
1,1,75605,0
1,2,75683,0
1,3,75762,0
1,4,75762,0
1,1,75762,0
1,2,75920,0
1,4,75920,0
1,3,76078,0
1,2,76078,0
1,1,76078,0
1,1,76236,0
1,3,76236,0
1,2,76394,0
1,1,76394,0
1,3,76552,0
1,4,76552,0
1,2,76710,0
1,1,76710,0
1,4,76710,0
1,3,76868,0
1,2,76868,0
1,1,77026,0
1,4,77026,0
1,2,77183,0
1,4,77183,0
1,3,77341,0
1,2,77341,0
1,1,77341,0
1,1,77499,0
1,4,77499,0
1,4,77657,0
1,3,77697,0
1,2,77736,0
1,1,77815,0
1,4,77815,0
1,3,77894,0
1,4,77973,0
1,2,77973,0
1,1,77973,0
1,3,78131,0
1,2,78131,0
1,4,78210,0
1,3,78289,0
1,2,78289,0
1,1,78289,0
1,4,78447,0
1,1,78447,0
1,2,78499,0
1,3,78552,0
1,4,78605,0
1,1,78605,0
1,3,78762,0
1,4,78762,0
1,2,78841,0
1,1,78920,0
1,3,78920,0
1,4,78920,0
1,2,79078,0
1,1,79078,0
1,2,79236,0
1,1,79236,0
1,4,79236,0
1,3,79394,0
1,2,79394,0
1,4,79473,0
1,3,79552,0
1,2,79552,0
1,1,79552,0
1,4,79710,0
1,1,79710,0
1,2,79762,0
1,3,79815,0
1,4,79868,0
1,1,79868,0
1,2,80026,0
1,4,80026,0
1,3,80105,0
1,2,80183,0
1,1,80183,0
1,4,80341,0
1,3,80341,0
1,2,80420,0
1,1,80499,0
1,3,80499,0
1,4,80499,0
1,1,80657,0
1,2,80697,0
1,3,80736,0
1,4,80815,0
1,2,80815,0
1,1,80815,0
1,3,80973,0
1,4,80973,0
1,2,81026,0
1,1,81026,0
1,3,81131,0
1,4,81131,0
1,2,81210,0
1,1,81210,0
1,3,81289,0
1,4,81289,0
1,2,81368,0
1,1,81368,0
1,3,81447,0
1,4,81447,0
1,2,81605,0
1,1,81605,0
1,2,81762,0
1,4,81762,0
1,3,81815,0
1,1,81868,0
1,2,81920,0
1,4,81920,0
1,3,82078,0
1,4,82078,0
1,1,82236,0
1,2,82236,0
1,3,82394,0
1,4,82394,0
1,1,82394,0
1,2,82552,0
1,3,82552,0
1,1,82710,0
1,4,82710,0
1,3,82868,0
1,4,82868,0
1,3,83026,0
1,2,83026,0
1,1,83026,0
1,2,83183,0
1,4,83183,0
1,3,83262,0
1,2,83341,0
1,1,83341,0
1,4,83499,0
1,3,83499,0
1,2,83578,0
1,1,83657,0
1,3,83657,0
1,4,83657,0
1,2,83815,0
1,1,83815,0
1,3,83894,0
1,4,83973,0
1,2,83973,0
1,3,84131,0
1,4,84131,0
1,2,84289,0
1,1,84289,0
1,3,84289,0
1,4,84447,0
1,1,84447,0
1,3,84605,0
1,4,84605,0
1,2,84762,0
1,1,84762,0
1,3,84920,0
1,4,84920,0
1,2,84973,0
1,1,85026,0
1,3,85078,0
1,4,85078,0
1,1,85236,0
1,2,85276,0
1,3,85315,0
1,4,85394,0
1,1,85394,0
1,2,85473,0
1,3,85552,0
1,4,85552,0
1,1,85552,0
1,2,85710,0
1,3,85710,0
1,1,85789,0
1,2,85868,0
1,3,85868,0
1,4,85868,0
1,1,86026,0
1,4,86026,0
1,4,86183,0
1,1,86183,0
1,3,86236,0
1,2,86289,0
1,1,86341,0
1,3,86420,0
1,4,86499,0
1,2,86499,0
1,1,86657,0
1,3,86657,0
1,2,86815,0
1,1,86815,0
1,4,86815,0
1,3,86973,0
1,4,86973,0
1,2,87131,0
1,3,87131,0
1,1,87289,0
1,2,87289,0
1,1,87447,0
1,3,87447,0
1,4,87447,0
1,1,87605,0
1,4,87605,0
1,2,87762,0
1,3,87802,0
1,4,87841,0
1,1,87920,0
1,2,87920,0
1,3,87999,0
1,4,88078,0
1,2,88078,0
1,1,88078,0
1,3,88236,0
1,4,88236,0
1,1,88315,0
1,2,88394,0
1,3,88394,0
1,4,88552,0
1,1,88552,0
1,2,88605,0
1,3,88657,0
1,4,88710,0
1,1,88710,0
1,3,88868,0
1,4,88868,0
1,2,89026,0
1,1,89026,0
1,1,89183,0
1,3,89183,0
1,2,89341,0
1,1,89341,0
1,4,89341,0
1,3,89499,0
1,4,89499,0
1,1,89578,0
1,3,89657,0
1,2,89657,0
1,4,89815,0
1,1,89815,0
1,2,89894,0
1,3,89973,0
1,4,89973,0
1,1,89973,0
1,2,90131,0
1,1,90131,0
1,3,90210,0
1,4,90210,0
1,2,90289,0
1,1,90289,0
1,3,90447,0
1,4,90447,0
1,3,90605,0
1,2,90605,0
1,1,90605,0
1,4,90762,0
1,1,90762,0
1,2,90841,0
1,4,90920,0
1,3,90920,0
1,1,90920,0
1,2,91236,0
1,1,91236,0
1,3,91315,0
1,4,91315,0
1,2,91394,0
1,1,91394,0
1,3,91473,0
1,4,91473,0
1,2,91552,0
1,1,91552,0
1,3,91631,0
1,4,91710,0
1,1,91710,0
1,2,91789,0
1,3,91868,0
1,4,91868,0
1,1,91868,0
1,4,92026,0
1,2,92026,0
1,3,92105,0
1,1,92183,0
1,2,92183,0
1,4,92183,0
1,1,92341,0
1,3,92341,0
1,2,92420,0
1,3,92499,0
1,4,92499,0
1,2,92578,0
1,1,92578,0
1,3,92657,0
1,4,92657,0
1,1,92736,0
1,2,92815,0
1,3,92815,0
1,4,92868,0
1,1,92868,0
1,2,94078,0
1,1,94078,0
1,3,94078,0
1,4,94078,0
1,4,94236,0
1,1,94236,0
1,4,94394,0
1,2,94394,0
1,1,94394,0
1,3,94394,0
1,2,94552,0
1,3,94710,0
1,2,94868,0
1,1,94868,0
1,3,95026,0
1,4,95026,0
1,1,95026,0
1,4,95183,0
1,3,95341,0
1,2,95499,0
1,3,95657,0
1,4,95657,0
1,1,95657,0
1,2,95815,0
1,3,95973,0
1,4,95973,0
1,2,96052,0
1,1,96131,0
1,4,96131,0
1,2,96210,0
1,1,96289,0
1,4,96289,0
1,3,96289,0
1,2,96447,0
1,3,96526,0
1,4,96526,0
1,2,96605,0
1,4,96762,0
1,1,96920,0
1,2,96920,0
1,3,96920,0
1,4,96920,0
1,1,97078,0
1,2,97236,0
1,3,97236,0
1,4,97394,0
1,3,97552,0
1,4,97552,0
1,1,97552,0
1,2,97710,0
1,1,97789,0
1,4,97868,0
1,3,97868,0
1,2,98026,0
1,3,98183,0
1,4,98183,0
1,1,98183,0
1,2,98341,0
1,3,98420,0
1,4,98499,0
1,1,98499,0
1,2,98499,0
1,1,98657,0
1,2,98710,0
1,3,98762,0
1,4,98815,0
1,1,98815,0
1,2,98894,0
1,3,98894,0
1,4,98973,0
1,1,98973,0
1,2,99052,0
1,3,99052,0
1,1,99131,0
1,4,99131,0
1,3,99289,0
1,2,99289,0
1,4,99447,0
1,2,99447,0
1,1,99447,0
1,3,99526,0
1,2,99605,0
1,3,99762,0
1,4,99762,0
1,1,99920,0
1,2,100078,0
1,4,100078,0
1,3,100078,0
1,1,100236,0
1,2,100394,0
1,3,100394,0
1,4,100473,0
1,2,100552,0
1,1,100552,0
1,3,100710,0
1,4,100710,0
1,1,100710,0
1,2,100868,0
1,1,100868,0
1,3,100947,0
1,4,100947,0
1,2,101026,0
1,1,101026,0
1,3,101183,0
1,4,101183,0
1,1,101262,0
1,3,101341,0
1,2,101341,0
1,4,101341,0
1,1,101499,0
1,2,101499,0
1,3,101578,0
1,4,101578,0
1,2,101657,0
1,1,101657,0
1,3,101815,0
1,4,101815,0
1,4,101973,0
1,2,101973,0
1,1,101973,0
1,3,102131,0
1,2,102131,0
1,3,102289,0
1,4,102289,0
1,1,102447,0
1,2,102526,0
1,3,102605,0
1,4,102605,0
1,1,102605,0
1,2,102683,0
1,3,102762,0
1,4,102762,0
1,1,102841,0
1,2,102841,0
1,3,102920,0
1,4,102920,0
1,2,103078,0
1,1,103157,0
1,2,103236,0
1,3,103236,0
1,4,103236,0
1,1,103394,0
1,2,103473,0
1,3,103552,0
1,4,103552,0
1,1,103552,0
1,1,103710,0
1,2,103762,0
1,4,103815,0
1,3,103868,0
1,2,103920,0
1,1,103973,0
1,3,104026,0
1,4,104026,0
1,2,104105,0
1,1,104105,0
1,3,104183,0
1,4,104183,0
1,2,104341,0
1,3,104420,0
1,2,104499,0
1,3,104657,0
1,4,104657,0
1,1,104736,0
1,2,104815,0
1,3,104815,0
1,4,104815,0
1,2,104973,0
1,1,104973,0
1,3,105052,0
1,4,105052,0
1,2,105131,0
1,1,105131,0
1,3,105210,0
1,4,105210,0
1,2,105289,0
1,1,105289,0
1,3,105368,0
1,4,105368,0
1,2,105447,0
1,1,105447,0
1,3,105605,0
1,4,105605,0
1,1,105605,0
1,3,105762,0
1,4,105762,0
1,2,105841,0
1,1,105920,0
1,3,105920,0
1,4,105920,0
1,2,106078,0
1,1,106078,0
1,3,106236,0
1,4,106236,0
1,2,106236,0
1,1,106394,0
1,4,106394,0
1,2,106473,0
1,1,106552,0
1,3,106552,0
1,4,106552,0
1,3,106710,0
1,4,106710,0
1,2,106710,0
1,1,106868,0
1,2,106868,0
1,3,106868,0
1,4,107026,0
1,2,107026,0
1,1,107105,0
1,2,107183,0
1,3,107183,0
1,4,107183,0
1,1,107341,0
1,4,107341,0
1,2,107420,0
1,3,107499,0
1,4,107499,0
1,1,107499,0
1,2,107578,0
1,1,107657,0
1,4,107736,0
1,3,107815,0
1,2,107815,0
1,1,107815,0
1,4,107894,0
1,3,107973,0
1,2,107973,0
1,3,108131,0
1,4,108131,0
1,1,108289,0
1,3,108368,0
1,2,108447,0
1,1,108447,0
1,4,108605,0
1,2,108683,0
1,3,108762,0
1,4,108762,0
1,1,108920,0
1,2,108920,0
1,4,108999,0
1,2,109078,0
1,1,109078,0
1,3,109078,0
1,4,109236,0
1,2,109236,0
1,3,109394,0
1,4,109394,0
1,1,109394,0
1,2,109552,0
1,1,109552,0
1,4,109631,0
1,2,109710,0
1,1,109710,0
1,3,109710,0
1,4,109868,0
1,2,109868,0
1,3,109947,0
1,2,110026,0
1,1,110026,0
1,4,110026,0
1,3,110105,0
1,1,110183,0
1,2,110183,0
1,4,110262,0
1,2,110341,0
1,1,110341,0
1,3,110341,0
1,4,110499,0
1,3,110499,0
1,2,110657,0
1,1,110657,0
1,4,110657,0
1,3,110815,0
1,4,110815,0
1,1,110894,0
1,3,110973,0
1,4,110973,0
1,2,110973,0
1,1,111131,0
1,2,111170,0
1,3,111210,0
1,4,111289,0
1,2,111289,0
1,1,111289,0
1,3,111447,0
1,4,111447,0
1,1,111526,0
1,2,111605,0
1,3,111605,0
1,4,111605,0
1,1,111762,0
1,3,111762,0
1,4,111762,0
1,2,111920,0
1,1,111920,0
1,3,111920,0
1,4,112078,0
1,2,112078,0
1,1,112157,0
1,2,112236,0
1,3,112236,0
1,4,112236,0
1,1,112394,0
1,4,112394,0
1,3,112473,0
1,2,112552,0
1,1,112552,0
1,4,112552,0
1,3,112631,0
1,2,112710,0
1,4,112789,0
1,3,112868,0
1,2,112868,0
1,1,112868,0
1,1,113026,0
1,2,113183,0
1,3,113183,0
1,4,113341,0
1,3,113420,0
1,2,113499,0
1,1,113499,0
1,3,113657,0
1,4,113815,0
1,2,113815,0
1,1,113815,0
1,1,113973,0
1,2,114012,0
1,3,114052,0
1,4,114131,0
1,2,114131,0
1,1,114131,0
1,3,114289,0
1,4,114289,0
1,2,114447,0
1,1,114447,0
1,3,114447,0
1,4,114605,0
1,2,114605,0
1,3,114683,0
1,4,114762,0
1,2,114762,0
1,1,114762,0
1,3,114920,0
1,4,114920,0
1,1,114920,0
1,2,115078,0
1,1,115078,0
1,3,115157,0
1,4,115157,0
1,2,115236,0
1,1,115236,0
1,3,115315,0
1,4,115315,0
1,2,115394,0
1,1,115394,0
1,3,115473,0
1,4,115473,0
1,1,115552,0
1,2,115552,0
1,3,115868,0
1,2,115868,0
1,4,115868,0
1,1,115868,0
1,3,116183,0
1,4,116183,0
1,2,116183,0
1,1,116183,0
1,3,116341,0
1,1,116420,0
1,3,116499,0
1,4,116499,0
1,2,116578,0
1,1,116578,0
1,3,116657,0
1,4,116657,0
1,2,116736,0
1,1,116736,0
1,3,116815,0
1,4,116815,0
1,2,116973,0
1,1,116973,0
1,4,117052,0
1,2,117131,0
1,1,117131,0
1,3,117131,0
1,4,117289,0
1,3,117289,0
1,2,117368,0
1,1,117447,0
1,4,117447,0
1,3,117447,0
1,2,117605,0
1,1,117605,0
1,4,117605,0
1,3,117762,0
1,4,117762,0
1,2,117762,0
1,3,117920,0
1,1,117920,0
1,2,117920,0
2,1,118078,118394
2,4,118078,118394
1,2,118552,0
2,1,118710,119026
2,2,118710,119026
2,3,118710,119026
2,4,118710,119026
1,3,119183,0
2,4,119341,119657
2,3,119341,119657
2,2,119341,119657
2,1,119341,119657
1,2,119815,0
2,1,119973,120289
2,2,119973,120289
2,3,119973,120289
2,4,119973,120289
2,3,120605,121157
2,4,120605,121157
2,2,120605,121157
2,1,120605,121157
2,1,121236,121789
2,2,121236,121789
2,3,121236,121789
2,4,121236,121789
2,2,121868,122183
2,3,122183,122499
2,4,122499,122657
1,2,122657,0
1,1,122657,0
1,4,122736,0
1,2,122815,0
1,1,122815,0
1,3,122815,0
1,1,123131,0
1,4,123131,0
1,3,123131,0
1,2,123131,0
1,3,123289,0
1,4,123289,0
1,1,123368,0
1,3,123447,0
1,4,123447,0
1,2,123447,0
1,2,123605,0
1,1,123605,0
1,4,123683,0
1,3,123762,0
1,2,123762,0
1,1,123762,0
1,3,123920,0
1,4,123920,0
1,2,123999,0
1,1,123999,0
1,3,124078,0
1,4,124078,0
1,2,124157,0
1,1,124157,0
1,3,124236,0
1,2,124315,0
1,1,124394,0
1,4,124394,0
1,3,124447,0
1,2,124447,0
1,1,125657,0
1,2,125657,0
1,4,125657,0
1,3,125736,0
1,2,125815,0
1,3,125973,0
1,1,125973,0
1,4,125973,0
1,2,126131,0
1,1,126131,0
1,3,126210,0
1,4,126289,0
1,3,126447,0
1,4,126605,0
1,2,126605,0
1,1,126605,0
1,3,126762,0
1,4,126762,0
1,2,126815,0
1,1,126868,0
1,3,126920,0
1,4,126920,0
1,1,127078,0
1,4,127131,0
1,3,127236,0
1,2,127236,0
1,1,127236,0
1,4,127394,0
1,2,127394,0
1,3,127552,0
1,4,127552,0
1,1,127710,0
1,2,127789,0
1,3,127868,0
1,4,127868,0
1,1,127868,0
1,4,128026,0
1,3,128105,0
1,2,128183,0
1,1,128183,0
1,3,128341,0
1,4,128499,0
1,2,128499,0
1,1,128499,0
1,3,128657,0
1,4,128657,0
1,2,128815,0
1,1,128815,0
1,2,128973,0
1,3,128973,0
1,1,129131,0
1,2,129131,0
1,4,129131,0
1,3,129289,0
1,4,129289,0
1,1,129447,0
1,2,129486,0
1,3,129526,0
1,4,129605,0
1,1,129605,0
1,2,129683,0
1,3,129762,0
1,4,129762,0
1,1,129762,0
1,2,129920,0
1,4,129920,0
1,3,129999,0
1,2,130078,0
1,1,130078,0
1,4,130078,0
1,3,130236,0
1,1,130236,0
1,2,130394,0
1,3,130394,0
1,4,130394,0
1,4,130552,0
1,2,130552,0
1,3,130710,0
1,4,130710,0
1,2,130868,0
1,1,130868,0
1,3,131026,0
1,4,131026,0
1,1,131026,0
1,2,131183,0
1,3,131183,0
1,4,131341,0
1,1,131341,0
1,3,131499,0
1,1,131499,0
1,2,131657,0
1,3,131657,0
1,4,131657,0
1,4,131815,0
1,1,131815,0
1,1,131973,0
1,2,132012,0
1,3,132052,0
1,4,132131,0
1,1,132131,0
1,2,132210,0
1,1,132289,0
1,3,132289,0
1,4,132289,0
1,2,132447,0
1,3,132447,0
1,1,132526,0
1,2,132605,0
1,3,132605,0
1,4,132605,0
1,1,132762,0
1,4,132762,0
1,3,132815,0
1,2,132868,0
1,1,132920,0
1,4,132920,0
1,2,133078,0
1,1,133078,0
1,3,133157,0
1,4,133236,0
1,2,133236,0
1,1,133236,0
1,3,133394,0
1,4,133394,0
1,3,133552,0
1,4,133552,0
1,1,133552,0
1,2,133710,0
1,3,133710,0
1,1,133789,0
1,2,133868,0
1,3,133868,0
1,4,133868,0
1,1,134026,0
1,4,134026,0
1,3,134078,0
1,2,134131,0
1,1,134183,0
1,4,134183,0
1,3,134341,0
1,1,134341,0
1,2,134420,0
1,3,134499,0
1,4,134499,0
1,1,134657,0
1,2,134657,0
1,3,134736,0
1,4,134815,0
1,2,134815,0
1,1,134815,0
1,4,134973,0
1,3,135012,0
1,2,135052,0
1,1,135131,0
1,3,135131,0
1,4,135131,0
1,2,135289,0
1,1,135289,0
1,3,135341,0
1,4,135341,0
1,2,135447,0
1,1,135447,0
1,3,135526,0
1,4,135526,0
1,2,135605,0
1,1,135605,0
1,3,135683,0
1,4,135683,0
1,2,135762,0
1,1,135762,0
1,3,135920,0
1,4,135920,0
1,3,136078,0
1,1,136078,0
1,2,136131,0
1,4,136183,0
1,3,136236,0
1,1,136236,0
1,2,136394,0
1,1,136394,0
1,4,136552,0
1,3,136552,0
1,2,136710,0
1,1,136710,0
1,4,136710,0
1,3,136868,0
1,2,136868,0
1,4,137026,0
1,1,137026,0
1,2,137183,0
1,1,137183,0
1,2,137341,0
1,3,137341,0
1,4,137341,0
1,3,137499,0
1,1,137499,0
1,2,137578,0
1,3,137657,0
1,4,137657,0
1,1,137815,0
1,2,137815,0
1,3,137894,0
1,4,137973,0
1,2,137973,0
1,1,137973,0
1,3,138131,0
1,4,138131,0
1,2,138210,0
1,1,138289,0
1,3,138289,0
1,2,138447,0
1,1,138447,0
1,3,138605,0
1,4,138605,0
1,2,138605,0
1,1,138762,0
1,4,138762,0
1,2,138920,0
1,1,138920,0
1,3,139078,0
1,4,139078,0
1,2,139236,0
1,1,139236,0
1,3,139289,0
1,4,139341,0
1,2,139394,0
1,1,139394,0
1,4,139552,0
1,3,139591,0
1,2,139631,0
1,1,139710,0
1,4,139710,0
1,3,139789,0
1,2,139868,0
1,1,139868,0
1,4,139868,0
1,3,140026,0
1,2,140026,0
1,4,140105,0
1,3,140183,0
1,2,140183,0
1,1,140183,0
1,4,140341,0
1,1,140341,0
1,1,140499,0
1,4,140499,0
1,2,140552,0
1,3,140605,0
1,4,140657,0
1,2,140736,0
1,1,140815,0
1,3,140815,0
1,4,140973,0
1,2,140973,0
1,3,141131,0
1,4,141131,0
1,1,141131,0
1,2,141289,0
1,1,141289,0
1,3,141447,0
1,2,141447,0
1,4,141605,0
1,3,141605,0
1,4,141762,0
1,2,141762,0
1,1,141762,0
1,4,141920,0
1,1,141920,0
1,3,142078,0
1,2,142118,0
1,1,142157,0
1,4,142236,0
1,3,142236,0
1,2,142315,0
1,1,142394,0
1,3,142394,0
1,4,142394,0
1,2,142552,0
1,1,142552,0
1,4,142631,0
1,3,142710,0
1,2,142710,0
1,1,142868,0
1,4,142868,0
1,3,142920,0
1,2,142973,0
1,1,143026,0
1,4,143026,0
1,2,143183,0
1,1,143183,0
1,3,143341,0
1,4,143341,0
1,4,143499,0
1,2,143499,0
1,3,143657,0
1,4,143657,0
1,1,143657,0
1,2,143815,0
1,1,143815,0
1,4,143894,0
1,2,143973,0
1,3,143973,0
1,1,144131,0
1,4,144131,0
1,3,144210,0
1,2,144289,0
1,1,144289,0
1,4,144289,0
1,3,144447,0
1,4,144447,0
1,2,144526,0
1,1,144526,0
1,3,144605,0
1,4,144605,0
1,2,144762,0
1,1,144762,0
1,2,144920,0
1,3,144920,0
1,4,144920,0
1,1,145078,0
1,4,145078,0
1,3,145157,0
1,1,145236,0
1,2,145236,0
1,4,145236,0
1,3,145552,0
1,4,145552,0
1,2,145631,0
1,1,145631,0
1,3,145710,0
1,4,145710,0
1,2,145789,0
1,1,145789,0
1,3,145868,0
1,4,145868,0
1,2,145947,0
1,1,146026,0
1,4,146026,0
1,3,146105,0
1,2,146183,0
1,1,146183,0
1,4,146183,0
1,1,146341,0
1,3,146341,0
1,2,146420,0
1,4,146499,0
1,3,146499,0
1,1,146499,0
1,4,146657,0
1,2,146657,0
1,3,146736,0
1,2,146815,0
1,1,146815,0
1,3,146894,0
1,4,146894,0
1,2,146973,0
1,1,146973,0
1,4,147052,0
1,3,147131,0
1,2,147131,0
1,1,147183,0
1,4,147183,0
1,4,148394,0
1,3,148394,0
1,2,148394,0
1,1,148394,0
1,1,148552,0
1,2,148552,0
1,3,148552,0
1,4,148552,0
2,2,148710,148947
2,1,148710,148947
2,3,149026,149262
2,4,149026,149262
1,2,149341,0
1,1,149341,0
1,3,149341,0
1,4,149341,0
1,4,149499,0
1,3,149499,0
1,2,149499,0
1,1,149499,0
2,2,149657,149894
2,1,149657,149894
2,3,149973,150210
2,4,149973,150210
1,2,150289,0
1,1,150289,0
1,3,150289,0
1,4,150289,0
1,4,150447,0
1,3,150447,0
1,2,150447,0
1,1,150447,0
2,2,150605,150762
2,1,150605,150762
1,3,150762,0
1,4,150762,0
1,1,150841,0
1,3,150920,0
1,4,150920,0
1,2,150920,0
1,1,151078,0
1,4,151078,0
1,2,151157,0
1,4,151236,0
1,3,151236,0
1,2,151315,0
1,1,151315,0
1,3,151394,0
1,4,151394,0
1,1,151473,0
1,2,151552,0
1,3,151552,0
1,4,151631,0
1,1,151631,0
1,2,151710,0
1,3,151789,0
1,4,151789,0
1,2,151868,0
1,1,151868,0
1,3,151947,0
1,4,152026,0
1,1,152026,0
1,2,152105,0
1,3,152183,0
1,4,152183,0
1,1,152183,0
1,2,152341,0
1,4,152341,0
1,3,152420,0
1,4,152499,0
1,2,152499,0
1,1,152499,0
1,3,152657,0
1,1,152657,0
1,2,152736,0
1,1,152815,0
1,3,152815,0
1,4,152815,0
1,3,152973,0
1,4,152973,0
2,2,152973,153131
2,1,152973,153131
2,3,153131,153236
2,4,153131,153236
2,2,153236,153341
2,1,153236,153341
2,4,153341,153394
2,3,153341,153394
2,2,153394,153447
2,1,153394,153447
1,3,153605,0
1,2,153762,0
1,4,153920,0
1,1,154078,0
1,2,154078,0
1,3,154394,0
1,2,154710,0
1,4,154710,0
1,3,154868,0
1,1,155026,0
1,3,155341,0
1,4,155341,0
1,2,155973,0
1,1,156131,0
1,3,156289,0
1,2,156447,0
1,4,156605,0
1,1,156605,0
1,3,156920,0
1,2,157236,0
1,1,157394,0
1,3,157552,0
1,4,157710,0
1,3,157710,0
1,1,157789,0
1,2,157789,0
1,3,157868,0
1,4,157868,0
1,2,157920,0
1,1,157920,0
1,3,158026,0
1,4,158026,0
1,2,158499,0
1,1,158499,0
1,4,158499,0
1,3,158578,0
1,4,158657,0
1,2,158815,0
1,1,158815,0
1,2,158973,0
1,4,158973,0
1,3,159131,0
1,4,159131,0
1,1,159131,0
1,1,159289,0
1,3,159368,0
1,2,159447,0
1,4,159447,0
1,1,159605,0
1,3,159605,0
1,4,159762,0
1,3,159920,0
1,2,159999,0
1,1,160078,0
1,4,160078,0
1,2,160236,0
1,4,160236,0
1,3,160394,0
1,2,160394,0
1,1,160394,0
1,4,160473,0
1,1,160552,0
1,2,160710,0
1,3,160710,0
1,1,160868,0
1,2,160868,0
1,3,161026,0
1,4,161026,0
1,1,161026,0
1,2,161105,0
1,3,161183,0
1,4,161341,0
1,1,161341,0
1,3,161499,0
1,4,161499,0
1,2,161657,0
1,1,161657,0
1,4,161657,0
1,1,161815,0
1,2,161894,0
1,3,161973,0
1,4,162131,0
1,1,162131,0
1,3,162289,0
1,4,162447,0
1,3,162526,0
1,2,162605,0
1,1,162762,0
1,3,162762,0
1,2,162920,0
1,3,162920,0
1,4,162920,0
1,1,162999,0
1,2,163078,0
1,3,163236,0
1,4,163236,0
1,1,163552,0
1,3,163552,0
1,4,163552,0
1,2,163631,0
1,3,163710,0
1,2,163868,0
1,4,163868,0
1,1,164026,0
1,2,164026,0
1,3,164183,0
1,4,164183,0
1,1,164183,0
1,2,164341,0
1,3,164420,0
1,4,164499,0
1,1,164657,0
1,3,164657,0
1,2,164815,0
1,4,164973,0
1,3,165052,0
1,2,165131,0
1,1,165289,0
1,3,165289,0
1,2,165447,0
1,3,165447,0
1,4,165447,0
1,1,165526,0
1,3,165605,0
1,2,165762,0
1,1,165762,0
1,3,165920,0
1,4,165920,0
1,1,166078,0
1,2,166157,0
1,3,166236,0
1,4,166394,0
1,2,166394,0
1,3,166552,0
1,1,166552,0
1,2,166710,0
1,1,166710,0
1,4,166710,0
1,3,166868,0
1,2,166947,0
1,1,167026,0
1,3,167183,0
1,4,167183,0
1,2,167341,0
1,1,167499,0
1,3,167578,0
1,4,167657,0
1,2,167815,0
1,3,167815,0
1,2,167973,0
1,1,167973,0
1,4,167973,0
1,3,168131,0
1,4,168131,0
1,3,168605,0
1,4,168605,0
1,1,168605,0
1,2,168683,0
1,3,168762,0
1,2,168920,0
1,1,168920,0
1,2,169078,0
1,4,169078,0
1,3,169236,0
1,4,169236,0
1,2,169394,0
1,1,169394,0
1,3,169473,0
1,4,169552,0
1,1,169552,0
1,3,169710,0
1,2,169710,0
1,2,169868,0
1,1,169868,0
1,4,169868,0
1,3,170026,0
1,4,170026,0
1,2,170105,0
1,1,170183,0
1,3,170183,0
1,4,170341,0
1,1,170341,0
1,2,170499,0
1,3,170499,0
1,1,170578,0
1,3,170657,0
1,4,170657,0
1,2,170815,0
1,1,170815,0
1,3,170973,0
1,4,170973,0
1,2,171131,0
1,1,171131,0
1,3,171210,0
1,4,171289,0
1,2,171289,0
1,1,171447,0
1,3,171447,0
1,2,171605,0
1,1,171605,0
1,3,171762,0
1,4,171762,0
1,2,171920,0
1,1,171920,0
1,3,171999,0
1,4,171999,0
1,2,172078,0
1,1,172078,0
1,3,172236,0
1,4,172236,0
1,2,172394,0
1,3,172394,0
1,1,172394,0
1,4,172552,0
1,1,172552,0
1,2,172631,0
1,3,172710,0
1,4,172710,0
1,1,172868,0
1,2,172868,0
1,3,173026,0
1,4,173026,0
1,2,173105,0
1,1,173183,0
1,3,173183,0
1,2,173341,0
1,1,173341,0
1,3,173657,0
1,4,173657,0
1,1,173657,0
1,2,173736,0
1,3,173815,0
1,4,173815,0
1,1,173973,0
1,3,173973,0
1,2,174131,0
1,1,174131,0
1,3,174289,0
1,4,174289,0
1,2,174447,0
1,1,174447,0
1,3,174526,0
1,4,174605,0
1,2,174605,0
1,3,174762,0
1,4,174762,0
1,2,174920,0
1,3,174920,0
1,1,174920,0
1,1,175078,0
1,3,175078,0
1,4,175157,0
1,2,175236,0
1,1,175236,0
1,3,175394,0
1,4,175394,0
1,2,175552,0
1,3,175552,0
1,1,175631,0
1,2,175710,0
1,4,175710,0
1,3,175868,0
1,1,175868,0
1,2,176026,0
1,1,176026,0
1,2,176183,0
1,3,176183,0
1,4,176262,0
1,1,176341,0
1,2,176341,0
1,3,176499,0
1,4,176499,0
1,3,176657,0
1,2,176657,0
1,1,176815,0
1,2,176973,0
1,4,176973,0
1,3,177052,0
1,4,177131,0
1,2,177131,0
1,1,177131,0
1,3,177210,0
1,4,177289,0
1,1,177368,0
1,3,177447,0
1,4,177447,0
1,2,177526,0
1,1,177526,0
1,3,177605,0
1,4,177683,0
1,2,177762,0
1,1,177762,0
1,3,177841,0
1,4,177841,0
1,2,177920,0
1,1,177920,0
1,3,177973,0
1,4,177973,0
1,2,178078,0
1,1,178078,0
1,3,178131,0
1,4,178131,0
1,2,178236,0
1,1,178236,0
1,3,178315,0
1,4,178315,0
1,2,178394,0
1,1,178394,0
1,3,178473,0
1,4,178473,0
1,2,178552,0
1,1,178552,0
1,3,178631,0
1,4,178631,0
1,2,178710,0
1,1,178710,0
1,3,178868,0
1,4,178868,0
1,2,179026,0
1,4,179026,0
1,1,179026,0
1,3,179183,0
1,2,179183,0
1,1,179341,0
1,2,179341,0
1,3,179394,0
1,4,179447,0
1,1,179499,0
1,2,179552,0
1,3,179657,0
1,4,179657,0
1,1,179657,0
1,2,179815,0
1,3,179815,0
1,4,179973,0
1,3,180026,0
1,2,180078,0
1,1,180131,0
1,4,180131,0
1,3,180210,0
1,1,180289,0
1,2,180289,0
1,4,180289,0
1,1,180447,0
1,3,180447,0
1,4,180526,0
1,2,180605,0
1,3,180605,0
1,1,180683,0
1,2,180762,0
1,4,180762,0
1,3,180920,0
1,4,180920,0
1,1,180920,0
1,2,181078,0
1,3,181078,0
1,1,181236,0
1,4,181236,0
1,3,181394,0
1,4,181394,0
1,2,181552,0
1,1,181552,0
1,4,181552,0
1,3,181710,0
1,2,181710,0
1,1,181868,0
1,4,181868,0
1,2,181920,0
1,3,181973,0
1,1,182026,0
1,4,182078,0
1,3,182183,0
1,1,182183,0
1,2,182183,0
1,4,182341,0
1,2,182341,0
1,3,182499,0
1,4,182499,0
1,2,182657,0
1,1,182657,0
1,3,182736,0
1,4,182815,0
1,2,182815,0
1,1,182815,0
1,3,182973,0
1,4,182973,0
1,2,183052,0
1,1,183131,0
1,3,183131,0
1,4,183210,0
1,2,183289,0
1,1,183289,0
1,4,183447,0
1,2,183447,0
1,3,183447,0
1,1,183605,0
1,3,183605,0
1,2,183762,0
1,1,183762,0
1,3,183920,0
1,4,183920,0
1,2,184078,0
1,3,184078,0
1,4,184078,0
1,1,184236,0
1,2,184236,0
1,1,184394,0
1,3,184394,0
1,2,184447,0
1,4,184499,0
1,1,184552,0
1,3,184605,0
1,2,184710,0
1,4,184710,0
1,1,184710,0
1,3,184789,0
1,4,184868,0
1,1,184868,0
1,2,185026,0
1,3,185026,0
1,3,185183,0
1,4,185183,0
1,1,185262,0
1,2,185341,0
1,3,185341,0
1,4,185341,0
1,2,185499,0
1,1,185499,0
1,3,185578,0
1,4,185657,0
1,2,185657,0
1,1,185736,0
1,3,185815,0
1,4,185815,0
1,2,185973,0
1,1,185973,0
1,3,185973,0
1,4,186131,0
1,2,186131,0
1,3,186289,0
1,1,186289,0
1,2,186447,0
1,1,186447,0
1,2,186605,0
1,3,186605,0
1,4,186605,0
1,1,186762,0
1,3,186762,0
1,2,186920,0
1,1,186920,0
1,3,186973,0
1,4,187026,0
1,2,187078,0
1,1,187131,0
1,2,187236,0
1,3,187236,0
1,4,187236,0
1,3,187394,0
1,4,187394,0
1,1,187552,0
1,2,187605,0
1,3,187710,0
1,4,187710,0
1,1,187789,0
1,2,187868,0
1,3,187868,0
1,4,187868,0
1,1,188026,0
1,2,188026,0
1,3,188105,0
1,4,188105,0
1,2,188183,0
1,1,188183,0
1,3,188262,0
1,4,188262,0
1,2,188341,0
1,1,188341,0
1,3,188420,0
1,4,188420,0
1,2,188499,0
1,1,188499,0
1,3,188578,0
1,4,188578,0
1,2,188657,0
1,1,188657,0
1,3,188736,0
1,4,188736,0
1,2,188815,0
1,1,188815,0
1,3,188868,0
1,4,188920,0
1,2,188973,0
1,1,189026,0
1,2,189131,0
1,3,189131,0
1,4,189131,0
1,1,189289,0
1,4,189289,0
1,2,189447,0
1,1,189447,0
1,3,189447,0
1,1,189605,0
1,4,189605,0
1,2,189683,0
1,3,189762,0
1,4,189762,0
1,1,189762,0
1,2,189841,0
1,3,189920,0
1,4,189920,0
1,2,190078,0
1,1,190078,0
1,4,190078,0
1,3,190236,0
1,2,190236,0
1,1,190315,0
1,2,190394,0
1,3,190394,0
1,4,190394,0
1,1,190552,0
1,4,190552,0
1,2,190631,0
1,3,190710,0
1,4,190710,0
1,1,190710,0
1,2,190789,0
1,1,190868,0
1,4,190868,0
1,3,190920,0
1,2,190973,0
1,4,191026,0
1,3,191105,0
1,2,191183,0
1,1,191183,0
1,3,191341,0
1,4,191341,0
1,1,191341,0
1,2,191394,0
1,3,191447,0
1,1,191499,0
1,4,191552,0
1,2,191605,0
1,3,191657,0
1,4,191657,0
1,1,191657,0
1,2,191815,0
1,1,191815,0
1,3,191894,0
1,4,191973,0
1,2,191973,0
1,1,191973,0
1,3,192131,0
1,4,192131,0
1,2,192210,0
1,1,192289,0
1,3,192289,0
1,4,192289,0
1,2,192368,0
1,1,192447,0
1,4,192447,0
1,2,192605,0
1,1,192605,0
1,3,192605,0
1,4,192683,0
1,3,192762,0
1,2,192762,0
1,1,192841,0
1,2,192920,0
1,3,192920,0
1,4,192920,0
1,1,193078,0
1,2,193078,0
1,3,193157,0
1,4,193236,0
1,2,193236,0
1,1,193236,0
1,3,193315,0
1,4,193394,0
1,1,193394,0
1,2,193552,0
1,3,193552,0
1,4,193552,0
1,1,193631,0
1,2,193710,0
1,3,193710,0
1,4,193868,0
1,2,193868,0
1,3,193868,0
1,1,193920,0
1,3,193973,0
1,4,194026,0
1,1,194078,0
1,2,194131,0
1,3,194183,0
1,4,194183,0
1,1,194183,0
1,2,194341,0
1,3,194341,0
1,4,194420,0
1,3,194499,0
1,2,194499,0
1,1,194499,0
1,4,194578,0
1,1,194657,0
1,2,194657,0
1,3,194736,0
1,1,194815,0
1,4,194815,0
1,2,194815,0
1,3,194894,0
1,4,194973,0
1,1,194973,0
1,2,195131,0
1,3,195131,0
1,4,195131,0
1,1,195210,0
1,2,195289,0
1,3,195289,0
1,4,195368,0
1,3,195447,0
1,1,195447,0
1,2,195447,0
1,1,195605,0
1,3,195605,0
1,2,195683,0
1,3,195762,0
1,4,195762,0
1,1,195762,0
1,2,195841,0
1,3,195920,0
1,4,195920,0
1,1,196078,0
1,2,196078,0
1,4,196078,0
1,3,196157,0
1,4,196236,0
1,1,196236,0
1,3,196394,0
1,2,196394,0
1,1,196394,0
1,4,196447,0
1,1,196499,0
1,2,196552,0
1,3,196605,0
1,4,196657,0
1,2,196710,0
1,1,196710,0
1,3,196710,0
1,4,196789,0
1,1,196868,0
1,2,196868,0
1,3,196947,0
1,4,197026,0
1,2,197026,0
1,1,197026,0
1,4,197183,0
1,3,197183,0
1,1,197262,0
1,2,197341,0
1,3,197341,0
1,4,197341,0
1,1,197420,0
1,2,197499,0
1,3,197499,0
1,4,197578,0
1,2,197657,0
1,1,197657,0
1,3,197657,0
1,3,197815,0
1,4,197815,0
1,2,197894,0
1,1,197894,0
1,4,197973,0
1,3,197973,0
1,2,198052,0
1,1,198131,0
1,4,198131,0
1,3,198131,0
1,2,198289,0
1,1,198289,0
1,3,198368,0
1,4,198368,0
1,2,198447,0
1,1,198447,0
1,4,198526,0
1,3,198605,0
1,2,198605,0
1,1,198605,0
1,4,198762,0
1,3,198841,0
1,1,198920,0
1,2,198960,0
1,3,198999,0
1,4,199078,0
1,2,199157,0
1,3,199236,0
1,1,199315,0
1,2,199394,0
1,3,199394,0
1,4,199394,0
1,1,199473,0
1,3,199552,0
1,2,199631,0
1,3,199710,0
1,4,199789,0
1,2,199868,0
1,1,199868,0
1,3,199868,0
1,4,199947,0
1,1,200026,0
1,2,200105,0
1,3,200183,0
1,4,200223,0
1,1,200262,0
1,2,200341,0
1,3,200341,0
1,4,200420,0
1,1,200420,0
1,2,200499,0
1,3,200499,0
1,4,200578,0
1,1,200578,0
1,2,200657,0
1,3,200657,0
1,4,200736,0
1,1,200736,0
1,3,200815,0
1,2,200815,0
1,4,200868,0
1,1,200868,0
1,3,200973,0
1,2,200973,0
1,1,201447,0
1,2,201447,0
1,4,201447,0
1,3,201526,0
1,2,201605,0
1,3,201762,0
1,1,201762,0
1,4,201762,0
1,2,201920,0
1,1,201920,0
1,3,201999,0
1,4,202078,0
1,3,202236,0
1,4,202394,0
1,2,202394,0
1,1,202394,0
1,3,202552,0
1,4,202552,0
1,2,202605,0
1,1,202657,0
1,3,202710,0
1,4,202710,0
1,1,202868,0
1,4,202920,0
1,3,203026,0
1,2,203026,0
1,1,203026,0
1,4,203183,0
1,2,203183,0
1,3,203341,0
1,4,203341,0
1,1,203499,0
1,2,203578,0
1,3,203657,0
1,4,203657,0
1,1,203657,0
1,4,203815,0
1,3,203894,0
1,2,203973,0
1,1,203973,0
1,3,204131,0
1,4,204289,0
1,2,204289,0
1,1,204289,0
1,3,204447,0
1,4,204447,0
1,2,204605,0
1,1,204605,0
1,2,204762,0
1,3,204762,0
1,1,204920,0
1,2,204920,0
1,4,204920,0
1,3,205078,0
1,4,205078,0
1,1,205236,0
1,2,205276,0
1,3,205315,0
1,4,205394,0
1,1,205394,0
1,2,205473,0
1,3,205552,0
1,4,205552,0
1,1,205552,0
1,2,205710,0
1,4,205710,0
1,3,205789,0
1,2,205868,0
1,1,205868,0
1,4,205868,0
1,3,206026,0
1,1,206026,0
1,2,206183,0
1,3,206183,0
1,4,206183,0
1,4,206341,0
1,2,206341,0
1,3,206499,0
1,4,206499,0
1,2,206657,0
1,1,206657,0
1,3,206815,0
1,4,206815,0
1,1,206815,0
1,2,206973,0
1,3,206973,0
1,4,207131,0
1,1,207131,0
1,3,207289,0
1,1,207289,0
1,2,207447,0
1,3,207447,0
1,4,207447,0
1,4,207605,0
1,1,207605,0
1,1,207762,0
1,2,207802,0
1,3,207841,0
1,4,207920,0
1,1,207920,0
1,2,207999,0
1,1,208078,0
1,3,208078,0
1,4,208078,0
1,2,208236,0
1,3,208236,0
1,1,208315,0
1,2,208394,0
1,3,208394,0
1,4,208394,0
1,1,208552,0
1,4,208552,0
1,3,208605,0
1,2,208657,0
1,1,208710,0
1,4,208710,0
1,2,208868,0
1,1,208868,0
1,3,208947,0
1,4,209026,0
1,2,209026,0
1,1,209026,0
1,3,209183,0
1,4,209183,0
1,3,209341,0
1,4,209341,0
1,1,209341,0
1,2,209499,0
1,3,209499,0
1,1,209578,0
1,2,209657,0
1,3,209657,0
1,4,209657,0
1,1,209815,0
1,4,209815,0
1,3,209868,0
1,2,209920,0
1,1,209973,0
1,4,209973,0
1,3,210131,0
1,1,210131,0
1,2,210210,0
1,3,210289,0
1,4,210289,0
1,1,210447,0
1,2,210447,0
1,3,210526,0
1,4,210605,0
1,2,210605,0
1,1,210605,0
1,4,210762,0
1,3,210802,0
1,2,210841,0
1,1,210920,0
1,3,210920,0
1,4,210920,0
1,2,211078,0
1,1,211078,0
1,3,211131,0
1,4,211131,0
1,2,211236,0
1,1,211236,0
1,3,211315,0
1,4,211315,0
1,2,211394,0
1,1,211394,0
1,3,211473,0
1,4,211473,0
1,2,211552,0
1,1,211552,0
1,3,211710,0
1,4,211710,0
1,3,211868,0
1,1,211868,0
1,2,211920,0
1,4,211973,0
1,3,212026,0
1,1,212026,0
1,2,212183,0
1,1,212183,0
1,4,212341,0
1,3,212341,0
1,2,212499,0
1,1,212499,0
1,4,212499,0
1,3,212657,0
1,2,212657,0
1,4,212815,0
1,1,212815,0
1,2,212973,0
1,1,212973,0
1,2,213131,0
1,3,213131,0
1,4,213131,0
1,3,213289,0
1,1,213289,0
1,2,213368,0
1,3,213447,0
1,4,213447,0
1,1,213605,0
1,2,213605,0
1,3,213683,0
1,4,213762,0
1,2,213762,0
1,1,213762,0
1,3,213920,0
1,4,213920,0
1,2,213999,0
1,1,214078,0
1,3,214078,0
1,2,214236,0
1,1,214236,0
1,3,214394,0
1,4,214394,0
1,2,214394,0
1,1,214552,0
1,4,214552,0
1,2,214710,0
1,1,214710,0
1,3,214868,0
1,4,214868,0
1,2,215026,0
1,1,215026,0
1,3,215078,0
1,4,215131,0
1,2,215183,0
1,1,215183,0
1,4,215341,0
1,3,215381,0
1,2,215420,0
1,1,215499,0
1,4,215499,0
1,3,215578,0
1,2,215657,0
1,1,215657,0
1,4,215657,0
1,3,215815,0
1,2,215815,0
1,4,215894,0
1,3,215973,0
1,2,215973,0
1,1,215973,0
1,4,216131,0
1,1,216131,0
1,1,216289,0
1,4,216289,0
1,2,216341,0
1,3,216394,0
1,4,216447,0
1,2,216526,0
1,1,216605,0
1,3,216605,0
1,4,216762,0
1,2,216762,0
1,3,216920,0
1,4,216920,0
1,1,216920,0
1,2,217078,0
1,1,217078,0
1,3,217236,0
1,2,217236,0
1,4,217394,0
1,3,217394,0
1,4,217552,0
1,2,217552,0
1,1,217552,0
1,4,217710,0
1,1,217710,0
1,3,217868,0
1,2,217907,0
1,1,217947,0
1,4,218026,0
1,3,218026,0
1,2,218105,0
1,1,218183,0
1,3,218183,0
1,4,218183,0
1,2,218341,0
1,1,218341,0
1,4,218420,0
1,3,218499,0
1,2,218499,0
1,1,218657,0
1,4,218657,0
1,3,218710,0
1,2,218762,0
1,1,218815,0
1,4,218815,0
1,2,218973,0
1,1,218973,0
1,3,219131,0
1,4,219131,0
1,4,219289,0
1,2,219289,0
1,3,219447,0
1,4,219447,0
1,1,219447,0
1,2,219605,0
1,1,219605,0
1,4,219683,0
1,2,219762,0
1,3,219762,0
1,1,219920,0
1,4,219920,0
1,3,219999,0
1,2,220078,0
1,1,220078,0
1,4,220078,0
1,3,220236,0
1,4,220236,0
1,2,220315,0
1,1,220315,0
1,3,220394,0
1,4,220394,0
1,2,220552,0
1,1,220552,0
1,2,220710,0
1,3,220710,0
1,4,220710,0
1,1,220868,0
1,4,220868,0
1,3,220947,0
1,1,221026,0
1,2,221026,0
1,4,221026,0
1,3,221341,0
1,4,221341,0
1,2,221420,0
1,1,221420,0
1,3,221499,0
1,4,221499,0
1,2,221578,0
1,1,221578,0
1,3,221657,0
1,4,221657,0
1,2,221736,0
1,1,221815,0
1,4,221815,0
1,3,221894,0
1,2,221973,0
1,1,221973,0
1,4,221973,0
1,1,222131,0
1,3,222131,0
1,2,222210,0
1,4,222289,0
1,3,222289,0
1,1,222289,0
1,4,222447,0
1,2,222447,0
1,3,222526,0
1,2,222605,0
1,1,222605,0
1,3,222683,0
1,4,222683,0
1,2,222762,0
1,1,222762,0
1,4,222841,0
1,3,222920,0
1,2,222920,0
1,1,222973,0
1,4,222973,0
1,2,224183,0
1,1,224183,0
1,3,224183,0
1,4,224183,0
1,3,224341,0
1,2,224341,0
1,4,224499,0
1,2,224499,0
1,1,224499,0
1,3,224499,0
1,2,224657,0
1,3,224815,0
1,2,224973,0
1,1,224973,0
1,3,225131,0
1,4,225131,0
1,1,225131,0
1,4,225289,0
1,3,225447,0
1,2,225605,0
1,3,225762,0
1,4,225762,0
1,1,225762,0
1,2,225920,0
1,3,226078,0
1,4,226078,0
1,2,226157,0
1,1,226236,0
1,4,226236,0
1,2,226315,0
1,1,226394,0
1,4,226394,0
1,3,226394,0
1,2,226552,0
1,3,226631,0
1,4,226631,0
1,2,226710,0
1,4,226868,0
1,1,227026,0
1,2,227026,0
1,3,227026,0
1,4,227026,0
1,1,227183,0
1,2,227341,0
1,3,227341,0
1,4,227499,0
1,3,227657,0
1,4,227657,0
1,1,227657,0
1,2,227815,0
1,1,227894,0
1,4,227973,0
1,3,227973,0
1,2,228131,0
1,3,228289,0
1,4,228289,0
1,1,228289,0
1,2,228447,0
1,3,228526,0
1,4,228605,0
1,1,228605,0
1,2,228605,0
1,1,228762,0
1,2,228815,0
1,3,228868,0
1,4,228920,0
1,1,228920,0
1,2,228999,0
1,3,228999,0
1,4,229078,0
1,1,229078,0
1,2,229157,0
1,3,229157,0
1,1,229236,0
1,4,229236,0
1,3,229394,0
1,2,229394,0
1,4,229552,0
1,2,229552,0
1,1,229552,0
1,3,229631,0
1,2,229710,0
1,3,229868,0
1,4,229868,0
1,1,230026,0
1,2,230183,0
1,4,230183,0
1,3,230183,0
1,1,230341,0
1,2,230499,0
1,3,230499,0
1,4,230578,0
1,2,230657,0
1,1,230657,0
1,3,230815,0
1,4,230815,0
1,1,230815,0
1,2,230973,0
1,1,230973,0
1,3,231052,0
1,4,231052,0
1,2,231131,0
1,1,231131,0
1,3,231289,0
1,4,231289,0
1,1,231368,0
1,3,231447,0
1,2,231447,0
1,4,231447,0
1,1,231605,0
1,2,231605,0
1,3,231683,0
1,4,231683,0
1,2,231762,0
1,1,231762,0
1,3,231920,0
1,4,231920,0
1,4,232078,0
1,2,232078,0
1,1,232078,0
1,3,232236,0
1,2,232236,0
1,3,232394,0
1,4,232394,0
1,1,232552,0
1,2,232631,0
1,3,232710,0
1,4,232710,0
1,1,232710,0
1,2,232789,0
1,3,232868,0
1,4,232868,0
1,1,232947,0
1,2,232947,0
1,3,233026,0
1,4,233026,0
1,2,233183,0
1,1,233262,0
1,2,233341,0
1,3,233341,0
1,4,233341,0
1,1,233499,0
1,2,233578,0
1,3,233657,0
1,4,233657,0
1,1,233657,0
1,1,233815,0
1,2,233868,0
1,4,233920,0
1,3,233973,0
1,2,234026,0
1,1,234078,0
1,3,234131,0
1,4,234131,0
1,2,234210,0
1,1,234210,0
1,4,234289,0
2,3,234289,234447
2,2,234447,234605
2,1,234605,234762
1,2,234762,0
1,3,234841,0
1,4,234920,0
1,2,234920,0
1,4,235078,0
1,3,235078,0
1,2,235157,0
1,1,235157,0
1,3,235236,0
1,4,235236,0
1,2,235315,0
1,3,235394,0
1,4,235473,0
2,3,235552,236499
2,2,235552,236578
2,1,235552,236657
