2,1,1236,2815
2,4,1236,1552
2,3,1552,1868
1,2,1868,0
2,4,1868,2341
2,2,2341,2815
2,4,2815,3447
1,2,2973,0
2,3,3447,3762
1,4,3762,0
2,1,3762,4394
2,4,4394,4868
2,2,4394,5499
1,3,4868,0
1,1,5499,0
2,4,5499,6605
1,3,6289,0
2,2,6605,6920
1,4,6920,0
2,3,6920,7078
2,1,7078,7394
2,2,7394,7710
2,4,7710,8026
2,2,7868,8026
1,1,8026,0
2,3,8026,8499
2,1,8499,8815
2,4,8815,9131
2,2,8815,9131
2,3,9131,9447
2,4,9447,9920
2,2,9447,9920
2,1,9920,10394
2,3,9920,10394
2,4,10394,10710
1,2,10710,0
2,1,10710,11183
1,3,11026,0
1,3,11183,0
2,4,11183,11815
2,2,11341,11657
2,1,11657,11973
2,4,11973,12920
2,3,11973,12447
2,2,12447,12920
2,1,12920,13552
2,4,13078,13394
2,3,13552,13868
2,1,13868,14183
2,4,13868,14499
1,1,14499,0
2,2,14499,14973
1,4,14973,0
2,1,14973,15447
2,2,15447,16394
2,4,15447,16394
2,1,16394,16710
2,3,16710,17026
1,1,17026,0
2,4,17026,17499
2,3,17499,17815
2,4,17815,18131
2,1,17973,18131
1,3,18131,0
2,2,18131,18605
2,1,18605,18920
1,3,18920,0
2,4,18920,19236
2,2,19236,19552
2,1,19552,20026
1,3,20026,0
2,4,20026,20499
2,1,20499,20815
2,3,20815,21289
2,2,20815,21289
2,4,21289,21447
2,1,21289,21447
1,1,21762,0
2,4,21762,23341
1,1,21920,0
2,3,21920,22078
2,2,22078,22394
2,1,22394,22710
2,2,22710,23026
2,3,23026,23341
1,2,23341,0
2,1,23341,23657
2,4,23657,23973
2,3,23973,24289
2,2,24289,24447
1,1,24605,0
1,2,24605,0
1,4,24683,0
1,3,24683,0
1,1,24762,0
1,2,24762,0
1,3,24920,0
1,3,25078,0
1,4,25078,0
1,1,25157,0
1,2,25157,0
1,4,25236,0
1,4,25394,0
1,1,25394,0
1,2,25394,0
1,3,25868,0
1,4,25868,0
1,2,25947,0
1,1,25947,0
1,3,26026,0
1,4,26026,0
1,3,26183,0
1,1,26341,0
1,2,26341,0
1,3,26420,0
1,4,26420,0
1,1,26499,0
1,3,26657,0
1,1,26657,0
1,4,26657,0
1,1,27131,0
1,2,27131,0
1,3,27210,0
1,4,27210,0
1,1,27289,0
1,2,27289,0
1,3,27447,0
1,1,27605,0
1,2,27605,0
1,2,27683,0
1,1,27683,0
1,3,27762,0
2,4,27762,28394
1,2,27920,0
1,1,28078,0
1,2,28078,0
1,3,28157,0
1,2,28236,0
1,3,28394,0
2,1,28552,28631
1,3,28552,0
1,4,28552,0
1,2,28710,0
2,4,28868,28947
1,1,28868,0
1,2,28868,0
1,3,29026,0
2,3,29183,29262
1,2,29183,0
1,1,29183,0
1,1,29341,0
1,2,29341,0
1,3,29420,0
1,4,29420,0
1,2,29499,0
1,1,29499,0
1,3,29578,0
1,4,29578,0
1,2,29657,0
1,2,29815,0
1,2,29973,0
1,1,29973,0
1,3,29973,0
1,3,30289,0
1,3,30447,0
1,3,30605,0
1,4,30605,0
1,2,30605,0
1,1,30920,0
1,1,31078,0
1,1,31236,0
1,2,31236,0
1,4,31236,0
1,1,31552,0
1,3,31710,0
1,4,31789,0
1,2,31868,0
1,3,31868,0
1,1,31868,0
1,4,32026,0
1,3,32105,0
1,2,32183,0
1,2,32341,0
1,2,32499,0
1,4,32499,0
1,3,32499,0
1,2,32657,0
1,2,32815,0
1,2,32973,0
1,1,33131,0
1,3,33131,0
1,4,33131,0
1,4,33289,0
1,3,33368,0
1,2,33447,0
1,4,33447,0
1,1,33605,0
1,2,33605,0
1,1,33762,0
1,2,33762,0
1,4,33762,0
1,1,33920,0
1,2,33999,0
2,3,34078,34236
1,4,34078,0
1,1,34078,0
2,1,34236,34710
1,2,34236,0
1,3,34394,0
1,4,34394,0
1,2,34473,0
1,3,34552,0
1,4,34631,0
1,3,34710,0
1,2,34710,0
1,4,34868,0
1,2,34868,0
2,1,35026,35105
1,3,35026,0
1,4,35026,0
1,4,35183,0
1,3,35183,0
1,3,35341,0
1,2,35341,0
1,1,35499,0
1,2,35499,0
1,4,35657,0
1,1,35657,0
1,2,35657,0
1,2,35815,0
1,1,35815,0
1,2,35973,0
1,3,35973,0
1,4,36131,0
1,3,36131,0
1,3,36289,0
1,4,36289,0
1,1,36289,0
1,1,36447,0
1,2,36526,0
1,3,36605,0
1,3,36762,0
1,2,36841,0
1,1,36920,0
1,3,36920,0
1,4,36920,0
1,3,37078,0
1,2,37157,0
1,3,37236,0
1,4,37394,0
1,1,37394,0
1,4,37552,0
1,1,37552,0
1,2,37552,0
1,1,37710,0
1,3,37710,0
1,3,37868,0
1,1,37868,0
1,3,38026,0
1,1,38026,0
1,1,38183,0
1,2,38183,0
1,3,38183,0
1,1,38341,0
1,2,38420,0
1,3,38499,0
1,3,38657,0
1,2,38815,0
1,1,38815,0
1,4,38815,0
1,1,38973,0
1,2,39052,0
1,1,39131,0
1,3,39131,0
1,4,39131,0
1,3,39289,0
2,4,39289,39762
1,1,39605,0
1,2,39683,0
1,3,39762,0
2,1,39762,39920
2,2,39920,40078
2,1,40078,40236
1,4,40236,0
1,3,40236,0
1,2,40315,0
2,1,40394,40473
1,3,40394,0
1,4,40394,0
1,3,40552,0
1,4,40552,0
1,1,40631,0
1,2,40631,0
1,4,40710,0
1,3,40710,0
1,1,40789,0
1,2,40789,0
1,4,40868,0
1,3,40868,0
1,2,40947,0
1,1,40947,0
1,2,41026,0
1,4,41026,0
1,2,41183,0
1,3,41183,0
1,1,41183,0
1,3,41341,0
1,1,41341,0
1,3,41499,0
1,4,41499,0
1,1,41499,0
1,2,41657,0
1,4,41657,0
1,2,41815,0
1,1,41815,0
1,4,41815,0
1,4,41973,0
1,2,41973,0
1,1,42052,0
1,3,42131,0
1,4,42131,0
1,2,42131,0
1,3,42289,0
1,2,42289,0
1,1,42447,0
1,3,42447,0
1,4,42447,0
1,2,42605,0
1,4,42605,0
1,3,42683,0
1,1,42762,0
1,2,42762,0
1,4,42762,0
1,3,42920,0
1,1,42920,0
1,2,42999,0
1,1,43078,0
1,4,43078,0
1,3,43078,0
1,2,43157,0
1,1,43236,0
1,3,43236,0
1,4,43315,0
1,1,43394,0
1,2,43394,0
1,3,43394,0
1,1,43552,0
1,3,43552,0
1,1,43710,0
1,2,43710,0
1,3,43710,0
1,1,43868,0
1,4,43868,0
1,2,43947,0
1,3,44026,0
1,4,44026,0
1,1,44026,0
1,1,44183,0
1,4,44183,0
1,3,44262,0
1,1,44341,0
1,2,44341,0
1,4,44341,0
1,4,44499,0
1,2,44499,0
1,1,44578,0
1,4,44657,0
1,3,44657,0
1,2,44657,0
1,1,44815,0
1,3,44815,0
1,4,44894,0
1,1,44973,0
1,2,44973,0
1,3,44973,0
1,2,45131,0
1,4,45131,0
1,3,45210,0
1,1,45289,0
1,2,45289,0
1,4,45289,0
1,3,45447,0
1,2,45447,0
1,4,45526,0
1,2,45605,0
1,1,45605,0
1,3,45605,0
1,4,45683,0
1,1,45762,0
1,3,45762,0
1,4,45841,0
1,3,45920,0
1,2,45920,0
1,1,45920,0
2,3,46078,46236
1,1,46236,0
1,2,46236,0
1,4,46236,0
1,3,46394,0
1,4,46394,0
1,2,46473,0
1,3,46552,0
1,1,46552,0
1,4,46552,0
1,4,46710,0
1,3,46710,0
1,2,46868,0
1,4,46868,0
1,3,46868,0
1,3,47026,0
1,1,47026,0
1,2,47105,0
1,1,47183,0
1,4,47183,0
1,3,47183,0
1,2,47341,0
1,1,47341,0
1,2,47499,0
1,1,47499,0
1,3,47499,0
1,1,47657,0
1,4,47657,0
1,3,47736,0
1,1,47815,0
1,4,47815,0
1,2,47815,0
1,4,47973,0
1,2,47973,0
1,1,48052,0
1,4,48131,0
1,3,48131,0
1,2,48131,0
1,1,48210,0
1,2,48289,0
1,3,48368,0
1,1,48447,0
1,4,48447,0
1,2,48447,0
1,2,48605,0
1,4,48605,0
1,4,48762,0
1,2,48762,0
1,3,48762,0
1,4,48920,0
1,1,48920,0
1,2,48999,0
1,1,49078,0
1,3,49078,0
1,4,49078,0
1,3,49236,0
1,1,49236,0
1,2,49394,0
1,1,49394,0
1,3,49394,0
1,4,49552,0
1,1,49552,0
1,3,49631,0
1,1,49710,0
1,2,49710,0
1,4,49710,0
1,4,49868,0
1,2,49868,0
1,2,50026,0
1,1,50026,0
1,4,50026,0
1,1,50183,0
1,3,50183,0
1,2,50262,0
1,1,50341,0
1,3,50341,0
1,4,50341,0
1,2,50499,0
1,4,50499,0
1,2,50657,0
1,1,50657,0
1,3,50736,0
1,4,50736,0
1,2,50815,0
1,1,50815,0
1,3,50894,0
1,4,50894,0
1,2,50973,0
1,1,50973,0
1,3,51052,0
1,4,51052,0
2,1,51131,51447
1,2,51131,0
1,3,51447,0
2,2,51447,51762
1,1,51762,0
1,4,51762,0
1,3,51762,0
1,1,51920,0
1,2,51999,0
1,3,52078,0
1,4,52078,0
1,2,52157,0
1,1,52236,0
1,2,52315,0
1,1,52394,0
1,3,52394,0
1,4,52394,0
1,4,52552,0
1,3,52552,0
1,2,52631,0
1,1,52710,0
1,2,52789,0
1,3,52868,0
1,4,52868,0
1,2,52947,0
1,1,53026,0
1,3,53026,0
1,4,53026,0
1,3,53183,0
1,4,53183,0
1,1,53183,0
1,1,53341,0
1,2,53341,0
1,3,53341,0
1,1,53499,0
1,2,53499,0
1,3,53499,0
2,4,53657,53815
2,1,53657,54131
2,2,53973,54289
2,3,54289,54605
2,1,54289,54920
2,2,54605,54920
2,4,54920,55394
2,3,54920,55236
2,1,55236,55552
2,4,55552,55868
2,2,55552,55868
2,4,56183,56815
2,1,56183,58078
2,3,56815,57131
2,2,56815,58078
2,4,57447,57762
2,3,57762,58078
2,4,58078,59026
1,2,58236,0
1,3,58315,0
2,2,58394,58473
2,1,58394,58473
1,1,58710,0
1,3,58710,0
1,2,58710,0
1,1,58868,0
1,3,58868,0
1,2,58947,0
1,1,59026,0
1,3,59026,0
1,2,59183,0
1,4,59183,0
1,3,59262,0
1,4,59341,0
1,2,59341,0
1,4,59499,0
1,3,59499,0
1,1,59578,0
1,2,59578,0
1,4,59657,0
1,3,59657,0
1,1,59736,0
1,2,59736,0
1,4,59815,0
1,3,59894,0
1,2,59973,0
1,4,59973,0
2,1,59973,60605
1,2,60605,0
2,4,60605,60920
1,2,60762,0
1,2,60920,0
2,1,61236,61315
2,4,61236,61315
1,3,61236,0
1,2,61236,0
1,2,61552,0
1,1,61552,0
1,3,61631,0
1,4,61631,0
1,2,61710,0
1,1,61710,0
1,3,61789,0
1,4,61868,0
1,2,61868,0
1,1,61868,0
1,4,62026,0
2,3,62026,62183
1,2,62183,0
1,1,62341,0
2,2,62341,62499
1,3,62499,0
1,1,62657,0
1,4,62657,0
1,3,62736,0
1,2,62736,0
1,4,62815,0
1,1,62815,0
1,2,63131,0
1,3,63131,0
1,1,63131,0
1,1,63289,0
1,2,63289,0
1,3,63368,0
1,1,63447,0
1,2,63447,0
1,4,63447,0
1,4,63762,0
2,3,63762,63841
1,2,64078,0
1,1,64078,0
1,3,64157,0
1,4,64157,0
1,2,64236,0
1,1,64236,0
1,3,64315,0
1,1,64394,0
1,2,64394,0
1,4,64394,0
1,1,64552,0
2,2,64552,64710
1,3,64710,0
1,3,64868,0
2,4,64868,65026
1,3,65026,0
1,3,65183,0
1,2,65183,0
1,4,65262,0
1,1,65262,0
1,3,65341,0
1,2,65341,0
1,4,65657,0
1,3,65657,0
1,2,65657,0
1,4,65815,0
1,3,65815,0
1,2,65894,0
1,4,65973,0
1,1,65973,0
1,3,65973,0
1,3,66289,0
2,4,66289,66368
2,1,66368,66447
1,2,66368,0
1,2,66605,0
1,1,66605,0
1,3,66683,0
1,4,66683,0
1,2,66762,0
1,1,66762,0
1,3,66841,0
1,4,66920,0
1,1,66920,0
1,2,66920,0
1,1,67078,0
2,2,67078,67236
1,1,67236,0
2,4,67394,67552
1,3,67394,0
1,3,67552,0
1,1,67710,0
1,4,67710,0
1,3,67789,0
1,2,67789,0
1,1,67868,0
1,4,67868,0
1,4,68183,0
1,3,68183,0
1,2,68183,0
1,1,68341,0
1,2,68341,0
1,3,68420,0
2,4,68499,68578
1,1,68499,0
1,2,68499,0
1,1,68815,0
1,2,68815,0
1,2,68894,0
1,1,68894,0
1,3,68973,0
1,2,69052,0
1,3,69131,0
1,4,69131,0
1,3,69210,0
1,4,69210,0
1,2,69289,0
1,3,69368,0
1,2,69447,0
1,1,69447,0
1,2,69526,0
1,1,69526,0
1,3,69605,0
1,4,69683,0
1,3,69762,0
1,2,69841,0
1,1,69920,0
1,2,69999,0
1,3,70078,0
1,4,70078,0
2,1,70078,70710
2,4,70710,71026
2,3,71026,71341
2,1,71341,71420
1,2,71341,0
1,2,71499,0
1,3,71499,0
2,4,71657,71736
1,2,71657,0
1,1,71657,0
1,3,71973,0
1,4,71973,0
1,3,72131,0
1,2,72131,0
1,4,72289,0
1,3,72289,0
1,1,72289,0
1,4,72447,0
1,1,72447,0
1,3,72605,0
1,4,72605,0
1,1,72762,0
1,4,72762,0
1,2,72920,0
1,1,72920,0
1,4,72920,0
1,3,73078,0
1,1,73078,0
1,4,73236,0
1,1,73236,0
1,1,73394,0
1,3,73394,0
1,4,73552,0
1,3,73552,0
1,1,73552,0
1,4,73710,0
1,2,73710,0
1,3,73789,0
1,4,73868,0
1,2,73868,0
1,2,74026,0
1,4,74026,0
1,1,74183,0
1,4,74183,0
1,2,74183,0
1,3,74341,0
1,2,74341,0
1,1,74499,0
1,2,74499,0
1,3,74657,0
1,2,74657,0
2,3,74815,75131
1,1,74815,0
1,4,74815,0
1,4,75131,0
1,1,75131,0
1,4,75289,0
1,1,75289,0
1,2,75368,0
1,3,75447,0
1,1,75447,0
1,4,75447,0
1,1,75605,0
1,4,75605,0
1,3,75683,0
1,4,75762,0
1,2,75762,0
1,1,75920,0
1,2,75920,0
1,4,76078,0
1,2,76078,0
1,3,76078,0
1,1,76236,0
1,4,76236,0
1,4,76394,0
2,1,76394,76552
1,4,76552,0
1,2,76710,0
1,3,76710,0
1,4,76710,0
1,4,76868,0
1,2,76868,0
1,2,77026,0
1,4,77026,0
1,1,77183,0
1,4,77183,0
1,3,77341,0
1,2,77341,0
1,1,77341,0
1,3,77499,0
1,1,77499,0
1,1,77657,0
1,2,77657,0
1,4,77815,0
1,2,77815,0
1,3,77894,0
1,1,77973,0
1,2,77973,0
1,4,77973,0
1,4,78131,0
1,1,78131,0
1,2,78210,0
1,1,78289,0
1,4,78289,0
1,1,78447,0
1,4,78447,0
1,2,78605,0
1,1,78605,0
1,4,78605,0
1,3,78762,0
1,1,78762,0
1,3,78920,0
1,1,78920,0
1,4,79078,0
1,1,79078,0
1,1,79236,0
1,2,79236,0
1,4,79236,0
1,3,79394,0
1,1,79394,0
1,4,79473,0
1,2,79473,0
1,3,79552,0
1,1,79552,0
1,3,79710,0
1,1,79710,0
1,4,79868,0
1,3,79868,0
1,1,79868,0
1,4,80026,0
1,1,80026,0
1,2,80105,0
1,3,80105,0
1,1,80183,0
1,4,80183,0
1,2,80341,0
1,1,80341,0
1,3,80420,0
1,2,80499,0
1,1,80499,0
1,4,80499,0
1,3,80657,0
1,4,80657,0
1,2,80736,0
2,1,80815,80894
1,3,80815,0
1,4,80815,0
1,1,81012,0
1,2,81052,0
1,4,81131,0
1,3,81210,0
1,2,81289,0
1,4,81368,0
2,1,81447,81526
1,3,81447,0
1,2,81605,0
1,4,81605,0
2,3,81762,81841
1,2,81762,0
1,4,81762,0
1,3,82078,0
1,4,82078,0
1,2,82236,0
1,3,82236,0
1,4,82394,0
1,2,82394,0
1,1,82394,0
1,3,82552,0
1,4,82552,0
1,1,82710,0
1,2,82710,0
1,3,82868,0
1,2,82868,0
1,1,83026,0
1,3,83026,0
1,4,83026,0
1,3,83183,0
1,1,83183,0
1,4,83341,0
1,1,83341,0
1,3,83499,0
1,1,83499,0
1,2,83578,0
1,1,83657,0
1,4,83657,0
1,3,83657,0
1,4,83815,0
1,2,83815,0
1,3,83894,0
1,2,83973,0
1,4,83973,0
1,2,84131,0
1,4,84131,0
1,1,84289,0
1,2,84289,0
1,4,84289,0
1,4,84447,0
1,2,84447,0
1,3,84605,0
1,1,84605,0
1,4,84762,0
1,2,84762,0
1,2,84920,0
1,3,84920,0
1,1,84920,0
1,1,85078,0
1,4,85078,0
1,2,85236,0
1,3,85236,0
1,4,85394,0
1,1,85394,0
1,2,85473,0
1,1,85552,0
1,3,85552,0
1,4,85552,0
1,1,85710,0
1,4,85710,0
1,3,85789,0
1,2,85868,0
1,4,85868,0
1,4,86026,0
1,2,86026,0
1,1,86183,0
1,4,86183,0
1,2,86183,0
1,2,86499,0
2,4,86499,86578
1,3,86657,0
1,1,86657,0
1,1,86815,0
1,4,86815,0
1,3,86815,0
1,4,86973,0
1,2,86973,0
1,1,87131,0
1,3,87131,0
1,4,87289,0
1,2,87289,0
1,1,87447,0
1,2,87447,0
1,4,87447,0
1,1,87605,0
1,4,87605,0
1,2,87762,0
1,4,87762,0
1,1,87920,0
1,4,87920,0
1,3,87999,0
1,2,88078,0
1,1,88078,0
1,4,88078,0
1,2,88236,0
1,4,88236,0
1,3,88315,0
1,4,88394,0
1,1,88394,0
1,1,88552,0
1,2,88552,0
1,4,88710,0
1,3,88710,0
1,1,88710,0
1,4,88868,0
1,3,88868,0
1,2,89026,0
1,3,89026,0
1,2,89183,0
1,1,89183,0
1,3,89341,0
1,4,89341,0
1,2,89341,0
1,2,89499,0
1,4,89499,0
1,1,89578,0
1,3,89578,0
1,2,89657,0
1,4,89657,0
1,2,89815,0
1,3,89815,0
1,3,89973,0
1,2,89973,0
1,1,89973,0
1,3,90131,0
1,1,90131,0
1,2,90210,0
1,4,90289,0
1,3,90289,0
1,1,90447,0
1,3,90447,0
1,1,90605,0
1,3,90605,0
1,4,90605,0
1,4,90762,0
1,1,90762,0
1,3,90841,0
2,4,90920,90999
1,2,90920,0
1,1,90920,0
1,1,91078,0
1,4,91157,0
1,1,91236,0
1,2,91315,0
1,3,91394,0
1,4,91473,0
1,1,91552,0
1,2,91552,0
1,3,91552,0
1,1,91710,0
1,3,91710,0
1,2,91789,0
1,3,91868,0
1,4,91868,0
1,1,91868,0
1,3,92026,0
1,1,92026,0
1,2,92105,0
1,1,92183,0
1,3,92183,0
1,4,92183,0
1,2,92341,0
1,3,92420,0
1,4,92499,0
1,3,92578,0
1,2,92657,0
1,1,92736,0
1,2,92815,0
1,3,92815,0
2,4,92815,93447
2,4,94078,94157
1,1,94078,0
1,3,94236,0
1,2,94236,0
2,1,94394,94473
1,2,94394,0
1,4,94394,0
1,2,94710,0
1,3,94710,0
1,1,94868,0
1,4,94868,0
1,4,95026,0
1,1,95026,0
1,3,95026,0
1,4,95183,0
1,3,95183,0
1,1,95341,0
1,3,95341,0
1,4,95499,0
1,1,95499,0
1,4,95657,0
1,1,95657,0
1,2,95657,0
1,2,95815,0
1,1,95815,0
1,3,95973,0
1,2,95973,0
1,3,96131,0
1,4,96131,0
1,2,96289,0
1,4,96289,0
1,3,96289,0
1,3,96447,0
1,1,96447,0
1,2,96526,0
1,4,96605,0
1,3,96605,0
1,1,96605,0
1,3,96762,0
1,1,96762,0
1,3,96920,0
1,2,96920,0
1,1,96920,0
1,3,97078,0
1,4,97078,0
1,3,97236,0
1,2,97236,0
1,1,97394,0
1,2,97394,0
1,1,97552,0
1,2,97552,0
1,3,97552,0
1,1,97710,0
1,4,97710,0
1,3,97789,0
1,4,97868,0
1,2,97868,0
1,1,98026,0
1,2,98026,0
1,2,98183,0
1,1,98183,0
1,3,98183,0
1,2,98341,0
1,4,98341,0
1,3,98420,0
1,2,98499,0
1,1,98499,0
1,4,98499,0
2,1,98657,99131
1,4,98657,0
1,4,98815,0
1,3,98815,0
1,2,98894,0
1,3,98973,0
1,4,99052,0
1,2,99131,0
2,3,99131,99210
2,1,99447,99526
1,2,99447,0
1,4,99447,0
1,4,99605,0
1,2,99605,0
1,1,99762,0
1,3,99762,0
1,4,99920,0
1,2,99920,0
1,3,100078,0
1,4,100078,0
1,2,100078,0
1,3,100236,0
1,1,100236,0
1,2,100315,0
1,4,100315,0
1,3,100394,0
1,1,100394,0
1,3,100552,0
1,2,100552,0
1,4,100710,0
1,3,100710,0
1,1,100710,0
1,2,100868,0
1,4,100868,0
1,1,101026,0
1,4,101026,0
1,3,101183,0
1,1,101183,0
1,1,101341,0
1,3,101341,0
1,2,101341,0
1,1,101499,0
1,4,101499,0
1,3,101578,0
1,2,101578,0
1,4,101657,0
1,1,101657,0
1,4,101815,0
1,2,101815,0
1,2,101973,0
1,4,101973,0
1,3,101973,0
1,1,102131,0
1,4,102210,0
1,2,102210,0
1,1,102289,0
1,3,102289,0
1,4,102447,0
1,1,102447,0
1,1,102605,0
1,3,102605,0
1,4,102605,0
1,4,102762,0
1,3,102762,0
1,3,102920,0
1,2,102920,0
1,2,103078,0
1,1,103078,0
1,2,103236,0
1,3,103236,0
1,1,103236,0
1,4,103315,0
1,1,103394,0
1,3,103394,0
1,2,103473,0
1,3,103552,0
1,4,103552,0
1,1,103552,0
2,1,103710,104183
1,2,103710,0
1,4,104026,0
1,2,104026,0
1,3,104105,0
2,4,104183,104341
1,2,104183,0
2,3,104341,104499
2,4,104499,104657
1,1,104657,0
2,3,104657,104736
1,2,104736,0
2,4,104815,104855
2,1,104815,104855
1,4,104973,0
1,3,104973,0
1,1,105052,0
1,2,105052,0
1,4,105131,0
1,3,105131,0
1,1,105210,0
1,2,105210,0
1,4,105289,0
1,3,105289,0
1,2,105368,0
1,1,105368,0
1,3,105447,0
1,4,105447,0
1,2,105605,0
1,1,105605,0
1,3,105605,0
1,4,105762,0
1,2,105762,0
1,3,105920,0
1,2,105920,0
1,4,105920,0
1,3,106078,0
1,1,106078,0
1,1,106236,0
1,2,106236,0
1,3,106236,0
1,1,106394,0
1,4,106394,0
1,3,106473,0
1,2,106552,0
1,1,106552,0
1,4,106552,0
1,1,106710,0
1,3,106710,0
1,4,106868,0
1,1,106868,0
1,3,106868,0
1,4,107026,0
1,3,107026,0
1,2,107105,0
1,4,107183,0
1,3,107183,0
1,1,107183,0
1,1,107341,0
1,2,107341,0
1,3,107420,0
1,1,107499,0
1,4,107499,0
1,2,107499,0
1,3,107578,0
1,2,107657,0
1,1,107736,0
1,3,107815,0
1,2,107815,0
1,4,107815,0
1,2,107973,0
1,3,107973,0
1,1,108131,0
1,2,108131,0
1,3,108131,0
1,2,108289,0
1,4,108289,0
1,3,108368,0
1,1,108447,0
1,4,108447,0
1,2,108447,0
1,1,108605,0
1,3,108605,0
1,4,108762,0
1,3,108762,0
1,1,108762,0
1,4,108920,0
1,1,108920,0
1,3,108999,0
1,4,109078,0
1,1,109078,0
1,2,109078,0
1,1,109236,0
1,3,109236,0
1,1,109394,0
1,3,109394,0
1,2,109394,0
1,2,109552,0
1,4,109552,0
1,3,109631,0
1,1,109710,0
1,4,109710,0
1,2,109710,0
1,4,109868,0
1,1,109868,0
1,2,109947,0
1,1,110026,0
1,4,110026,0
1,3,110026,0
1,2,110105,0
1,3,110183,0
1,4,110262,0
1,3,110341,0
1,1,110341,0
1,2,110341,0
1,2,110499,0
1,4,110499,0
1,4,110657,0
1,3,110657,0
1,2,110657,0
1,3,110815,0
1,4,110815,0
1,2,110894,0
1,1,110973,0
1,3,110973,0
1,4,110973,0
1,3,111131,0
1,1,111131,0
1,4,111289,0
1,3,111289,0
1,2,111368,0
1,1,111447,0
1,4,111447,0
1,3,111526,0
1,1,111605,0
1,2,111605,0
1,4,111605,0
1,3,111762,0
1,1,111762,0
1,1,111920,0
1,3,111920,0
1,4,111920,0
1,4,112078,0
1,1,112078,0
1,2,112157,0
1,1,112236,0
1,4,112236,0
1,3,112236,0
1,1,112394,0
1,3,112394,0
1,2,112473,0
1,1,112552,0
1,3,112552,0
1,4,112552,0
1,2,112631,0
1,3,112710,0
1,2,112789,0
1,4,112868,0
1,1,112868,0
1,3,112868,0
1,4,113026,0
1,3,113026,0
1,1,113183,0
1,3,113183,0
1,4,113183,0
1,1,113341,0
1,4,113341,0
1,3,113420,0
1,2,113499,0
1,4,113499,0
1,1,113499,0
1,3,113657,0
1,1,113657,0
1,4,113815,0
1,1,113815,0
1,3,113815,0
1,2,113973,0
1,4,113973,0
1,3,114052,0
1,2,114131,0
1,1,114131,0
1,4,114131,0
1,1,114289,0
1,2,114289,0
1,4,114447,0
1,1,114447,0
1,2,114447,0
1,4,114605,0
1,1,114605,0
1,2,114683,0
1,1,114762,0
1,3,114762,0
1,4,114762,0
1,3,114920,0
1,4,115078,0
1,3,115078,0
1,1,115157,0
1,2,115157,0
1,4,115236,0
1,3,115236,0
1,1,115315,0
1,2,115315,0
1,4,115394,0
1,3,115394,0
1,1,115473,0
1,2,115473,0
1,3,115552,0
2,4,115552,115868
1,2,115868,0
2,1,115868,116183
1,2,116183,0
2,3,116183,116262
1,4,116183,0
1,2,116341,0
1,3,116420,0
1,2,116499,0
1,4,116499,0
1,1,116499,0
1,3,116578,0
1,2,116657,0
1,1,116736,0
1,4,116815,0
1,3,116815,0
1,2,116894,0
1,1,116973,0
1,2,117052,0
1,4,117131,0
1,3,117131,0
1,1,117289,0
1,2,117368,0
1,3,117447,0
1,4,117447,0
1,2,117605,0
1,4,117605,0
1,1,117605,0
1,2,117762,0
1,4,117762,0
1,1,117762,0
1,2,117920,0
1,1,117920,0
1,4,117920,0
2,2,118078,118394
2,1,118394,118710
2,2,118710,119026
2,4,118710,119026
2,3,119026,119341
2,2,119341,119657
2,4,119341,119657
2,1,119657,119973
2,2,119973,120289
2,4,119973,120289
2,4,120605,121868
2,1,120605,121236
2,3,121236,122499
2,2,121236,121552
2,1,121868,122183
2,2,122183,122499
2,1,122499,123131
1,4,122657,0
1,3,122736,0
1,2,122815,0
1,4,122815,0
1,2,123131,0
1,3,123131,0
1,4,123289,0
1,3,123368,0
1,1,123447,0
1,2,123447,0
1,3,123526,0
1,4,123526,0
1,2,123605,0
1,3,123683,0
1,1,123762,0
1,2,123762,0
1,3,123841,0
1,4,123841,0
1,1,123920,0
1,2,123999,0
1,4,124078,0
1,3,124078,0
1,2,124157,0
1,1,124157,0
1,3,124236,0
1,2,124315,0
1,3,124394,0
2,4,124394,125026
2,2,125026,125341
2,1,125341,125657
2,2,125657,125736
1,4,125657,0
1,4,125815,0
1,2,125815,0
1,1,125973,0
1,4,125973,0
1,2,125973,0
1,3,126131,0
1,4,126131,0
1,2,126289,0
1,3,126289,0
1,2,126447,0
1,1,126447,0
1,4,126605,0
1,3,126605,0
1,1,126605,0
1,2,126762,0
1,1,126762,0
1,2,126920,0
1,3,126920,0
1,4,127078,0
1,3,127078,0
1,2,127236,0
1,4,127236,0
1,1,127236,0
1,4,127394,0
1,1,127394,0
1,2,127552,0
1,3,127552,0
1,1,127710,0
1,3,127710,0
1,2,127789,0
1,3,127868,0
1,4,127868,0
1,1,127868,0
1,2,128183,0
1,4,128183,0
1,2,128341,0
1,4,128341,0
1,1,128499,0
1,4,128499,0
1,3,128499,0
1,1,128657,0
1,4,128657,0
1,3,128815,0
1,2,128815,0
1,1,128973,0
1,4,128973,0
1,4,129131,0
1,1,129131,0
1,2,129131,0
1,4,129289,0
1,2,129289,0
1,3,129447,0
1,1,129447,0
1,4,129605,0
1,1,129605,0
1,2,129683,0
1,1,129762,0
1,4,129762,0
1,3,129762,0
1,2,129920,0
1,4,129920,0
1,3,129999,0
1,1,130078,0
1,2,130078,0
1,3,130236,0
1,2,130236,0
1,2,130394,0
1,1,130394,0
1,3,130394,0
2,4,130710,130789
1,2,130710,0
1,4,130868,0
1,2,130868,0
1,3,131026,0
1,1,131026,0
1,4,131026,0
1,1,131183,0
1,4,131183,0
1,2,131341,0
1,4,131341,0
1,1,131499,0
1,3,131499,0
1,3,131657,0
1,2,131657,0
1,4,131657,0
1,3,131815,0
1,1,131815,0
1,1,131973,0
1,4,131973,0
1,3,132131,0
1,4,132131,0
1,2,132210,0
1,1,132289,0
1,3,132289,0
1,4,132289,0
1,1,132447,0
1,2,132447,0
1,3,132526,0
1,4,132605,0
1,2,132605,0
1,4,132762,0
1,2,132762,0
1,3,132920,0
1,2,132920,0
1,1,132920,0
1,1,133236,0
1,2,133236,0
1,3,133394,0
1,2,133394,0
1,4,133552,0
1,3,133552,0
1,2,133552,0
1,3,133710,0
1,1,133710,0
1,2,133789,0
1,3,133868,0
1,1,133868,0
1,1,134026,0
1,3,134026,0
1,3,134183,0
1,1,134183,0
1,4,134183,0
1,4,134341,0
1,3,134341,0
1,3,134499,0
1,1,134499,0
1,1,134657,0
1,3,134657,0
1,2,134736,0
1,3,134815,0
1,1,134815,0
1,4,134815,0
1,4,134973,0
1,3,135052,0
1,1,135131,0
1,2,135131,0
1,4,135289,0
1,3,135289,0
1,4,135368,0
1,3,135368,0
1,1,135447,0
1,2,135447,0
1,3,135526,0
1,2,135605,0
1,3,135683,0
2,1,135762,136078
1,4,135762,0
1,4,135920,0
1,2,136078,0
2,3,136078,136157
1,4,136078,0
1,4,136236,0
1,2,136236,0
1,1,136394,0
1,2,136394,0
1,3,136552,0
1,2,136552,0
1,1,136710,0
1,3,136710,0
1,2,136710,0
1,4,136868,0
1,1,136868,0
1,2,137026,0
1,1,137026,0
1,4,137183,0
1,1,137183,0
1,1,137341,0
1,3,137341,0
1,4,137341,0
1,1,137499,0
1,4,137499,0
1,3,137657,0
1,4,137657,0
1,1,137815,0
1,4,137815,0
1,3,137894,0
1,1,137973,0
1,4,137973,0
1,2,137973,0
1,4,138131,0
1,2,138131,0
1,3,138210,0
1,4,138289,0
1,2,138289,0
1,1,138447,0
1,3,138447,0
1,3,138605,0
1,1,138605,0
1,4,138605,0
1,2,138762,0
1,4,138762,0
1,1,138920,0
1,3,138920,0
1,1,139078,0
1,4,139078,0
1,1,139236,0
1,2,139236,0
1,3,139236,0
1,1,139394,0
1,2,139394,0
1,3,139552,0
1,2,139552,0
1,4,139710,0
1,2,139710,0
1,3,139789,0
1,4,139868,0
1,2,139868,0
1,1,139868,0
1,1,140026,0
1,3,140026,0
1,2,140105,0
1,1,140183,0
1,3,140183,0
1,4,140341,0
1,3,140341,0
1,1,140499,0
1,3,140499,0
1,4,140499,0
1,4,140657,0
1,2,140657,0
1,3,140815,0
2,1,140815,140894
1,1,140973,0
1,4,140973,0
1,1,141131,0
1,2,141131,0
1,4,141131,0
1,3,141289,0
1,2,141289,0
1,1,141447,0
1,2,141447,0
1,2,141605,0
1,4,141605,0
1,3,141762,0
1,1,141762,0
1,4,141762,0
1,2,141920,0
1,3,141920,0
1,4,142078,0
1,3,142078,0
1,1,142236,0
1,3,142236,0
1,1,142394,0
1,2,142394,0
1,4,142394,0
1,4,142552,0
1,1,142552,0
1,2,142631,0
1,4,142710,0
1,3,142710,0
1,1,142868,0
1,3,142868,0
1,1,143026,0
1,3,143026,0
1,4,143026,0
1,2,143183,0
1,4,143183,0
1,3,143341,0
1,2,143341,0
1,2,143499,0
1,1,143499,0
1,3,143657,0
1,4,143657,0
1,2,143657,0
1,1,143815,0
1,4,143815,0
1,3,143894,0
1,1,143973,0
1,2,143973,0
1,2,144131,0
1,1,144131,0
1,2,144289,0
1,4,144289,0
1,1,144289,0
1,4,144447,0
1,2,144447,0
1,3,144526,0
1,1,144605,0
1,4,144605,0
1,3,144762,0
1,4,144762,0
1,3,144920,0
1,4,144920,0
1,1,144920,0
1,2,145078,0
1,4,145078,0
1,3,145157,0
1,2,145236,0
1,1,145236,0
1,4,145236,0
1,3,145394,0
1,2,145473,0
1,3,145552,0
1,2,145631,0
1,1,145710,0
1,2,145789,0
1,4,145868,0
1,3,145868,0
1,1,145868,0
1,2,145947,0
1,3,146026,0
1,2,146105,0
1,3,146183,0
1,4,146183,0
1,1,146183,0
1,2,146262,0
1,1,146341,0
1,2,146420,0
1,3,146499,0
1,4,146499,0
1,1,146499,0
1,2,146657,0
1,3,146736,0
1,4,146815,0
1,3,146894,0
1,2,146973,0
1,3,147052,0
1,2,147131,0
1,4,147131,0
2,1,147131,147841
2,4,147447,147762
2,3,147762,148078
2,4,148078,148394
1,1,148394,0
1,2,148394,0
1,3,148394,0
1,3,148552,0
1,1,148552,0
1,2,148552,0
2,2,148710,148868
2,1,148868,149026
2,2,149026,149183
2,1,149183,149341
1,2,149341,0
1,3,149341,0
1,4,149341,0
1,2,149499,0
1,1,149499,0
1,3,149499,0
2,4,149657,149973
2,1,149973,150289
1,3,150289,0
1,2,150289,0
1,4,150289,0
1,4,150447,0
1,2,150447,0
1,3,150447,0
2,4,150605,150762
1,1,150762,0
1,2,150841,0
2,1,150920,150999
1,3,150920,0
1,4,150920,0
1,4,151078,0
1,3,151157,0
1,1,151236,0
1,2,151236,0
1,3,151315,0
1,4,151394,0
1,3,151473,0
1,1,151552,0
1,2,151631,0
1,4,151710,0
1,3,151789,0
1,1,151868,0
1,2,151947,0
1,4,152026,0
1,3,152105,0
2,4,152183,152262
2,1,152183,152262
1,3,152341,0
1,2,152420,0
2,3,152499,152578
1,4,152499,0
1,1,152499,0
1,2,152578,0
1,1,152657,0
1,2,152736,0
2,4,152815,152894
1,3,152815,0
1,1,152815,0
1,2,152973,0
2,1,152973,153447
2,4,153447,154078
1,2,153605,0
1,2,153920,0
1,2,154078,0
2,3,154078,155341
1,1,154394,0
1,1,154710,0
1,1,154868,0
1,1,155026,0
1,1,155341,0
2,4,155341,155973
2,3,155973,156605
1,2,155973,0
1,2,156131,0
1,2,156447,0
1,2,156605,0
2,4,156605,157552
1,3,156920,0
1,3,157236,0
1,3,157394,0
1,3,157552,0
1,1,157710,0
1,2,157789,0
1,4,157868,0
1,3,157868,0
1,2,157920,0
1,1,157973,0
1,4,158026,0
2,1,158499,158578
2,4,158499,158578
1,2,158578,0
1,3,158578,0
1,4,158657,0
1,1,158657,0
1,2,158815,0
1,1,158815,0
1,3,158973,0
1,4,158973,0
1,1,159131,0
1,2,159131,0
1,3,159131,0
1,2,159289,0
1,4,159289,0
1,3,159368,0
1,1,159368,0
1,2,159447,0
1,4,159447,0
1,3,159605,0
1,2,159605,0
2,2,159762,159841
1,1,159920,0
1,4,159920,0
1,3,159999,0
1,2,159999,0
1,1,160078,0
1,4,160078,0
1,2,160236,0
2,1,160236,160315
1,1,160394,0
1,2,160394,0
1,4,160394,0
1,3,160473,0
1,4,160552,0
1,2,160552,0
1,2,160710,0
2,4,160789,160868
1,2,160868,0
1,3,161026,0
2,4,161026,161105
1,1,161105,0
1,4,161183,0
1,1,161341,0
1,3,161341,0
1,4,161499,0
1,2,161499,0
2,1,161657,161736
1,3,161657,0
1,4,161657,0
1,4,161815,0
1,2,161815,0
1,3,161894,0
1,4,161973,0
1,2,161973,0
1,1,162131,0
1,4,162131,0
2,2,162289,162368
1,1,162447,0
1,4,162447,0
1,2,162526,0
1,4,162605,0
1,3,162605,0
1,4,162762,0
1,1,162762,0
1,1,162920,0
1,4,162920,0
1,2,162920,0
1,3,162999,0
1,1,163078,0
1,2,163078,0
1,3,163236,0
2,4,163236,163315
1,2,163552,0
2,1,163552,163631
1,3,163631,0
1,4,163631,0
1,1,163710,0
1,2,163710,0
1,2,163868,0
2,1,163868,163947
1,2,164026,0
1,2,164183,0
1,1,164183,0
1,4,164183,0
1,2,164341,0
1,4,164341,0
1,3,164420,0
1,1,164420,0
1,2,164499,0
1,4,164499,0
1,3,164657,0
1,2,164657,0
2,3,164815,164894
1,2,164973,0
1,1,164973,0
1,3,165052,0
1,4,165052,0
1,2,165131,0
1,1,165131,0
1,3,165289,0
2,4,165289,165368
1,3,165447,0
1,4,165447,0
1,1,165447,0
1,2,165526,0
1,1,165605,0
1,3,165605,0
1,4,165762,0
1,2,165762,0
1,1,165920,0
1,3,165920,0
2,4,166078,166157
1,1,166078,0
1,2,166157,0
1,3,166236,0
1,1,166236,0
1,1,166394,0
1,2,166394,0
1,2,166552,0
1,4,166552,0
1,1,166710,0
1,4,166710,0
1,2,166710,0
1,3,166868,0
1,4,166868,0
1,2,166947,0
1,1,167026,0
1,3,167026,0
1,3,167183,0
1,2,167183,0
2,3,167341,167420
1,1,167499,0
1,2,167499,0
1,4,167578,0
1,3,167578,0
2,2,167657,167736
1,1,167657,0
1,3,167815,0
2,4,167815,167894
1,3,167973,0
1,2,167973,0
1,1,167973,0
1,1,168131,0
2,4,168131,168289
2,1,168605,168762
1,4,168605,0
1,3,168683,0
1,4,168762,0
1,4,168920,0
1,3,168920,0
1,2,169078,0
1,1,169078,0
2,2,169236,169315
1,1,169394,0
1,2,169394,0
1,3,169473,0
1,4,169473,0
1,2,169552,0
1,1,169552,0
1,1,169710,0
2,2,169710,169789
1,1,169868,0
1,3,169868,0
1,4,169868,0
1,1,170026,0
1,2,170026,0
1,4,170105,0
1,3,170105,0
1,2,170183,0
1,1,170183,0
1,3,170341,0
1,4,170341,0
1,1,170499,0
1,4,170499,0
1,3,170578,0
1,2,170578,0
1,1,170657,0
1,4,170657,0
1,2,170815,0
1,3,170815,0
1,1,170973,0
1,4,170973,0
1,2,171131,0
1,4,171131,0
1,3,171210,0
1,1,171210,0
1,4,171289,0
1,2,171289,0
1,3,171447,0
1,4,171447,0
1,1,171605,0
1,2,171605,0
1,3,171762,0
1,1,171920,0
1,4,171920,0
1,3,171999,0
1,2,171999,0
1,1,172078,0
1,4,172078,0
1,1,172236,0
1,2,172236,0
1,2,172394,0
1,3,172394,0
1,4,172394,0
1,2,172552,0
1,1,172552,0
1,3,172631,0
1,4,172631,0
1,1,172710,0
1,2,172710,0
1,3,172868,0
1,4,172868,0
2,2,173026,173105
1,1,173026,0
1,3,173105,0
1,4,173105,0
1,2,173183,0
1,1,173183,0
1,3,173341,0
1,4,173341,0
2,1,173657,173736
1,2,173657,0
1,3,173736,0
1,4,173736,0
1,1,173815,0
1,2,173815,0
1,2,173973,0
2,4,173973,174052
1,1,174131,0
1,3,174131,0
2,3,174289,174368
1,2,174447,0
1,1,174447,0
1,4,174526,0
1,3,174526,0
1,2,174605,0
1,1,174605,0
1,1,174762,0
2,2,174762,174841
1,2,174920,0
1,4,174920,0
1,3,174920,0
1,2,175078,0
1,1,175078,0
1,4,175157,0
1,3,175157,0
1,2,175236,0
1,1,175236,0
1,2,175394,0
1,3,175394,0
1,4,175552,0
2,2,175552,175631
1,3,175631,0
1,1,175631,0
1,2,175710,0
1,4,175710,0
1,1,175868,0
1,3,175868,0
1,2,176026,0
1,4,176026,0
2,4,176183,176262
1,1,176183,0
1,3,176262,0
1,1,176341,0
1,2,176499,0
1,4,176499,0
1,2,176657,0
1,1,176657,0
2,4,176815,176894
1,1,176973,0
1,3,176973,0
1,4,176973,0
1,2,177052,0
1,1,177131,0
2,4,177131,177210
2,3,177131,177210
1,1,177447,0
1,3,177447,0
1,4,177447,0
1,2,177526,0
1,3,177605,0
1,2,177683,0
1,1,177762,0
1,2,177841,0
1,3,177920,0
1,4,177920,0
1,1,177920,0
1,2,177999,0
1,3,178078,0
1,2,178157,0
1,1,178236,0
1,3,178315,0
1,2,178394,0
1,1,178394,0
1,4,178473,0
1,3,178552,0
1,2,178631,0
1,4,178710,0
2,3,178710,178868
2,1,178868,179183
1,2,178868,0
1,3,179026,0
1,4,179026,0
2,2,179183,179341
1,4,179183,0
2,4,179341,179499
1,1,179341,0
2,3,179499,179657
1,2,179657,0
1,4,179657,0
2,1,179657,179815
2,2,179815,179973
1,4,179815,0
2,4,179973,180131
2,1,180131,180289
1,2,180131,0
1,4,180210,0
1,2,180289,0
2,3,180289,180447
2,4,180447,180605
1,1,180447,0
1,2,180526,0
2,1,180605,180762
1,3,180605,0
1,4,180683,0
2,2,180762,180920
1,3,180762,0
1,3,180920,0
1,4,180920,0
2,1,180920,181078
2,4,181078,181236
1,2,181078,0
2,2,181236,181394
1,3,181236,0
2,1,181394,181552
1,3,181394,0
2,2,181552,181710
1,3,181552,0
1,4,181552,0
2,3,181710,181868
1,4,181710,0
2,2,181868,182026
1,1,181868,0
2,1,182026,182183
2,4,182183,182341
1,3,182183,0
2,3,182341,182499
1,2,182341,0
2,1,182499,182657
1,2,182657,0
2,3,182657,182815
1,4,182736,0
2,2,182815,182973
1,1,182815,0
2,4,182973,183131
1,3,182973,0
1,1,183052,0
2,2,183131,183289
1,3,183131,0
1,1,183210,0
2,1,183289,183447
1,4,183289,0
2,2,183447,183605
1,3,183447,0
1,4,183447,0
1,1,183605,0
2,4,183605,183762
2,3,183762,183920
1,2,183762,0
2,4,183920,184078
1,1,183920,0
2,1,184078,184236
1,2,184078,0
1,3,184078,0
2,2,184236,184394
1,4,184236,0
2,3,184394,184552
1,4,184394,0
2,1,184552,184710
2,4,184710,184868
1,2,184710,0
1,3,184710,0
2,3,184868,185026
1,1,184868,0
2,2,185026,185183
2,4,185183,185262
1,1,185183,0
2,3,185262,185341
1,2,185262,0
2,1,185341,185499
1,4,185341,0
2,2,185499,185657
1,3,185499,0
1,4,185578,0
2,4,185657,185815
1,3,185657,0
1,1,185736,0
1,3,185815,0
2,2,185815,185973
2,1,185973,186131
1,3,185973,0
1,4,185973,0
2,4,186131,186289
1,2,186131,0
2,3,186289,186447
1,2,186289,0
2,1,186447,186605
1,2,186447,0
2,4,186605,186762
1,2,186605,0
1,3,186605,0
2,2,186762,186920
2,1,186920,187078
1,3,186920,0
2,4,187078,187394
1,3,187236,0
1,2,187236,0
2,1,187394,187552
1,2,187394,0
2,4,187552,187868
1,3,187710,0
1,2,187789,0
1,3,187868,0
2,1,187868,188815
1,2,188026,0
1,3,188105,0
1,2,188183,0
2,4,188183,188815
1,3,188262,0
1,2,188341,0
1,3,188420,0
1,2,188499,0
1,3,188578,0
1,2,188657,0
1,3,188736,0
1,2,188815,0
1,2,189131,0
1,3,189131,0
1,4,189131,0
1,4,189289,0
1,2,189289,0
1,2,189447,0
1,1,189447,0
1,3,189447,0
1,1,189605,0
1,3,189605,0
1,4,189683,0
1,1,189762,0
1,2,189762,0
1,3,189762,0
1,4,189841,0
1,2,189920,0
1,3,189920,0
1,3,190078,0
1,4,190078,0
1,2,190078,0
1,1,190157,0
1,4,190236,0
1,2,190236,0
1,3,190315,0
1,1,190394,0
1,2,190394,0
1,4,190394,0
1,4,190552,0
1,1,190552,0
1,2,190631,0
1,4,190710,0
1,1,190710,0
1,3,190710,0
1,2,190789,0
1,4,190868,0
1,3,190868,0
1,1,191026,0
1,3,191026,0
1,4,191026,0
1,2,191105,0
1,1,191183,0
1,3,191183,0
1,2,191341,0
1,1,191341,0
1,4,191341,0
1,2,191657,0
1,3,191657,0
1,4,191657,0
1,3,191815,0
1,4,191815,0
1,2,191894,0
1,3,191973,0
1,1,191973,0
1,4,191973,0
1,1,192131,0
1,2,192131,0
1,3,192210,0
1,2,192289,0
1,1,192289,0
1,4,192289,0
1,3,192368,0
1,1,192447,0
1,4,192447,0
1,1,192605,0
1,3,192605,0
1,4,192605,0
1,2,192683,0
1,1,192762,0
1,3,192762,0
1,4,192841,0
1,3,192920,0
1,2,192920,0
1,1,192920,0
1,4,193078,0
1,2,193078,0
1,3,193157,0
1,2,193236,0
1,1,193236,0
1,4,193236,0
1,3,193315,0
1,2,193394,0
1,4,193394,0
1,2,193552,0
1,3,193552,0
1,4,193552,0
1,1,193631,0
1,4,193710,0
1,2,193710,0
1,2,193868,0
1,1,193868,0
1,4,193868,0
1,3,194183,0
1,4,194183,0
1,1,194183,0
1,1,194341,0
1,2,194341,0
1,3,194420,0
1,1,194499,0
1,4,194499,0
1,2,194499,0
1,3,194657,0
1,4,194657,0
1,2,194736,0
1,1,194815,0
1,3,194815,0
1,4,194815,0
1,2,194894,0
1,1,194973,0
1,4,194973,0
1,1,195131,0
1,2,195131,0
1,4,195131,0
1,3,195210,0
1,4,195289,0
1,2,195289,0
1,1,195368,0
1,2,195447,0
1,3,195447,0
1,4,195447,0
1,4,195605,0
1,1,195605,0
1,2,195683,0
1,3,195762,0
1,1,195762,0
1,4,195762,0
1,2,195841,0
1,1,195920,0
1,3,195920,0
1,2,196078,0
1,1,196078,0
1,4,196078,0
1,2,196236,0
1,3,196236,0
1,2,196394,0
1,1,196394,0
1,4,196394,0
1,3,196710,0
1,1,196710,0
1,4,196710,0
1,4,196868,0
1,3,196868,0
1,2,196947,0
1,1,197026,0
1,3,197026,0
1,4,197026,0
1,2,197183,0
1,1,197183,0
1,3,197262,0
1,2,197341,0
1,1,197341,0
1,4,197341,0
1,4,197499,0
1,3,197499,0
1,2,197578,0
2,1,197657,197736
1,3,197657,0
1,4,197657,0
1,4,197815,0
1,1,197815,0
1,2,197894,0
1,3,197973,0
1,4,198052,0
1,2,198131,0
1,1,198131,0
1,3,198131,0
1,4,198289,0
1,3,198368,0
1,2,198447,0
1,1,198526,0
1,2,198605,0
1,3,198605,0
1,4,198605,0
1,1,198683,0
1,2,198762,0
1,3,198841,0
2,4,198920,200578
1,1,198920,0
1,3,198960,0
1,2,198999,0
1,3,199078,0
1,1,199157,0
1,2,199236,0
1,3,199315,0
1,1,199394,0
1,2,199394,0
1,3,199473,0
1,2,199552,0
1,1,199631,0
1,2,199710,0
1,3,199789,0
1,2,199868,0
1,1,199868,0
1,3,199947,0
1,2,200026,0
1,3,200105,0
2,1,200183,200578
1,2,200341,0
1,3,200420,0
1,2,200499,0
1,3,200578,0
1,2,200657,0
1,1,200736,0
1,2,200815,0
1,3,200868,0
1,4,200868,0
1,1,200973,0
2,4,200973,201447
2,3,201131,201447
1,2,201447,0
2,1,201447,201526
1,3,201605,0
1,2,201605,0
1,2,201762,0
1,3,201762,0
1,4,201762,0
1,2,201920,0
1,1,201920,0
1,3,202078,0
1,4,202078,0
1,2,202236,0
1,3,202236,0
1,3,202394,0
1,2,202394,0
1,1,202394,0
1,4,202552,0
1,3,202552,0
1,2,202710,0
1,3,202710,0
1,2,202868,0
1,1,202868,0
1,3,203026,0
1,4,203026,0
1,1,203026,0
1,1,203183,0
1,2,203183,0
1,3,203262,0
1,2,203341,0
1,4,203341,0
1,1,203499,0
1,4,203499,0
1,1,203657,0
1,3,203657,0
1,4,203657,0
1,1,203815,0
1,3,203815,0
1,4,203973,0
1,2,203973,0
1,3,204131,0
1,1,204131,0
1,1,204289,0
1,4,204289,0
1,2,204289,0
1,3,204447,0
1,4,204447,0
1,2,204605,0
1,4,204605,0
1,1,204762,0
1,4,204762,0
1,1,204920,0
1,3,204920,0
1,4,204920,0
1,4,205078,0
1,2,205078,0
1,3,205157,0
1,1,205236,0
1,2,205236,0
1,4,205394,0
1,1,205394,0
1,2,205552,0
1,4,205552,0
1,1,205552,0
1,1,205710,0
1,3,205710,0
1,2,205789,0
1,3,205868,0
1,1,205868,0
1,2,206026,0
1,4,206026,0
1,2,206183,0
1,4,206183,0
1,3,206183,0
1,3,206341,0
1,1,206341,0
1,2,206420,0
1,3,206499,0
2,4,206499,206578
1,1,206657,0
1,3,206657,0
1,3,206815,0
1,2,206815,0
1,1,206815,0
1,4,207131,0
1,1,207131,0
1,3,207289,0
1,2,207289,0
1,1,207447,0
1,2,207447,0
1,4,207447,0
1,2,207605,0
1,4,207605,0
1,3,207683,0
1,1,207762,0
1,2,207762,0
1,3,207920,0
1,1,207920,0
1,1,208078,0
1,2,208078,0
1,3,208078,0
1,2,208236,0
1,4,208236,0
1,1,208394,0
1,4,208394,0
1,3,208552,0
1,1,208552,0
1,4,208710,0
1,3,208710,0
1,2,208710,0
1,3,208868,0
1,1,208868,0
1,2,208947,0
1,4,209026,0
1,3,209026,0
1,2,209183,0
1,3,209183,0
1,2,209341,0
1,1,209341,0
1,3,209341,0
1,2,209499,0
1,1,209499,0
1,2,209657,0
1,3,209657,0
1,3,209815,0
1,4,209815,0
1,1,209973,0
1,3,209973,0
1,4,209973,0
1,2,210131,0
1,4,210131,0
1,3,210210,0
1,4,210289,0
1,2,210289,0
1,1,210447,0
1,2,210447,0
1,1,210605,0
1,3,210605,0
1,2,210605,0
1,2,210762,0
1,4,210762,0
1,3,210841,0
1,1,210920,0
1,2,210920,0
1,4,210920,0
1,1,211078,0
1,2,211078,0
1,4,211157,0
1,3,211157,0
1,2,211236,0
1,1,211236,0
1,3,211315,0
1,4,211394,0
1,3,211473,0
1,2,211552,0
2,1,211552,211631
1,3,211710,0
1,2,211710,0
2,4,211868,211947
1,2,211868,0
1,3,211868,0
1,1,212026,0
1,3,212026,0
1,3,212183,0
1,2,212183,0
1,4,212341,0
1,2,212341,0
1,1,212499,0
1,2,212499,0
1,4,212499,0
1,2,212657,0
1,4,212657,0
1,2,212815,0
1,3,212815,0
1,1,212973,0
1,3,212973,0
1,1,213131,0
1,2,213131,0
1,3,213131,0
1,4,213289,0
1,3,213289,0
1,2,213447,0
1,3,213447,0
1,1,213605,0
1,3,213605,0
1,3,213762,0
1,2,213762,0
1,4,213762,0
1,2,213920,0
1,4,213920,0
1,3,213999,0
1,1,214078,0
1,2,214078,0
1,1,214236,0
1,3,214236,0
1,4,214394,0
1,3,214394,0
1,1,214394,0
1,2,214552,0
1,3,214552,0
1,4,214710,0
1,3,214710,0
1,2,214868,0
1,3,214868,0
1,1,215026,0
1,2,215026,0
1,3,215026,0
1,3,215183,0
1,2,215183,0
1,1,215341,0
1,2,215341,0
1,4,215499,0
1,2,215499,0
1,3,215578,0
1,1,215657,0
1,4,215657,0
1,2,215657,0
1,4,215815,0
1,3,215815,0
1,2,215894,0
1,3,215973,0
1,1,215973,0
1,2,216131,0
1,1,216131,0
1,1,216289,0
1,4,216289,0
1,3,216289,0
1,4,216447,0
1,3,216447,0
1,3,216605,0
2,1,216605,216683
1,2,216762,0
1,3,216762,0
1,3,216920,0
1,2,216920,0
1,1,216920,0
1,1,217078,0
1,2,217078,0
1,3,217236,0
1,2,217236,0
1,4,217394,0
1,2,217394,0
1,1,217552,0
1,4,217552,0
1,2,217552,0
1,3,217710,0
1,4,217710,0
1,2,217868,0
1,3,217868,0
1,1,218026,0
1,4,218026,0
1,3,218105,0
1,4,218183,0
1,2,218183,0
1,1,218183,0
1,1,218341,0
1,4,218341,0
1,3,218420,0
1,4,218499,0
1,2,218499,0
1,1,218657,0
1,2,218657,0
1,2,218815,0
1,1,218815,0
1,3,218815,0
1,3,218973,0
1,4,218973,0
1,2,219131,0
1,3,219131,0
1,2,219289,0
1,1,219289,0
1,1,219447,0
1,4,219447,0
1,3,219447,0
1,2,219605,0
1,4,219605,0
1,3,219683,0
1,1,219762,0
1,2,219762,0
1,4,219920,0
1,3,219920,0
1,3,220078,0
1,4,220078,0
1,1,220078,0
1,2,220236,0
1,1,220236,0
1,3,220315,0
1,2,220394,0
1,4,220394,0
1,3,220552,0
1,1,220552,0
1,4,220710,0
1,1,220710,0
1,2,220710,0
1,4,220868,0
1,2,220868,0
1,3,220947,0
2,2,221026,221105
1,1,221026,0
1,4,221026,0
1,1,221183,0
1,4,221262,0
1,2,221341,0
1,1,221341,0
1,3,221420,0
1,4,221420,0
1,1,221499,0
1,4,221578,0
1,1,221657,0
1,2,221657,0
1,3,221657,0
1,3,221815,0
1,2,221894,0
1,3,221973,0
1,4,221973,0
1,1,221973,0
1,1,222131,0
1,2,222210,0
1,1,222289,0
1,3,222289,0
1,4,222289,0
1,2,222447,0
1,3,222526,0
1,4,222605,0
1,3,222683,0
1,2,222762,0
1,1,222841,0
1,2,222920,0
1,3,222920,0
2,4,222920,223552
2,2,223236,223552
2,3,223552,223868
2,2,223868,224262
2,1,224183,224262
1,3,224183,0
1,3,224341,0
1,1,224341,0
2,1,224499,224578
1,3,224499,0
1,2,224499,0
1,1,224657,0
1,2,224657,0
1,3,224815,0
1,2,224815,0
1,1,224973,0
1,3,224973,0
1,3,225131,0
1,4,225131,0
1,1,225131,0
1,4,225289,0
1,3,225289,0
1,2,225447,0
1,3,225447,0
1,4,225605,0
1,2,225605,0
1,2,225762,0
1,1,225762,0
1,4,225762,0
1,1,225920,0
1,4,225920,0
1,3,225999,0
1,4,226078,0
1,2,226078,0
1,3,226236,0
1,1,226236,0
1,1,226394,0
1,4,226394,0
1,2,226394,0
1,4,226552,0
1,1,226552,0
1,3,226710,0
1,1,226710,0
1,2,226868,0
1,4,226868,0
1,1,227026,0
1,3,227026,0
1,4,227026,0
1,1,227183,0
1,4,227183,0
1,2,227341,0
1,4,227341,0
1,1,227499,0
1,4,227499,0
1,3,227578,0
1,1,227657,0
1,4,227657,0
1,2,227657,0
1,4,227815,0
1,1,227815,0
1,2,227894,0
1,4,227973,0
1,3,227973,0
1,1,228131,0
1,3,228131,0
1,1,228289,0
1,2,228289,0
1,3,228289,0
1,4,228447,0
1,3,228526,0
1,2,228605,0
1,1,228605,0
1,4,228605,0
2,4,228762,229236
1,1,228762,0
1,1,228920,0
1,2,228920,0
1,3,228999,0
1,2,229078,0
1,1,229157,0
1,3,229236,0
1,2,229236,0
1,1,229394,0
1,2,229394,0
2,2,229552,229631
1,1,229552,0
1,3,229552,0
1,4,229710,0
1,3,229710,0
1,2,229868,0
1,3,229868,0
1,1,230026,0
1,3,230026,0
1,2,230183,0
1,3,230183,0
1,4,230183,0
1,1,230341,0
1,2,230341,0
1,3,230420,0
1,4,230499,0
1,2,230499,0
1,1,230657,0
1,4,230657,0
1,2,230815,0
1,1,230815,0
1,4,230815,0
1,3,230973,0
1,1,230973,0
1,2,231052,0
1,4,231131,0
1,3,231131,0
1,4,231289,0
1,3,231289,0
1,2,231368,0
1,3,231447,0
1,4,231447,0
1,1,231447,0
1,3,231605,0
1,1,231605,0
1,2,231683,0
1,4,231762,0
1,3,231762,0
1,3,231920,0
1,1,231920,0
1,1,232078,0
1,2,232078,0
1,3,232078,0
1,4,232236,0
1,3,232236,0
1,3,232394,0
1,2,232394,0
1,2,232552,0
1,1,232552,0
1,1,232710,0
1,3,232710,0
1,4,232710,0
1,2,232868,0
1,4,232868,0
1,3,232947,0
1,1,233026,0
1,2,233026,0
1,4,233183,0
1,2,233183,0
1,4,233341,0
1,1,233341,0
1,2,233341,0
1,1,233499,0
1,3,233499,0
1,2,233578,0
1,1,233657,0
1,3,233657,0
1,4,233657,0
2,1,233815,234289
1,2,233815,0
1,4,234131,0
1,3,234210,0
2,4,234289,234447
1,2,234289,0
2,1,234447,234605
2,2,234605,234762
1,4,234762,0
1,3,234841,0
1,1,234920,0
1,2,234920,0
1,3,235078,0
1,4,235078,0
1,1,235157,0
1,2,235157,0
1,3,235236,0
1,4,235236,0
1,2,235315,0
1,1,235394,0
1,2,235473,0
1,1,235552,0
2,3,235552,236499
2,4,235552,236578
