1,1,500,0
1,3,500,0
1,2,1118,0
1,4,1427,0
1,2,2046,0
1,3,2355,0
1,4,2355,0
1,1,2819,0
1,3,2974,0
1,2,3283,0
2,4,3592,4211
2,3,3902,4211
1,2,4211,0
2,1,4211,4365
2,4,4520,4675
1,2,4829,0
2,3,5139,5293
2,2,5757,5912
2,4,6067,6221
1,1,6118,0
1,3,6530,0
2,1,6685,6840
1,3,6994,0
2,4,6994,7304
1,2,7304,0
1,3,7458,0
1,2,7613,0
1,1,7922,0
2,4,7922,8077
2,3,8231,8386
1,2,8541,0
1,1,8541,0
2,1,8850,9005
1,4,8850,0
2,3,9159,9314
1,1,9314,0
1,4,9391,0
1,2,9469,0
1,4,9778,0
2,3,9778,9932
2,4,10087,10242
1,1,10242,0
1,3,10396,0
1,2,10396,0
2,2,10706,10860
1,1,10706,0
2,4,11015,11170
2,3,11324,11479
1,1,11324,0
2,1,11634,11788
1,2,11634,0
2,4,11943,12252
2,1,12097,12407
2,2,12252,12407
1,3,12252,0
2,1,12561,13025
1,2,12561,0
2,4,12871,13335
2,2,13180,13335
1,3,13180,0
1,1,13489,0
1,4,13489,0
1,2,13489,0
1,1,13798,0
1,3,13798,0
1,1,14108,0
1,3,14108,0
1,4,14417,0
1,1,14417,0
1,2,14417,0
1,3,14726,0
1,4,14726,0
1,1,14881,0
1,2,14881,0
1,3,15036,0
1,4,15036,0
1,2,15190,0
1,1,15190,0
1,4,15345,0
2,3,15345,15654
2,4,15654,15963
2,2,15963,16118
2,3,16273,16582
1,2,16273,0
2,1,16582,16891
2,4,16891,17201
1,2,16891,0
1,1,17201,0
2,3,17201,17510
2,1,17510,17819
2,3,17819,18128
2,1,17974,18128
2,2,18128,18438
1,4,18128,0
2,4,18438,18747
2,1,18747,19056
1,3,19056,0
2,4,19056,19520
2,2,19365,19520
2,2,19675,19984
2,3,19829,20139
2,4,19984,20912
1,1,19984,0
1,1,20293,0
1,3,20603,0
1,2,20603,0
1,1,20912,0
1,3,20912,0
1,1,21221,0
1,4,21530,0
2,2,21840,22149
1,1,21840,0
2,4,22149,22613
2,3,22458,22613
1,2,22768,0
2,1,22768,23541
1,2,23077,0
2,3,23386,24159
2,1,23695,24623
1,2,23695,0
1,2,24005,0
1,4,24314,0
2,3,24314,24623
1,4,24623,0
2,2,24623,24932
2,3,24778,24932
2,1,24932,25087
1,3,25242,0
1,3,25551,0
2,4,25551,25860
2,1,25860,26170
1,4,26170,0
2,3,26170,26324
1,1,26479,0
2,3,26479,26943
1,4,26788,0
2,2,27097,27252
2,2,27407,27716
1,4,27407,0
1,1,27716,0
2,4,28025,28335
1,3,28025,0
2,1,28335,28644
1,3,28335,0
2,2,28644,28953
2,3,28953,29262
1,1,29262,0
2,2,29262,30190
1,4,29572,0
1,1,29726,0
2,4,29881,30190
1,1,30190,0
2,3,30190,30809
1,2,30500,0
1,4,30809,0
1,1,31118,0
1,3,31118,0
1,4,31427,0
1,2,31737,0
2,3,31737,32046
2,1,32046,32355
1,2,32046,0
2,3,32355,32664
1,4,32664,0
1,2,32819,0
2,3,32974,33283
1,1,32974,0
2,1,33283,33592
1,2,33592,0
2,3,33592,33902
2,2,33902,34211
1,4,33902,0
1,3,34211,0
2,2,34520,34829
2,1,34829,35139
1,3,34829,0
1,2,35139,0
2,1,35448,35757
1,4,35448,0
2,4,35757,36685
1,3,35757,0
1,1,36067,0
1,2,36376,0
1,1,36685,0
1,3,36685,0
1,2,36994,0
1,3,37149,0
1,4,37149,0
1,1,37304,0
2,2,37304,37768
2,3,37458,37768
1,4,37613,0
2,1,37613,38077
2,3,37922,38386
1,4,38231,0
2,2,38231,38695
2,4,38541,39005
1,3,38541,0
1,1,38541,0
2,2,38850,39314
1,1,39005,0
2,3,39159,39314
1,1,39469,0
2,3,39469,39932
2,2,39778,40242
1,1,39932,0
2,4,40087,40242
1,3,40087,0
2,3,40396,40860
1,1,40396,0
1,4,40396,0
2,1,40706,41170
2,2,41015,41479
1,3,41015,0
2,1,41324,41788
1,4,41324,0
2,4,41634,41788
2,3,41943,42252
1,1,41943,0
2,2,42097,42561
2,1,42252,43489
1,4,42252,0
1,3,42561,0
1,2,42871,0
1,4,42871,0
1,2,43180,0
1,3,43180,0
1,4,43489,0
1,2,43644,0
1,1,43798,0
1,3,43798,0
2,4,44108,44726
1,3,44108,0
1,2,44108,0
2,1,44417,45036
2,2,44726,45036
1,4,45036,0
2,3,45036,45963
1,4,45345,0
2,4,45654,45963
1,2,45654,0
2,2,45963,46891
1,1,45963,0
1,3,46273,0
1,4,46427,0
2,3,46582,46891
1,1,46582,0
1,4,46891,0
2,1,46891,47355
2,3,47252,47510
1,2,47355,0
1,1,47510,0
1,4,47510,0
1,4,47819,0
2,3,47819,48283
1,2,47819,0
2,1,48128,48592
2,4,48438,48902
1,2,48438,0
2,1,48747,49211
1,2,48747,0
2,3,49056,49520
2,2,49365,49829
1,4,49365,0
1,3,49675,0
2,4,49675,49829
1,1,49675,0
1,2,49984,0
2,1,50293,50603
1,3,50293,0
1,2,50603,0
2,3,50603,51067
2,2,50912,51376
2,4,51221,51685
1,3,51221,0
1,1,51530,0
2,2,51530,52458
1,3,51530,0
1,4,51840,0
2,1,52149,52458
1,3,52458,0
2,4,52458,53695
1,3,52768,0
1,1,53077,0
1,2,53077,0
1,1,53386,0
1,3,53386,0
1,2,53386,0
1,3,53695,0
1,2,54005,0
2,1,54005,54469
1,2,54314,0
2,4,54314,54778
2,3,54623,54778
1,1,54778,0
1,2,54932,0
1,3,54932,0
1,1,55242,0
2,2,55242,55706
1,4,55242,0
2,4,55551,56015
2,2,55860,56324
1,3,55860,0
1,1,56015,0
2,3,56170,56324
1,4,56170,0
2,1,56479,56634
2,2,56634,56943
1,4,56788,0
2,1,56788,56943
2,3,56943,57252
1,4,57097,0
2,2,57097,57561
1,1,57097,0
2,3,57407,57561
1,2,57716,0
2,1,57716,58180
1,3,58025,0
2,2,58025,58953
1,1,58335,0
1,4,58644,0
1,3,58644,0
1,1,58644,0
1,1,58953,0
1,3,58953,0
1,4,58953,0
1,2,59262,0
1,4,59417,0
1,3,59417,0
2,1,59572,59881
2,3,59881,60036
2,4,59881,60345
2,3,60190,60963
2,4,60500,60654
2,4,60809,61582
2,3,61118,61273
2,3,61427,61891
2,4,61737,62974
2,3,62046,62201
2,3,62355,62974
2,1,63283,63592
2,3,63592,63902
2,2,63902,64211
2,1,64056,64211
2,4,64211,64520
2,2,64520,64829
2,4,64829,65139
2,3,65139,65293
2,3,65448,65912
2,1,65757,65912
2,4,66067,66221
2,1,66221,66376
2,4,66376,66994
2,1,67304,67768
2,2,67304,67458
2,2,67613,68386
2,1,67922,68077
2,1,68231,69005
2,2,68541,68695
2,2,68850,69314
2,1,69159,70396
2,2,69469,69623
2,2,69778,70396
2,4,70706,70860
2,2,71015,71324
2,3,71324,71479
2,1,71479,71634
2,3,71634,71788
2,1,71788,71943
2,3,71943,72407
2,2,72252,72407
2,2,72561,73025
2,4,72871,73335
2,3,72871,73335
1,1,72871,0
2,1,73489,73644
1,3,73798,0
2,1,73798,74144
2,2,73798,74144
1,3,74144,0
1,4,74144,0
1,2,74286,0
1,1,74286,0
1,4,74429,0
2,3,74429,74572
1,2,74572,0
1,1,74725,0
2,4,74725,75343
2,3,74725,75034
2,1,75034,75652
2,2,75343,75652
1,3,75343,0
2,3,75652,76116
2,4,75652,76426
1,2,75962,0
1,3,76271,0
1,1,76580,0
1,4,76580,0
1,1,76889,0
2,3,77199,77817
2,2,77199,77508
2,1,77508,78127
1,4,77508,0
2,2,77817,78127
2,3,78127,78436
2,4,78281,78436
2,1,78436,79364
2,2,78436,78900
1,3,78745,0
2,2,79054,79364
1,4,79054,0
2,4,79364,79518
2,3,79364,79828
2,2,79518,79828
2,4,79673,80137
1,2,79982,0
1,3,79982,0
1,1,80292,0
1,2,80292,0
1,4,80292,0
1,1,80601,0
1,2,80601,0
1,4,80601,0
1,1,80910,0
1,2,80910,0
1,4,80910,0
1,1,81219,0
1,3,81219,0
1,4,81219,0
1,1,81529,0
1,4,81529,0
1,3,81529,0
1,2,81838,0
1,3,81838,0
2,2,82147,82456
1,3,82147,0
2,4,82147,82302
2,1,82302,82611
2,4,82456,82766
2,3,82611,82766
2,1,82766,82920
1,2,82766,0
2,3,82920,83230
2,2,83075,83230
1,4,83075,0
2,1,83075,83384
1,3,83384,0
2,3,83694,84003
2,4,83694,83848
2,2,83848,84157
2,1,84003,84157
2,4,84003,84312
1,1,84312,0
1,3,84312,0
2,1,84621,84776
2,2,84621,84931
2,3,84776,85085
2,1,84931,85240
2,4,84931,85240
1,2,85240,0
2,2,85549,85859
1,4,85549,0
2,3,85704,86168
2,4,85859,86477
2,1,85859,86013
1,1,86168,0
1,2,86477,0
1,3,86477,0
2,2,86786,87096
2,1,86786,87405
1,4,86786,0
2,4,87096,87714
2,3,87405,87714
1,2,87405,0
2,2,87714,88023
2,1,87714,88023
1,4,88023,0
1,3,88023,0
2,3,88333,88642
2,1,88487,88797
2,4,88642,88951
2,2,88642,88951
1,3,88797,0
1,1,88951,0
1,2,89106,0
1,4,89261,0
1,3,89261,0
2,2,89570,89725
2,1,89570,89725
2,4,89725,89879
2,1,89879,90034
2,4,90034,90343
2,2,90188,90498
1,3,90188,0
2,1,90343,90498
2,3,90498,90807
2,4,90498,90652
1,1,90807,0
2,3,91116,91735
2,4,91116,91271
2,2,91271,91580
2,4,91426,91735
2,1,91426,91580
1,1,91735,0
1,2,91735,0
2,2,92044,92663
2,3,92044,92199
2,1,92199,92663
2,3,92353,92663
2,4,92353,92508
1,4,92663,0
1,3,92972,0
1,1,92972,0
2,2,93127,93590
2,4,93281,93436
2,3,93281,93745
2,1,93281,93590
2,4,93590,93900
1,1,93900,0
2,2,94054,94364
2,3,94209,94415
2,1,94209,94570
2,4,94261,94982
2,2,94518,94673
2,3,94621,94982
2,2,94828,95292
2,1,94828,94982
2,3,95137,95601
2,1,95137,95292
2,4,95137,95446
1,2,95446,0
1,4,95601,0
2,1,95755,95910
2,2,95755,96065
2,4,95910,96219
2,1,96065,96374
2,3,96065,96219
1,3,96374,0
1,4,96374,0
1,2,96529,0
2,4,96683,96993
2,1,96683,96838
2,3,96838,96993
2,2,96993,97147
2,1,96993,97456
2,3,97302,97456
2,2,97302,97766
2,4,97611,97766
2,3,97611,98230
2,1,97920,98230
2,4,97920,98230
1,2,97920,0
1,2,98230,0
2,1,98539,99003
2,4,98539,98694
2,3,98848,99003
2,4,98848,99312
2,2,99157,99312
2,1,99157,99621
1,3,99312,0
2,2,99467,100085
2,4,99467,99621
2,3,99776,99931
2,1,99776,100085
1,4,99776,0
1,3,100085,0
2,1,100395,100859
2,4,100395,100549
2,3,100704,100859
2,4,100704,101168
1,2,100704,0
2,3,101013,101477
2,2,101013,101168
2,2,101322,101941
2,1,101322,101477
2,4,101632,101941
2,1,101632,101941
1,3,101632,0
1,3,101941,0
2,4,102250,102405
2,2,102250,102560
2,1,102405,102714
2,4,102560,102869
2,3,102560,102869
1,2,102869,0
1,1,102869,0
2,4,103023,103178
2,3,103023,103642
1,1,103178,0
2,2,103178,103487
2,1,103487,103797
2,4,103487,103642
1,2,103642,0
1,3,103797,0
1,4,103797,0
1,1,103951,0
2,2,104106,104570
2,3,104106,104261
1,4,104415,0
2,3,104415,104570
2,1,104415,105188
2,2,104725,104879
2,2,105034,105188
2,4,105034,105498
2,1,105343,105498
2,3,105343,105498
1,2,105343,0
2,1,105652,105807
2,4,105962,106116
2,3,105962,106426
2,1,106271,106426
2,4,106271,106735
1,3,106580,0
1,1,106735,0
1,2,106735,0
2,4,106889,107044
1,1,107044,0
1,3,107199,0
1,4,107199,0
2,2,107199,107817
2,3,107508,108120
2,1,107817,108429
1,4,107817,0
2,2,108120,108738
2,4,108120,108738
1,3,108429,0
1,1,108738,0
1,3,109047,0
1,4,109047,0
1,2,109047,0
1,1,109357,0
1,4,109666,0
1,3,109988,0
2,1,109988,110434
1,2,109988,0
1,4,110273,0
1,2,110273,0
2,3,110273,110756
1,4,110595,0
2,1,110595,111042
1,3,110885,0
1,2,110885,0
2,4,110885,111200
1,1,111200,0
2,2,111200,111515
1,3,111200,0
2,3,111515,111831
1,4,111515,0
1,1,111515,0
1,1,111831,0
1,2,111831,0
2,4,111831,113686
