2,1,822,1038
1,3,822,0
2,3,966,1038
2,4,966,1182
2,2,1110,1254
2,1,1254,1326
2,4,1254,1398
2,3,1326,1398
1,1,1398,0
2,2,1398,1471
2,1,1543,1759
2,3,1543,1615
2,4,1687,1975
2,1,1831,1975
2,3,1831,1975
1,2,1975,0
2,4,2120,2264
1,1,2264,0
2,3,2408,2552
1,1,2552,0
1,4,2552,0
2,2,2697,2841
1,3,2841,0
2,1,2985,3129
1,2,3129,0
2,4,3129,3346
2,1,3273,3490
2,2,3273,3346
2,3,3418,3562
2,1,3562,3778
2,4,3562,3634
1,2,3706,0
2,3,3706,3778
2,2,3850,3922
2,4,3850,4067
2,1,3995,4283
2,2,4139,4283
2,4,4139,4283
1,3,4283,0
2,1,4427,4572
1,4,4572,0
2,2,4716,4860
2,1,4860,5148
1,4,4860,0
2,3,5004,5148
1,2,5148,0
2,4,5293,5437
2,2,5437,5653
1,3,5437,0
2,1,5581,5653
2,4,5581,5797
2,2,5725,5870
2,1,5870,5942
2,3,5870,6086
2,4,5942,6014
2,1,6014,6302
2,2,6014,6086
2,3,6158,6230
2,4,6158,6374
1,2,6302,0
2,1,6447,6591
2,3,6447,6591
1,4,6591,0
2,2,6735,6879
1,4,6879,0
2,1,7023,7168
1,2,7168,0
1,4,7168,0
2,3,7312,7672
2,1,7456,7528
1,4,7456,0
2,2,7600,7672
2,1,7745,7817
2,3,7745,7817
2,4,7745,8249
2,1,7889,8033
2,2,7889,8033
1,3,8033,0
2,1,8177,8322
2,2,8177,8322
1,3,8322,0
1,4,8322,0
2,2,8466,8682
2,4,8466,8538
2,3,8610,8682
2,1,8754,9043
2,2,8754,8826
2,4,8898,9187
2,3,9043,9187
1,1,9187,0
2,2,9331,9475
2,1,9475,9692
2,3,9475,9692
2,4,9475,9836
2,2,9620,9980
2,1,9764,9980
1,3,9764,0
1,4,9908,0
1,1,10052,0
1,2,10052,0
1,3,10052,0
1,4,10052,0
1,1,10197,0
2,2,10197,10413
2,1,10341,10557
1,4,10341,0
2,2,10485,10557
2,4,10485,10629
2,3,10557,10629
1,1,10629,0
1,2,10629,0
2,1,10773,10918
2,3,10773,10990
1,2,10918,0
2,4,10918,11134
2,1,11062,11206
2,3,11062,11134
1,4,11206,0
2,1,11350,11422
2,2,11350,11495
2,3,11422,11567
1,1,11495,0
2,4,11495,11711
2,1,11639,11783
1,2,11639,0
2,3,11783,12288
1,4,11783,0
2,2,11927,12144
2,1,12072,12144
2,4,12072,12144
2,1,12216,12288
2,4,12216,12288
1,1,12360,0
1,2,12360,0
1,4,12360,0
1,2,12504,0
2,3,12504,12721
1,1,12648,0
2,4,12648,12865
1,2,12721,0
2,1,12793,12937
2,3,12793,12865
1,2,12937,0
1,4,12937,0
2,2,13081,13297
2,4,13081,13225
2,1,13225,13442
1,3,13225,0
2,2,13370,13442
2,4,13370,13514
1,1,13514,0
2,3,13658,13802
2,4,13658,13730
2,2,13730,13874
2,1,13802,14019
1,4,13802,0
1,3,13947,0
2,4,13947,14091
1,1,14091,0
2,2,14091,14307
2,1,14235,14451
2,4,14235,14307
2,2,14379,14451
2,3,14379,14596
2,1,14523,14596
2,4,14523,14596
1,2,14596,0
1,1,14668,0
1,3,14668,0
1,4,14668,0
1,1,14812,0
2,2,14812,15028
2,3,14956,15172
1,4,14956,0
2,1,15100,15172
2,4,15100,15317
2,2,15172,15245
2,1,15245,15461
2,3,15245,15317
2,2,15389,15605
2,4,15389,15461
2,3,15533,15605
1,4,15533,0
1,1,15677,0
2,2,15677,15894
2,4,15677,15966
1,3,15822,0
2,1,15966,16038
2,2,15966,16110
2,3,16038,16182
2,1,16110,16398
2,4,16110,16254
2,2,16254,16398
1,3,16398,0
2,4,16398,16543
1,1,16543,0
2,2,16543,16831
2,1,16687,16903
2,3,16687,16759
1,3,16831,0
1,4,16831,0
1,2,16903,0
1,1,16975,0
2,3,16975,17047
2,4,16975,17264
1,1,17120,0
2,3,17120,17264
1,2,17264,0
2,1,17408,17480
2,3,17408,17624
1,1,17552,0
2,4,17552,17769
2,2,17697,17913
2,1,17841,18057
2,4,17841,17913
2,3,17985,18201
1,4,17985,0
2,1,18129,18201
2,4,18129,18346
1,1,18273,0
2,3,18273,18346
1,2,18346,0
1,3,18418,0
1,4,18418,0
2,2,18562,18706
2,3,18634,18850
1,1,18706,0
1,4,18706,0
2,1,18850,19067
1,2,18850,0
2,3,18995,19067
2,4,18995,19211
1,1,19139,0
1,2,19139,0
1,3,19211,0
2,1,19283,19499
1,4,19283,0
2,2,19355,19572
2,3,19427,19644
2,4,19499,19644
2,1,19572,19788
2,2,19644,19716
2,3,19716,20076
2,4,19716,20076
2,2,19788,20076
2,1,19860,20076
1,1,20148,0
1,3,20148,0
1,4,20148,0
1,1,20293,0
1,3,20293,0
1,4,20293,0
1,1,20437,0
2,2,20437,20653
2,3,20437,20797
2,4,20437,20942
2,1,20725,20797
1,2,20725,0
2,2,20870,20942
1,3,20870,0
2,1,21014,21519
2,3,21014,21086
2,4,21014,21230
2,2,21158,21374
1,3,21302,0
2,4,21302,21374
1,2,21447,0
2,3,21447,21519
1,1,21591,0
2,2,21591,21807
2,4,21591,21735
2,1,21735,21951
1,3,21735,0
2,2,21879,21951
2,3,21879,22096
1,1,22023,0
2,4,22023,22240
2,1,22168,22384
2,3,22168,22240
2,2,22312,22528
1,4,22312,0
2,1,22456,22528
2,4,22456,22672
1,2,22600,0
2,1,22745,22889
2,3,22745,23033
1,4,22745,0
1,2,22889,0
2,1,23033,23249
1,4,23033,0
2,3,23177,23249
1,4,23177,0
2,1,23322,23538
1,2,23322,0
2,4,23322,23466
2,2,23466,23682
1,3,23466,0
2,3,23610,23826
1,4,23610,0
1,1,23754,0
2,4,23754,23826
2,1,23898,24043
2,3,23898,24115
1,4,23898,0
1,2,24043,0
2,4,24043,24259
2,2,24187,24403
2,3,24187,24259
2,1,24331,24403
1,4,24331,0
2,3,24475,24692
2,4,24475,24692
2,2,24511,24692
2,1,24547,24692
2,1,24764,24980
2,2,24764,24980
2,3,24800,24980
2,4,24836,24980
2,1,25052,25557
2,2,25052,25413
2,3,25052,25269
2,4,25052,25124
1,4,25197,0
1,3,25341,0
1,4,25341,0
1,2,25485,0
1,3,25485,0
2,1,25629,25846
2,2,25629,25701
2,4,25629,26134
2,3,25773,25990
2,1,25918,25990
1,2,25918,0
2,2,26062,26134
1,3,26062,0
2,1,26206,26350
2,3,26206,26422
1,4,26206,0
1,2,26350,0
2,4,26350,26567
2,1,26495,26567
2,2,26495,26711
2,3,26639,26855
1,4,26639,0
2,1,26783,26999
2,4,26783,26855
1,2,26927,0
2,4,26927,27144
2,1,27072,27144
2,2,27072,27288
1,4,27216,0
2,1,27360,27865
2,3,27360,27432
2,4,27360,27576
2,2,27504,27721
1,3,27648,0
2,4,27648,27721
1,2,27793,0
2,3,27793,27865
2,1,27937,28081
1,3,27937,0
2,4,27937,28153
1,2,28081,0
2,3,28081,28297
1,1,28225,0
2,2,28225,28442
2,1,28370,28442
1,4,28370,0
1,1,28514,0
2,2,28514,28730
2,4,28514,28658
2,1,28658,28874
1,3,28658,0
2,3,28802,29019
2,4,28802,28874
2,2,28947,29019
1,4,28947,0
2,1,29091,29163
2,2,29091,29307
2,3,29127,29596
2,4,29163,29596
2,1,29235,29307
2,1,29379,29596
2,2,29379,29596
1,1,29668,0
1,2,29668,0
1,3,29668,0
1,4,29668,0
2,4,29812,29956
2,1,29956,30100
1,3,30100,0
2,4,30100,30245
1,1,30245,0
1,2,30245,0
2,1,30389,30533
1,3,30533,0
1,4,30533,0
2,2,30677,30822
1,1,30822,0
1,1,30918,0
2,3,30966,31110
1,1,31014,0
1,2,31110,0
1,2,31254,0
2,4,31254,31398
1,1,31398,0
1,3,31398,0
2,2,31543,31687
1,1,31687,0
1,4,31687,0
1,3,31783,0
1,2,31879,0
1,1,31975,0
1,4,31975,0
2,2,32120,32264
2,4,32264,32408
2,1,32408,32552
1,2,32408,0
1,3,32552,0
1,4,32552,0
2,4,32697,32841
2,1,32841,32985
1,2,32841,0
2,3,32985,33129
1,4,33129,0
1,4,33225,0
2,2,33273,33418
1,4,33322,0
1,3,33418,0
1,1,33562,0
1,4,33562,0
2,2,33706,33802
1,3,33706,0
2,1,33802,33898
2,3,33898,33995
1,1,33995,0
2,2,33995,34091
2,4,34091,34187
2,3,34187,34283
1,1,34283,0
1,4,34283,0
2,2,34427,34572
2,3,34572,34716
1,2,34716,0
2,4,34716,34860
2,1,34860,35004
1,3,34860,0
2,2,35004,35148
1,1,35148,0
2,4,35148,35437
2,3,35293,35437
1,1,35437,0
1,1,35533,0
2,4,35581,35725
1,1,35629,0
1,3,35725,0
2,2,35870,35942
1,3,35870,0
2,4,35942,36158
2,1,36014,36158
1,2,36014,0
2,3,36158,36519
1,1,36302,0
2,4,36302,36519
2,1,36591,36951
2,3,36591,36663
1,4,36591,0
2,2,36735,36807
1,4,36879,0
1,1,37023,0
1,3,37023,0
2,2,37168,37384
2,4,37168,37672
2,1,37312,37384
1,1,37456,0
2,2,37456,37528
2,3,37600,37672
2,1,37745,38033
2,2,37745,37817
2,4,37745,37817
2,2,37889,38033
2,4,37889,38033
1,2,38177,0
1,4,38177,0
2,1,38322,38538
2,2,38322,38466
2,3,38322,38394
1,4,38394,0
1,3,38466,0
1,2,38538,0
1,1,38610,0
1,3,38610,0
1,4,38610,0
1,1,38754,0
1,2,38754,0
1,4,38754,0
1,1,38898,0
1,2,38898,0
1,3,38898,0
1,4,38898,0
2,1,39043,39115
2,3,39043,39259
2,2,39187,39259
2,4,39187,39403
2,1,39331,39547
2,3,39331,39403
1,2,39475,0
2,3,39475,39692
2,4,39475,39547
2,1,39620,39692
2,2,39620,39836
1,3,39764,0
2,4,39764,39836
2,1,39908,40124
2,3,39908,39980
2,2,40052,40124
1,3,40052,0
1,4,40052,0
2,3,40197,40413
2,1,40341,40413
1,2,40341,0
1,1,40485,0
2,4,40485,40701
1,1,40629,0
1,2,40629,0
2,3,40629,40701
2,2,40773,41134
2,1,40918,41134
1,3,40918,0
2,4,40918,40990
2,3,41062,41206
1,1,41206,0
1,4,41206,0
2,2,41350,41567
2,1,41495,41711
2,3,41495,41567
2,2,41639,41711
2,4,41639,41783
1,1,41783,0
1,2,41783,0
1,3,41783,0
2,3,41927,42144
2,4,41927,41999
2,1,42072,42144
1,2,42072,0
2,2,42216,42432
2,4,42216,42288
1,1,42360,0
2,3,42360,42432
1,4,42360,0
2,1,42504,42721
2,3,42648,42721
1,4,42648,0
2,2,42793,42937
2,4,42793,42865
1,1,42937,0
1,3,42937,0
1,4,42937,0
2,3,43081,43442
2,1,43225,43297
1,2,43225,0
2,4,43225,43442
1,1,43370,0
1,2,43442,0
1,1,43514,0
1,3,43514,0
1,4,43514,0
2,2,43658,43874
2,1,43802,43874
2,4,43802,44019
2,2,43947,44019
2,3,43947,44163
2,1,44091,44307
1,2,44091,0
2,4,44091,44163
2,2,44235,44451
2,3,44235,44307
2,1,44379,44451
1,4,44379,0
2,2,44523,44596
2,4,44523,44740
2,1,44668,44740
1,2,44668,0
1,3,44668,0
2,3,44812,45028
1,2,44956,0
2,4,44956,45028
2,1,45100,45317
1,4,45100,0
1,2,45245,0
2,3,45245,45317
1,4,45245,0
2,4,45389,45749
2,1,45533,45605
1,2,45533,0
2,3,45533,45749
1,2,45677,0
1,1,45822,0
2,2,45822,46038
1,4,45822,0
1,4,45966,0
1,3,46038,0
2,1,46110,46182
1,2,46110,0
2,2,46254,46326
1,4,46254,0
1,1,46398,0
1,3,46398,0
2,4,46398,46471
2,3,46543,46615
2,1,46687,46903
2,2,46687,46759
2,3,46831,46903
2,1,46975,47192
2,2,46975,47192
2,4,46975,47047
2,4,47120,47336
1,1,47264,0
2,2,47264,47336
2,3,47408,47624
1,4,47408,0
2,1,47552,47769
1,2,47552,0
2,4,47552,47913
2,2,47697,48057
2,1,47841,48057
1,3,47841,0
1,4,47985,0
1,3,48057,0
1,1,48129,0
2,2,48129,48850
1,4,48129,0
2,4,48273,48418
1,1,48562,0
2,1,48706,48850
2,4,48706,49283
1,3,48995,0
2,3,49139,49283
1,1,49283,0
1,2,49283,0
1,4,49379,0
1,2,49475,0
1,4,49572,0
1,3,49716,0
1,2,49860,0
1,1,50148,0
1,4,50148,0
1,1,50437,0
2,3,50437,50870
1,4,50437,0
2,1,50581,50725
2,2,50725,50870
2,1,50870,51158
1,4,50870,0
2,2,51014,51591
2,4,51014,51158
1,3,51302,0
2,3,51447,51591
1,1,51591,0
1,4,51591,0
1,2,51687,0
1,4,51783,0
1,1,51879,0
1,2,52023,0
2,1,52168,52312
2,4,52168,52360
2,2,52240,52312
2,3,52312,52408
2,2,52360,52456
2,1,52408,52504
2,4,52456,52672
2,3,52504,52672
2,2,52552,52672
2,1,52600,52745
1,2,52745,0
1,3,52745,0
1,4,52745,0
2,1,52889,53033
1,3,53033,0
1,4,53033,0
1,1,53177,0
1,2,53177,0
2,2,53322,53466
1,3,53466,0
1,4,53466,0
1,1,53610,0
1,2,53610,0
2,4,53610,53826
2,1,53898,54115
2,2,53898,53971
1,4,53898,0
2,3,54043,54115
1,4,54043,0
1,1,54187,0
2,2,54187,54331
2,4,54187,54259
2,3,54259,54403
1,1,54331,0
2,4,54331,54475
2,2,54475,54692
2,1,54620,54980
1,4,54620,0
1,2,54764,0
2,3,54764,54980
2,4,54764,54980
1,1,55052,0
1,2,55052,0
1,4,55052,0
1,3,55148,0
1,2,55245,0
1,1,55341,0
1,4,55341,0
1,1,55485,0
1,4,55485,0
1,2,55629,0
1,4,55725,0
1,1,55773,0
1,2,55822,0
1,3,55918,0
1,4,55918,0
1,1,56014,0
1,2,56110,0
1,1,56206,0
1,4,56206,0
1,3,56278,0
1,2,56350,0
1,1,56422,0
1,3,56495,0
1,4,56495,0
1,2,56567,0
1,1,56639,0
1,4,56639,0
1,3,56711,0
1,1,56783,0
1,2,56855,0
1,3,56927,0
1,4,56927,0
1,1,57072,0
1,4,57072,0
1,1,57360,0
2,2,57360,57432
1,3,57360,0
1,2,57648,0
1,3,57648,0
1,2,57793,0
1,3,57793,0
1,1,57937,0
1,4,57937,0
1,2,58225,0
1,3,58225,0
2,1,58514,58658
2,2,58658,58947
2,4,58802,58947
2,1,58947,59235
2,3,59091,59379
1,4,59091,0
2,2,59235,59379
1,1,59379,0
1,4,59379,0
1,1,59523,0
2,2,59523,59740
2,3,59523,59812
2,4,59523,59884
2,1,59812,59956
1,2,59884,0
2,3,59956,60100
2,4,59956,60028
2,2,60028,60172
2,1,60100,60172
1,4,60100,0
1,3,60172,0
2,1,60245,60317
1,2,60245,0
1,4,60317,0
2,2,60389,60461
1,3,60389,0
1,1,60461,0
1,2,60533,0
2,3,60533,60605
1,4,60605,0
2,1,60677,60749
2,2,60677,60822
2,3,60749,60894
1,1,60822,0
2,4,60822,60894
1,2,60894,0
1,3,60966,0
1,4,60966,0
1,2,61038,0
2,1,61110,61182
1,4,61110,0
1,3,61182,0
2,2,61254,61326
1,4,61254,0
1,3,61326,0
1,1,61398,0
2,4,61398,61471
1,2,61471,0
1,1,61543,0
2,3,61543,61615
1,2,61615,0
1,3,61687,0
1,4,61687,0
1,2,61759,0
1,1,61831,0
2,3,61831,61975
2,4,61831,62120
2,1,62120,62264
2,2,62120,62408
2,3,62264,62408
1,4,62264,0
2,1,62408,62552
2,3,62552,62841
2,4,62552,62697
1,1,62697,0
2,2,62697,62841
1,1,62841,0
1,4,62841,0
1,2,62985,0
2,3,62985,63273
1,4,62985,0
2,1,63129,63346
2,4,63273,63562
1,1,63418,0
2,2,63418,63562
1,3,63418,0
1,1,63706,0
1,3,63706,0
2,4,63706,63922
1,2,63850,0
2,1,63995,64211
1,3,63995,0
1,4,63995,0
1,2,64139,0
1,1,64283,0
2,2,64283,64788
2,3,64283,64644
2,4,64283,64499
2,1,64572,64788
1,4,64572,0
1,3,64716,0
2,1,64860,65076
2,2,64860,65221
2,3,64860,65365
1,4,64860,0
1,1,65148,0
2,4,65148,65365
1,2,65293,0
1,1,65437,0
2,2,65437,65797
2,3,65437,65653
2,4,65437,65942
2,1,65725,65942
1,3,65725,0
1,2,65870,0
2,1,66014,66519
2,2,66014,66230
2,3,66014,66230
1,4,66014,0
1,2,66302,0
2,4,66302,66519
2,1,66591,67023
2,2,66591,66807
1,3,66591,0
1,4,66591,0
1,2,66879,0
2,3,66879,67023
2,4,66879,67312
2,1,67168,67312
2,3,67168,67817
2,2,67312,67456
2,1,67456,67961
1,4,67456,0
2,2,67600,67961
2,4,67600,67817
1,3,67889,0
1,4,67889,0
1,1,68033,0
1,2,68033,0
2,4,68033,68322
2,3,68177,68322
1,1,68322,0
1,2,68322,0
1,3,68394,0
1,1,68466,0
1,4,68466,0
1,2,68538,0
1,3,68610,0
1,4,68610,0
1,2,68682,0
2,1,68754,68898
2,3,68754,69043
1,4,68754,0
2,2,68898,69043
1,1,69043,0
2,4,69043,69187
1,1,69187,0
2,2,69187,69475
2,3,69331,69475
2,1,69475,69620
1,4,69475,0
1,3,69620,0
2,4,69620,69764
2,1,69764,70124
2,2,69764,69908
1,3,69764,0
2,3,69908,70124
2,4,69908,70269
1,1,70197,0
2,2,70197,70341
1,1,70341,0
1,3,70341,0
1,4,70341,0
2,2,70485,70629
2,1,70629,70773
1,3,70629,0
2,4,70629,70918
1,2,70773,0
2,3,70773,70918
1,1,70918,0
2,2,70918,71062
1,1,71062,0
2,3,71062,71350
2,4,71062,71206
2,1,71350,71495
1,4,71350,0
1,2,71495,0
2,3,71495,71783
2,4,71495,71639
2,2,71639,71783
2,1,71783,71927
2,4,71783,72072
1,2,71927,0
2,3,71927,72072
2,1,72072,72432
1,2,72072,0
2,3,72216,72432
2,4,72216,72576
1,1,72504,0
2,3,72504,72865
1,1,72648,0
1,2,72648,0
2,4,72648,72865
1,1,72937,0
2,2,72937,73153
1,4,72937,0
1,3,73081,0
1,4,73081,0
1,1,73225,0
2,3,73225,73442
1,4,73225,0
2,1,73514,73730
1,2,73514,0
2,4,73514,74019
1,1,73802,0
2,2,73802,74019
1,3,73802,0
2,1,74091,74596
2,4,74091,74307
1,2,74235,0
1,3,74235,0
1,2,74379,0
2,3,74379,74596
1,4,74379,0
2,1,74668,74884
2,2,74668,75172
2,4,74668,74884
1,1,74956,0
2,3,74956,75172
2,4,74956,75172
2,1,75245,75461
2,2,75245,75461
2,4,75245,75749
1,3,75389,0
1,1,75533,0
2,2,75533,75749
2,3,75533,75749
2,1,75822,76038
2,2,75822,76038
2,3,75822,76038
2,4,75822,76038
1,1,76110,0
1,2,76110,0
1,4,76110,0
2,4,76398,76543
1,1,76543,0
1,2,76543,0
2,1,76687,76831
1,2,76687,0
1,4,76687,0
1,3,76831,0
2,4,76831,76975
2,1,76975,77336
1,2,76975,0
1,3,76975,0
2,2,77120,77624
1,1,77408,0
2,3,77408,77769
2,4,77408,78057
1,2,77697,0
1,1,77841,0
2,2,77841,78057
1,3,77841,0
1,1,78129,0
1,2,78129,0
1,3,78129,0
1,4,78129,0
1,1,78273,0
1,2,78273,0
1,3,78418,0
1,4,78418,0
1,1,78490,0
1,3,78562,0
1,4,78562,0
1,2,78634,0
1,1,78706,0
1,4,78706,0
1,3,78850,0
1,4,78850,0
1,1,78995,0
1,2,78995,0
1,4,79067,0
1,1,79139,0
1,2,79139,0
1,3,79211,0
1,1,79283,0
1,4,79283,0
1,2,79427,0
1,4,79427,0
1,1,79572,0
1,3,79572,0
1,4,79644,0
1,1,79716,0
1,2,79716,0
1,4,79788,0
1,2,79860,0
1,3,79860,0
1,1,79932,0
1,2,80004,0
1,4,80004,0
1,3,80076,0
1,1,80148,0
1,4,80148,0
1,2,80221,0
1,3,80293,0
1,4,80293,0
1,2,80365,0
1,1,80437,0
1,3,80437,0
1,2,80581,0
1,4,80581,0
1,2,80725,0
1,3,80725,0
1,1,80797,0
1,3,80870,0
1,4,80870,0
1,2,80942,0
1,1,81014,0
1,4,81014,0
1,2,81158,0
1,4,81158,0
1,1,81302,0
1,3,81302,0
1,4,81374,0
1,1,81447,0
1,2,81447,0
1,3,81519,0
1,1,81591,0
1,4,81591,0
1,1,81735,0
1,2,81735,0
1,2,81879,0
1,4,81879,0
1,3,81951,0
1,1,82023,0
1,4,82023,0
1,2,82096,0
1,1,82168,0
1,3,82168,0
1,2,82240,0
1,3,82312,0
1,4,82312,0
1,2,82384,0
1,1,82456,0
1,4,82456,0
1,3,82528,0
1,1,82600,0
1,2,82600,0
1,3,82672,0
1,1,82745,0
1,4,82745,0
1,2,82889,0
1,3,82889,0
2,1,83033,83177
1,4,83033,0
1,2,83105,0
1,3,83177,0
2,4,83177,83322
1,1,83249,0
2,2,83322,83466
1,3,83322,0
1,3,83466,0
1,4,83466,0
1,1,83610,0
2,4,83610,83754
1,3,83682,0
2,1,83754,83898
1,2,83754,0
1,4,83826,0
1,2,83898,0
2,3,83898,84043
1,1,84043,0
1,4,84043,0
1,1,84187,0
1,2,84187,0
1,4,84259,0
1,2,84331,0
1,3,84331,0
1,4,84403,0
1,1,84475,0
1,2,84475,0
1,3,84547,0
1,1,84620,0
1,4,84620,0
1,2,84692,0
1,3,84764,0
1,4,84764,0
1,1,84836,0
1,2,84908,0
1,3,84908,0
1,1,84980,0
1,3,85052,0
1,4,85052,0
1,2,85197,0
1,3,85197,0
1,1,85341,0
2,4,85341,85485
1,3,85413,0
2,1,85485,85629
1,2,85485,0
1,4,85557,0
1,2,85629,0
2,3,85629,85773
1,1,85773,0
1,4,85773,0
2,1,85918,86062
1,4,85918,0
1,2,85990,0
1,3,86062,0
2,4,86062,86206
1,1,86134,0
2,2,86206,86350
1,3,86206,0
1,1,86350,0
1,4,86350,0
1,3,86495,0
1,4,86495,0
1,2,86567,0
1,1,86639,0
1,4,86639,0
1,3,86711,0
1,1,86783,0
1,2,86783,0
1,4,86855,0
1,2,86927,0
1,3,86927,0
1,1,86999,0
1,2,87072,0
1,3,87072,0
1,4,87072,0
1,2,87216,0
1,3,87216,0
1,4,87216,0
2,1,87360,87648
2,2,87504,87648
1,1,87793,0
1,4,87793,0
1,3,87865,0
1,1,87937,0
1,2,87937,0
1,2,88081,0
2,3,88081,88225
2,4,88081,88225
2,2,88370,88514
2,3,88370,88514
2,4,88370,88514
1,1,88658,0
1,2,88658,0
2,1,88802,88947
2,2,88802,88947
2,3,88802,88947
2,4,88802,88947
