1,2,1125,0
1,4,1125,0
1,1,1525,0
1,3,1525,0
1,2,1925,0
1,4,1925,0
1,3,2325,0
1,1,2325,0
1,2,2725,0
1,3,2725,0
1,4,2725,0
1,1,3125,0
1,4,3125,0
1,2,3525,0
1,3,3525,0
1,1,3925,0
1,4,3925,0
1,3,4325,0
1,2,4325,0
1,1,4325,0
1,4,4725,0
1,1,4725,0
1,2,5125,0
1,4,5125,0
1,3,5525,0
1,1,5525,0
1,2,5925,0
1,4,5925,0
1,3,5925,0
1,3,6325,0
1,1,6325,0
1,2,6725,0
1,3,6725,0
1,4,7125,0
1,1,7125,0
1,2,7525,0
1,4,7525,0
1,1,7525,0
1,3,7925,0
1,1,7925,0
1,4,8325,0
1,2,8325,0
1,1,8725,0
1,2,8725,0
1,2,9125,0
1,1,9125,0
1,4,9125,0
1,4,9525,0
1,3,9525,0
1,1,9925,0
1,3,9925,0
1,3,10325,0
1,4,10325,0
1,3,10725,0
1,2,10725,0
1,1,10725,0
1,3,11125,0
1,1,11125,0
1,2,11525,0
1,1,11525,0
1,2,11925,0
1,3,11925,0
1,1,12325,0
1,4,12325,0
1,2,12325,0
1,3,12725,0
1,2,12725,0
1,2,13125,0
1,3,13125,0
1,4,13525,0
1,3,13525,0
1,3,13925,0
1,1,13925,0
1,4,13925,0
1,4,14325,0
1,2,14325,0
1,3,14725,0
1,1,14725,0
1,2,15125,0
1,3,15125,0
1,3,15525,0
1,1,15525,0
1,2,15525,0
1,2,15925,0
1,3,15925,0
1,3,16325,0
1,2,16325,0
1,3,16725,0
1,4,16725,0
1,3,17125,0
1,2,17125,0
1,1,17125,0
1,2,17525,0
1,4,17525,0
1,4,17925,0
1,1,17925,0
1,3,18325,0
1,2,18325,0
1,1,18725,0
1,2,18725,0
1,3,18725,0
1,3,19125,0
1,4,19125,0
1,2,19525,0
1,4,19525,0
1,3,19925,0
1,1,19925,0
1,2,20325,0
1,4,20325,0
1,3,20325,0
1,3,20725,0
1,1,20725,0
1,4,21125,0
1,2,21125,0
1,1,21525,0
1,3,21525,0
1,2,21925,0
1,3,21925,0
1,1,21925,0
1,4,22325,0
1,3,22325,0
1,2,22725,0
1,1,22725,0
1,3,23125,0
1,4,23125,0
1,2,23525,0
1,1,23525,0
1,4,23525,0
1,3,23925,0
1,1,23925,0
1,2,24325,0
1,4,24325,0
1,1,24725,0
1,4,24725,0
1,3,24725,0
1,2,25125,0
1,3,25125,0
1,4,25125,0
1,2,25982,0
1,1,25982,0
1,3,25982,0
1,4,25982,0
1,4,26825,0
1,3,26825,0
1,2,26825,0
1,1,26908,0
1,3,26991,0
1,4,27075,0
1,2,27075,0
1,3,27158,0
1,2,27241,0
1,1,27325,0
1,3,27325,0
1,2,27408,0
1,1,27491,0
1,2,27575,0
1,3,27575,0
1,4,27658,0
1,2,27741,0
1,4,27825,0
1,1,27825,0
1,3,27825,0
1,2,27908,0
1,3,27991,0
1,4,28075,0
1,1,28075,0
1,2,28075,0
1,3,28158,0
1,1,28241,0
1,2,28325,0
1,3,28325,0
1,4,28408,0
1,2,28491,0
1,1,28575,0
1,3,28575,0
1,4,28658,0
1,3,28741,0
1,1,28825,0
1,2,28825,0
1,4,28825,0
1,3,28908,0
1,2,28991,0
1,1,29075,0
1,4,29075,0
1,3,29158,0
1,2,29241,0
1,1,29325,0
1,4,29325,0
1,3,29408,0
1,2,29491,0
1,3,29575,0
1,4,29575,0
1,2,29658,0
1,1,29741,0
1,2,29825,0
1,3,29825,0
1,4,29825,0
1,1,29908,0
1,3,29991,0
1,2,30075,0
1,4,30075,0
1,3,30158,0
1,4,30241,0
1,2,30325,0
1,3,30325,0
1,1,30408,0
1,2,30491,0
1,3,30575,0
1,4,30575,0
1,1,30658,0
1,3,30741,0
1,1,30825,0
1,2,30825,0
1,4,30825,0
1,3,30908,0
1,2,30991,0
1,1,31075,0
1,3,31075,0
1,2,31158,0
1,3,31241,0
1,4,31325,0
1,2,31325,0
1,3,31408,0
1,4,31491,0
1,3,31575,0
1,2,31575,0
1,1,31658,0
1,3,31741,0
1,1,31825,0
1,4,31825,0
1,2,31825,0
1,3,31908,0
1,2,31991,0
1,1,32075,0
1,4,32075,0
1,3,32075,0
1,2,32158,0
1,4,32241,0
1,3,32325,0
1,2,32325,0
1,1,32408,0
1,3,32491,0
1,4,32575,0
1,2,32575,0
1,1,32658,0
1,2,32741,0
1,4,32825,0
1,3,32825,0
1,1,32825,0
1,2,32908,0
1,3,32991,0
1,4,33075,0
1,1,33075,0
1,2,33158,0
1,3,33241,0
1,4,33325,0
1,1,33325,0
1,2,33408,0
1,3,33491,0
1,2,33575,0
1,1,33575,0
1,3,33658,0
1,4,33741,0
1,3,33825,0
1,2,33825,0
1,1,33825,0
1,4,33908,0
1,2,33991,0
1,3,34075,0
1,1,34075,0
1,2,34158,0
1,1,34241,0
1,3,34325,0
1,2,34325,0
1,4,34408,0
1,3,34491,0
1,2,34575,0
1,1,34575,0
1,4,34658,0
1,3,34741,0
1,4,34825,0
1,2,34825,0
1,1,34825,0
1,3,34908,0
1,2,34991,0
1,1,35075,0
1,3,35075,0
1,2,35158,0
1,3,35241,0
1,4,35325,0
1,2,35325,0
1,3,35408,0
1,4,35491,0
1,3,35575,0
1,2,35575,0
1,1,35658,0
1,3,35741,0
1,1,35825,0
1,4,35825,0
1,2,35825,0
1,3,35908,0
1,2,35991,0
1,1,36075,0
1,4,36075,0
1,3,36075,0
1,2,36158,0
1,4,36241,0
1,3,36325,0
1,2,36325,0
1,1,36408,0
1,3,36491,0
1,4,36575,0
1,2,36575,0
1,1,36658,0
1,2,36741,0
1,4,36825,0
1,3,36825,0
1,1,36825,0
1,2,36908,0
1,3,36991,0
1,4,37075,0
1,1,37075,0
1,2,37158,0
1,3,37241,0
1,4,37325,0
1,1,37325,0
1,2,37408,0
1,3,37491,0
1,2,37575,0
1,1,37575,0
1,3,37658,0
1,4,37741,0
1,3,37825,0
1,2,37825,0
1,1,37825,0
1,4,37908,0
1,2,37991,0
1,3,38075,0
1,1,38075,0
1,2,38158,0
1,1,38241,0
1,3,38325,0
1,2,38325,0
1,4,38408,0
1,3,38491,0
1,2,38575,0
1,1,38575,0
1,4,38658,0
1,2,38741,0
1,4,38825,0
1,3,38825,0
1,1,38825,0
1,2,38908,0
1,3,38991,0
1,4,39075,0
1,2,39075,0
1,3,39158,0
1,2,39241,0
1,1,39325,0
1,3,39325,0
1,2,39408,0
1,1,39491,0
1,2,39575,0
1,3,39575,0
1,4,39658,0
1,2,39741,0
1,4,39825,0
1,1,39825,0
1,3,39825,0
1,2,39908,0
1,3,39991,0
1,4,40075,0
1,1,40075,0
1,2,40075,0
1,3,40158,0
1,1,40241,0
1,2,40325,0
1,3,40325,0
1,4,40408,0
1,2,40491,0
1,1,40575,0
1,3,40575,0
1,4,40658,0
1,3,40741,0
1,1,40825,0
1,2,40825,0
1,4,40825,0
1,3,40908,0
1,2,40991,0
1,1,41075,0
1,4,41075,0
1,3,41158,0
1,2,41241,0
1,1,41325,0
1,4,41325,0
1,3,41408,0
1,2,41491,0
1,3,41575,0
1,4,41575,0
1,2,41658,0
1,1,41741,0
1,2,41825,0
1,3,41825,0
1,4,41825,0
1,1,41908,0
1,3,41991,0
1,2,42075,0
1,4,42075,0
1,3,42158,0
1,4,42241,0
1,2,42325,0
1,3,42325,0
1,1,42408,0
1,2,42491,0
1,3,42575,0
1,4,42575,0
1,1,42658,0
1,2,42741,0
1,1,42825,0
1,4,42825,0
1,2,42950,0
1,3,42950,0
1,2,43075,0
1,3,43075,0
1,1,43075,0
1,4,43075,0
1,1,43325,0
1,2,43325,0
1,3,43450,0
1,4,43450,0
1,1,43575,0
1,2,43575,0
1,3,43825,0
1,4,43825,0
1,2,44075,0
1,3,44075,0
1,1,44325,0
1,2,44325,0
1,1,44575,0
1,2,44637,0
1,3,44700,0
1,4,44762,0
1,1,44825,0
1,2,44825,0
1,3,44825,0
1,2,44950,0
1,3,44950,0
1,4,44950,0
1,1,45200,0
1,2,45200,0
1,4,45200,0
1,4,45450,0
1,3,45450,0
1,1,45450,0
1,1,45575,0
1,2,45575,0
1,4,45575,0
1,2,45825,0
1,3,45825,0
1,4,45825,0
1,1,46075,0
1,2,46075,0
1,3,46075,0
1,4,46325,0
1,3,46325,0
1,1,46325,0
1,1,46575,0
1,4,46575,0
1,3,46637,0
1,2,46700,0
1,1,46762,0
1,3,46825,0
1,2,46825,0
1,4,46825,0
1,3,46950,0
1,4,46950,0
1,3,47075,0
1,4,47075,0
1,1,47325,0
1,4,47325,0
1,2,47325,0
1,1,47450,0
1,2,47450,0
1,1,47575,0
1,4,47575,0
1,3,47575,0
1,1,47825,0
1,3,47825,0
1,4,47950,0
1,2,47950,0
1,3,47950,0
1,2,48200,0
1,4,48200,0
1,1,48200,0
1,1,48450,0
1,4,48450,0
1,2,48575,0
1,3,48575,0
1,2,48700,0
1,3,48700,0
2,1,48825,49825
2,4,48825,49325
1,2,48825,0
1,2,48950,0
1,2,49075,0
1,3,49075,0
2,3,49325,49825
1,2,49325,0
1,2,49450,0
1,2,49575,0
1,4,49575,0
1,2,49825,0
1,4,49825,0
1,2,49950,0
1,4,49950,0
1,1,49950,0
1,2,50200,0
1,3,50200,0
1,1,50200,0
1,1,50450,0
1,3,50450,0
1,2,50450,0
1,2,50575,0
1,3,50575,0
1,4,50575,0
1,1,50637,0
1,2,50700,0
1,3,50762,0
2,1,50825,51325
2,2,50825,51075
1,4,50825,0
2,3,51075,51325
1,4,51075,0
1,2,51325,0
1,4,51325,0
1,2,51450,0
1,3,51450,0
2,3,51575,51825
2,1,51575,51825
2,2,51825,52075
2,4,51825,52075
1,1,51950,0
1,3,51950,0
1,1,52075,0
1,3,52075,0
1,1,52325,0
1,2,52325,0
1,3,52325,0
1,4,52325,0
1,4,52575,0
1,3,52637,0
1,2,52700,0
1,1,52700,0
1,1,52825,0
1,2,52825,0
1,2,52950,0
1,1,52950,0
1,3,53075,0
1,1,53075,0
1,2,53075,0
1,1,53325,0
1,2,53325,0
1,3,53450,0
1,4,53450,0
1,1,53575,0
1,2,53575,0
1,1,53825,0
1,2,53825,0
1,3,53825,0
1,3,53950,0
1,4,53950,0
1,1,54075,0
1,2,54075,0
1,1,54325,0
1,2,54325,0
1,4,54325,0
1,4,54575,0
1,3,54575,0
1,1,54575,0
1,2,54637,0
1,3,54700,0
1,4,54762,0
1,2,54825,0
1,1,54825,0
1,3,54825,0
1,1,55075,0
1,3,55075,0
1,4,55075,0
1,1,55325,0
1,2,55325,0
1,4,55325,0
1,2,55575,0
1,4,55575,0
1,1,55575,0
1,4,55825,0
1,1,55825,0
1,3,55825,0
1,2,56075,0
1,4,56075,0
1,3,56075,0
1,2,56325,0
1,4,56325,0
1,1,56325,0
1,1,56575,0
1,2,56575,0
1,3,56575,0
2,1,56825,57325
1,2,56825,0
1,3,56825,0
2,4,56825,57825
2,2,57325,57825
1,3,57325,0
1,1,57825,0
1,3,57825,0
1,2,57950,0
1,3,57950,0
1,1,58200,0
1,2,58200,0
1,4,58200,0
1,2,58450,0
1,3,58450,0
1,4,58450,0
1,1,58575,0
1,2,58575,0
1,3,58575,0
1,4,58637,0
1,3,58700,0
1,2,58762,0
2,1,58825,60825
1,3,58825,0
1,4,58825,0
1,2,59075,0
1,3,59075,0
1,2,59325,0
1,3,59325,0
1,3,59450,0
1,4,59450,0
1,2,59575,0
1,3,59575,0
1,4,59575,0
2,4,59825,60825
1,3,59825,0
1,3,59950,0
1,2,60075,0
1,3,60075,0
1,2,60200,0
1,2,60450,0
1,2,60575,0
1,3,60575,0
2,3,60825,62825
1,1,61075,0
1,2,61075,0
1,2,61325,0
1,4,61325,0
1,2,61450,0
1,4,61450,0
1,1,61575,0
1,2,61575,0
1,4,61575,0
2,2,61825,62825
1,1,61825,0
1,4,61950,0
1,1,62075,0
1,1,62200,0
1,4,62200,0
1,1,62450,0
1,4,62450,0
1,1,62575,0
1,4,62575,0
2,1,62825,64825
1,4,62825,0
1,3,62950,0
1,4,62950,0
1,2,63075,0
1,4,63200,0
1,3,63325,0
1,4,63325,0
1,4,63450,0
1,3,63450,0
1,2,63575,0
1,4,63575,0
1,3,63575,0
2,2,63825,64825
1,4,63825,0
1,4,63950,0
1,3,64075,0
1,4,64075,0
1,3,64200,0
1,3,64450,0
1,3,64575,0
1,4,64575,0
1,4,64700,0
1,3,64700,0
2,4,64825,66825
1,3,64825,0
1,1,64950,0
1,2,64950,0
1,1,65075,0
1,2,65075,0
1,2,65325,0
1,3,65325,0
1,2,65450,0
1,3,65450,0
1,1,65575,0
1,2,65575,0
1,3,65575,0
1,2,65825,0
2,3,65825,66825
1,2,65950,0
1,1,66075,0
1,2,66075,0
1,1,66325,0
1,1,66450,0
1,1,66575,0
1,2,66575,0
1,1,66700,0
1,2,66700,0
2,1,66825,68825
1,2,66825,0
1,2,67075,0
1,3,67075,0
1,2,67325,0
1,3,67325,0
1,3,67450,0
1,4,67450,0
1,2,67575,0
1,3,67575,0
1,4,67575,0
2,4,67825,68825
1,3,67825,0
1,3,67950,0
1,2,68075,0
1,3,68075,0
1,2,68200,0
1,2,68450,0
1,2,68575,0
1,3,68575,0
2,3,68825,70825
1,1,69075,0
1,2,69075,0
1,2,69325,0
1,4,69325,0
1,2,69450,0
1,4,69450,0
1,1,69575,0
1,2,69575,0
1,4,69575,0
2,2,69825,70825
1,1,69825,0
1,1,69950,0
1,4,70075,0
1,1,70075,0
1,4,70200,0
1,4,70450,0
1,1,70575,0
1,4,70575,0
2,1,70825,72825
1,4,70825,0
1,4,70950,0
1,3,71075,0
1,4,71075,0
1,2,71325,0
1,3,71325,0
1,4,71450,0
1,3,71450,0
1,2,71575,0
1,4,71575,0
1,3,71575,0
2,2,71825,72825
1,4,71825,0
1,4,71950,0
1,3,72075,0
1,4,72075,0
1,3,72200,0
1,3,72450,0
1,3,72575,0
1,4,72575,0
1,4,72700,0
1,3,72700,0
2,4,72825,74575
1,1,72950,0
1,2,72950,0
1,1,73075,0
1,2,73075,0
1,2,73325,0
1,3,73325,0
1,2,73450,0
1,3,73450,0
1,1,73575,0
1,2,73575,0
1,3,73575,0
2,3,73825,74575
1,2,73825,0
1,2,73950,0
1,1,74075,0
1,2,74075,0
1,1,74325,0
1,1,74450,0
1,1,74575,0
1,2,74637,0
1,3,74700,0
1,4,74762,0
1,1,74825,0
1,2,74825,0
1,3,74825,0
1,2,75075,0
1,3,75075,0
2,1,75075,76325
1,2,75325,0
1,3,75325,0
1,2,75450,0
1,3,75450,0
1,3,75575,0
1,4,75575,0
1,2,75575,0
1,2,75825,0
1,3,75825,0
1,2,75950,0
1,3,75950,0
1,3,76075,0
1,4,76075,0
1,2,76200,0
1,3,76200,0
2,2,76325,76575
1,3,76325,0
1,4,76325,0
1,4,76575,0
1,1,76575,0
2,3,76575,76825
1,1,76825,0
2,4,76825,77200
1,2,76825,0
1,2,77075,0
1,3,77075,0
2,1,77200,77575
1,2,77325,0
1,3,77325,0
1,3,77450,0
1,4,77450,0
2,2,77575,78325
1,3,77575,0
1,4,77575,0
1,3,77825,0
1,4,77825,0
1,3,77950,0
1,4,77950,0
1,1,78075,0
1,3,78075,0
1,3,78200,0
1,4,78200,0
1,3,78450,0
1,4,78450,0
1,1,78575,0
1,3,78575,0
1,4,78575,0
1,4,78825,0
1,2,78825,0
1,3,78950,0
2,1,78950,79325
1,4,79075,0
1,3,79075,0
1,2,79325,0
1,1,79450,0
1,2,79450,0
1,3,79575,0
1,4,79575,0
1,2,79575,0
2,1,79825,80325
1,2,79825,0
1,3,79825,0
1,2,79950,0
1,3,79950,0
1,3,80075,0
1,4,80075,0
1,2,80200,0
1,3,80200,0
2,4,80325,80825
1,2,80450,0
1,3,80450,0
1,2,80575,0
1,3,80575,0
1,1,80575,0
1,1,80700,0
1,2,80700,0
2,1,80825,82075
1,2,80825,0
1,3,80825,0
1,2,80950,0
1,3,80950,0
1,3,81075,0
1,4,81075,0
1,2,81075,0
2,2,81325,82075
1,3,81325,0
1,3,81450,0
1,3,81575,0
1,4,81575,0
2,3,81825,82075
1,4,81825,0
1,4,81950,0
1,4,82075,0
1,4,82325,0
1,1,82325,0
1,2,82325,0
1,4,82450,0
1,3,82450,0
1,1,82450,0
1,1,82575,0
1,2,82606,0
1,4,82637,0
1,3,82668,0
1,1,82700,0
1,2,82731,0
1,4,82762,0
1,3,82793,0
1,2,82825,0
1,1,82825,0
1,2,83075,0
1,1,83075,0
1,3,83075,0
2,4,83200,83825
1,2,83325,0
1,1,83325,0
1,1,83450,0
1,2,83450,0
1,1,83575,0
1,2,83575,0
1,3,83575,0
1,3,83825,0
1,4,83950,0
1,3,83950,0
1,2,83950,0
1,3,84075,0
1,4,84075,0
1,1,84075,0
1,2,84075,0
1,2,84200,0
1,3,84200,0
2,1,84325,84825
1,2,84450,0
1,3,84450,0
2,2,84575,84825
1,4,84575,0
2,4,84825,85200
1,3,84825,0
1,2,84950,0
1,3,84950,0
1,1,85075,0
1,2,85075,0
1,3,85075,0
2,2,85200,85575
1,1,85325,0
1,3,85325,0
1,3,85450,0
1,1,85450,0
1,4,85575,0
1,3,85575,0
2,1,85575,85950
1,4,85825,0
1,3,85825,0
1,2,85950,0
2,3,85950,86200
1,4,86075,0
1,2,86075,0
1,1,86200,0
1,2,86200,0
1,4,86200,0
1,3,86450,0
1,2,86450,0
1,2,86575,0
1,3,86575,0
1,4,86575,0
1,1,86825,0
1,3,86825,0
1,4,86825,0
1,3,86950,0
1,1,87075,0
1,2,87075,0
1,4,87075,0
1,1,87325,0
1,2,87325,0
1,4,87325,0
1,3,87450,0
1,2,87575,0
1,1,87575,0
1,4,87575,0
1,2,87825,0
1,1,87825,0
1,3,87950,0
1,4,87950,0
1,1,88075,0
1,2,88075,0
1,3,88200,0
1,4,88200,0
1,2,88450,0
1,3,88450,0
1,1,88575,0
1,4,88575,0
1,2,88825,0
1,3,88825,0
1,4,88950,0
1,1,89075,0
1,2,89075,0
1,1,89325,0
1,4,89325,0
1,2,89450,0
1,3,89450,0
1,1,89575,0
1,4,89575,0
1,1,89825,0
1,3,89825,0
1,2,89950,0
1,4,89950,0
1,1,90075,0
1,3,90075,0
1,3,90325,0
1,2,90325,0
1,2,90450,0
1,3,90450,0
1,2,90575,0
1,3,90575,0
1,1,90575,0
1,4,90575,0
1,1,90825,0
1,3,90825,0
1,2,90887,0
1,4,90887,0
1,1,90950,0
1,3,90950,0
1,2,91012,0
1,4,91012,0
1,1,91075,0
1,3,91075,0
1,1,91325,0
1,3,91325,0
1,4,91325,0
1,2,91450,0
1,3,91450,0
1,2,91575,0
1,3,91575,0
1,1,91575,0
1,1,91825,0
1,3,91825,0
1,2,91950,0
1,4,91950,0
1,1,92075,0
1,4,92075,0
1,4,92325,0
1,1,92325,0
1,2,92325,0
1,2,92450,0
1,3,92450,0
1,1,92575,0
1,3,92575,0
1,4,92575,0
1,1,92825,0
1,2,92825,0
1,1,92950,0
1,2,92950,0
1,1,93075,0
1,2,93075,0
1,3,93075,0
1,3,93325,0
1,4,93325,0
1,3,93450,0
1,4,93450,0
1,2,93575,0
1,3,93575,0
1,4,93575,0
1,3,93825,0
1,2,93825,0
1,1,93825,0
1,3,93950,0
1,3,94075,0
1,1,94075,0
1,4,94075,0
1,2,94325,0
1,1,94325,0
1,4,94325,0
1,2,94450,0
1,4,94575,0
1,3,94575,0
1,1,94575,0
1,1,94825,0
1,2,94825,0
1,2,94950,0
1,3,94950,0
1,1,95075,0
1,4,95075,0
1,2,95325,0
1,4,95325,0
1,1,95450,0
1,3,95450,0
1,4,95575,0
1,2,95575,0
1,2,95825,0
1,3,95825,0
1,1,95950,0
1,4,95950,0
1,2,96075,0
1,3,96075,0
1,1,96366,0
1,2,96366,0
1,4,96366,0
1,1,96575,0
1,4,96575,0
1,3,96575,0
1,4,96825,0
1,2,96825,0
2,1,96825,97325
1,2,96950,0
1,3,97075,0
1,2,97200,0
1,4,97325,0
1,3,97325,0
2,2,97325,97825
1,1,97450,0
1,3,97575,0
1,1,97700,0
1,4,97825,0
1,1,97825,0
2,3,97825,98325
1,2,97950,0
1,4,98075,0
1,2,98200,0
1,1,98325,0
1,4,98325,0
1,3,98450,0
1,2,98450,0
1,3,98575,0
1,2,98575,0
1,2,98825,0
2,1,98825,99200
1,3,98950,0
1,2,98950,0
1,2,99075,0
1,3,99200,0
1,2,99200,0
2,4,99200,99575
1,2,99325,0
1,3,99450,0
1,3,99575,0
1,2,99575,0
2,1,99575,99950
1,3,99825,0
1,4,99825,0
1,3,99950,0
2,4,99950,100325
1,2,100075,0
1,3,100075,0
1,1,100325,0
1,3,100325,0
1,4,100575,0
1,2,100575,0
1,1,100575,0
1,2,100825,0
2,1,100825,101200
1,3,100825,0
1,2,100950,0
1,2,101075,0
1,3,101075,0
1,3,101200,0
1,2,101200,0
2,4,101200,101575
1,3,101325,0
1,2,101450,0
1,3,101450,0
1,3,101575,0
1,2,101575,0
1,1,101575,0
1,1,101700,0
1,2,101700,0
1,4,101825,0
1,3,101825,0
1,2,101825,0
1,3,101950,0
1,4,101950,0
1,2,102075,0
1,3,102075,0
1,1,102075,0
1,1,102200,0
1,2,102200,0
1,3,102325,0
1,2,102325,0
1,4,102325,0
1,3,102450,0
1,4,102450,0
1,4,102575,0
1,1,102575,0
1,2,102575,0
1,4,102825,0
1,3,102825,0
1,2,102825,0
1,1,102825,0
1,1,103075,0
1,2,103075,0
1,3,103075,0
1,1,103200,0
1,2,103200,0
1,4,103200,0
1,4,103450,0
1,1,103450,0
1,2,103450,0
1,4,103700,0
1,3,103700,0
1,1,103700,0
1,3,103950,0
1,2,103950,0
1,4,103950,0
1,2,104200,0
1,1,104200,0
1,3,104200,0
1,4,104450,0
1,3,104512,0
1,2,104575,0
1,1,104637,0
1,2,104700,0
1,3,104762,0
1,4,104825,0
1,3,104887,0
1,2,104950,0
1,1,105012,0
1,2,105075,0
1,3,105137,0
1,4,105200,0
1,3,105262,0
1,2,105325,0
1,1,105325,0
1,3,105387,0
1,4,105387,0
1,2,105450,0
1,1,105450,0
1,4,105512,0
1,3,105512,0
1,2,105575,0
1,1,105575,0
1,4,105637,0
1,3,105637,0
1,2,105700,0
1,1,105700,0
1,4,105762,0
1,3,105762,0
2,1,105825,106825
2,2,105825,106825
2,4,106825,107200
1,3,106825,0
2,3,107200,107512
1,1,107200,0
1,2,107200,0
1,1,107533,0
1,4,107533,0
1,3,107700,0
1,2,107700,0
1,4,107825,0
1,3,107825,0
1,1,107825,0
1,3,108075,0
1,2,108075,0
1,1,108075,0
1,4,108325,0
1,3,108325,0
1,2,108325,0
1,1,108575,0
1,2,108575,0
1,3,108700,0
1,4,108700,0
1,2,108825,0
1,1,108825,0
1,4,109075,0
1,3,109075,0
1,4,109200,0
1,3,109200,0
1,2,109450,0
1,1,109450,0
1,1,109575,0
1,2,109575,0
1,4,109825,0
1,3,109825,0
1,2,109825,0
1,3,110075,0
1,2,110075,0
1,1,110075,0
1,4,110325,0
1,3,110325,0
1,2,110325,0
1,1,110575,0
1,2,110606,0
1,4,110637,0
1,3,110668,0
1,1,110700,0
1,2,110731,0
1,4,110762,0
1,3,110793,0
1,1,110825,0
1,2,110825,0
1,3,110950,0
1,4,110950,0
1,2,111075,0
1,4,111075,0
1,3,111075,0
1,4,111325,0
1,2,111325,0
1,1,111325,0
1,3,111450,0
1,4,111575,0
1,3,111575,0
1,2,111575,0
1,2,111825,0
1,1,111825,0
2,4,111825,112825
1,1,112158,0
1,2,112158,0
2,3,112168,112825
1,1,112533,0
2,2,112543,112825
1,1,112825,0
1,4,113075,0
1,3,113075,0
1,2,113075,0
1,1,113075,0
1,2,113325,0
1,4,113575,0
1,3,113575,0
1,2,113700,0
2,1,113700,114075
1,2,113825,0
1,3,113950,0
1,2,113950,0
1,4,114075,0
1,2,114075,0
2,3,114075,114325
1,1,114325,0
1,2,114325,0
1,4,114387,0
1,3,114450,0
1,2,114512,0
1,1,114575,0
1,3,114575,0
1,4,114575,0
1,2,114637,0
1,3,114700,0
1,4,114762,0
2,3,114825,115200
1,1,114825,0
1,2,114825,0
1,1,114950,0
1,2,114950,0
1,1,115075,0
1,2,115075,0
1,4,115075,0
2,2,115200,115575
1,1,115200,0
1,3,115325,0
1,4,115325,0
1,3,115450,0
1,4,115450,0
1,4,115575,0
1,1,115575,0
1,3,115575,0
1,2,115700,0
1,3,115700,0
1,1,115825,0
1,4,115825,0
1,2,115825,0
1,4,116075,0
1,3,116075,0
1,2,116075,0
1,3,116325,0
1,2,116325,0
1,1,116325,0
1,3,116575,0
1,4,116575,0
1,3,116700,0
1,4,116700,0
1,4,116825,0
1,3,116825,0
1,2,116825,0
1,2,117075,0
1,1,117075,0
1,2,117200,0
1,1,117200,0
1,3,117200,0
1,4,117450,0
1,3,117450,0
1,4,117575,0
1,3,117575,0
1,2,117575,0
1,3,117825,0
1,2,117825,0
1,1,117825,0
1,4,118075,0
1,3,118075,0
1,2,118075,0
1,3,118325,0
1,2,118325,0
1,1,118325,0
1,1,118575,0
1,2,118575,0
1,3,118575,0
1,4,118825,0
1,3,118825,0
1,1,118825,0
1,2,118950,0
1,1,119075,0
1,3,119075,0
1,4,119325,0
1,3,119325,0
1,1,119325,0
1,3,119575,0
1,2,119575,0
1,1,119575,0
2,1,119825,120825
1,4,119825,0
1,3,119825,0
1,4,120200,0
1,3,120200,0
2,2,120200,120825
1,4,120575,0
2,3,120575,120825
1,4,120825,0
1,4,121075,0
1,3,121075,0
1,2,121075,0
1,1,121075,0
1,3,121325,0
1,3,121575,0
1,4,121575,0
1,4,121700,0
1,3,121700,0
1,2,121700,0
1,1,122075,0
1,2,122075,0
1,4,122075,0
1,3,122137,0
1,2,122200,0
1,1,122262,0
1,3,122325,0
1,2,122325,0
1,4,122387,0
1,3,122450,0
1,2,122512,0
1,4,122575,0
1,3,122575,0
1,1,122575,0
1,4,122825,0
1,3,122825,0
1,2,122825,0
1,1,122908,0
1,3,122991,0
1,4,123075,0
1,2,123075,0
1,3,123158,0
1,2,123241,0
1,1,123325,0
1,3,123325,0
1,2,123408,0
1,1,123491,0
1,2,123575,0
1,3,123575,0
1,4,123658,0
1,2,123741,0
1,4,123825,0
1,1,123825,0
1,3,123825,0
1,2,123908,0
1,3,123991,0
1,4,124075,0
1,1,124075,0
1,2,124075,0
1,3,124158,0
1,1,124241,0
1,2,124325,0
1,3,124325,0
1,4,124408,0
1,2,124491,0
1,1,124575,0
1,3,124575,0
1,4,124658,0
1,3,124741,0
1,1,124825,0
1,2,124825,0
1,4,124825,0
1,3,124908,0
1,2,124991,0
1,1,125075,0
1,4,125075,0
1,3,125158,0
1,2,125241,0
1,1,125325,0
1,4,125325,0
1,3,125408,0
1,2,125491,0
1,3,125575,0
1,4,125575,0
1,2,125658,0
1,1,125741,0
1,2,125825,0
1,3,125825,0
1,4,125825,0
1,1,125908,0
1,3,125991,0
1,2,126075,0
1,4,126075,0
1,3,126158,0
1,4,126241,0
1,2,126325,0
1,3,126325,0
1,1,126408,0
1,2,126491,0
1,3,126575,0
1,4,126575,0
1,1,126658,0
1,3,126741,0
1,1,126825,0
1,2,126825,0
1,4,126825,0
1,3,126908,0
1,2,126991,0
1,1,127075,0
1,3,127075,0
1,2,127158,0
1,3,127241,0
1,4,127325,0
1,2,127325,0
1,3,127408,0
1,4,127491,0
1,3,127575,0
1,2,127575,0
1,1,127658,0
1,3,127741,0
1,1,127825,0
1,4,127825,0
1,2,127825,0
1,3,127908,0
1,2,127991,0
1,1,128075,0
1,4,128075,0
1,3,128075,0
1,2,128158,0
1,4,128241,0
1,3,128325,0
1,2,128325,0
1,1,128408,0
1,3,128491,0
1,4,128575,0
1,2,128575,0
1,1,128658,0
1,2,128741,0
1,4,128825,0
1,3,128825,0
1,1,128825,0
1,2,128908,0
1,3,128991,0
1,4,129075,0
1,1,129075,0
1,2,129158,0
1,3,129241,0
1,4,129325,0
1,1,129325,0
1,2,129408,0
1,3,129491,0
1,2,129575,0
1,1,129575,0
1,3,129658,0
1,4,129741,0
1,3,129825,0
1,2,129825,0
1,1,129825,0
1,4,129908,0
1,2,129991,0
1,3,130075,0
1,1,130075,0
1,2,130158,0
1,1,130241,0
1,3,130325,0
1,2,130325,0
1,4,130408,0
1,3,130491,0
1,2,130575,0
1,1,130575,0
1,4,130658,0
1,3,130741,0
1,4,130825,0
1,2,130825,0
1,1,130825,0
1,3,130908,0
1,2,130991,0
1,1,131075,0
1,3,131075,0
1,2,131158,0
1,3,131241,0
1,4,131325,0
1,2,131325,0
1,3,131408,0
1,4,131491,0
1,3,131575,0
1,2,131575,0
1,1,131658,0
1,3,131741,0
1,1,131825,0
1,4,131825,0
1,2,131825,0
1,3,131908,0
1,2,131991,0
1,1,132075,0
1,4,132075,0
1,3,132075,0
1,2,132158,0
1,4,132241,0
1,3,132325,0
1,2,132325,0
1,1,132408,0
1,3,132491,0
1,4,132575,0
1,2,132575,0
1,1,132658,0
1,2,132741,0
1,4,132825,0
1,3,132825,0
1,1,132825,0
1,2,132908,0
1,3,132991,0
1,4,133075,0
1,1,133075,0
1,2,133158,0
1,3,133241,0
1,4,133325,0
1,1,133325,0
1,2,133408,0
1,3,133491,0
1,2,133575,0
1,1,133575,0
1,3,133658,0
1,4,133741,0
1,3,133825,0
1,2,133825,0
1,1,133825,0
1,4,133908,0
1,2,133991,0
1,3,134075,0
1,1,134075,0
1,2,134158,0
1,1,134241,0
1,3,134325,0
1,2,134325,0
1,4,134408,0
1,3,134491,0
1,2,134575,0
1,1,134575,0
1,4,134658,0
1,2,134741,0
1,4,134825,0
1,3,134825,0
1,1,134825,0
1,2,134908,0
1,3,134991,0
1,4,135075,0
1,2,135075,0
1,3,135158,0
1,2,135241,0
1,1,135325,0
1,3,135325,0
1,2,135408,0
1,1,135491,0
1,2,135575,0
1,3,135575,0
1,4,135658,0
1,2,135741,0
1,4,135825,0
1,1,135825,0
1,3,135825,0
1,2,135908,0
1,3,135991,0
1,4,136075,0
1,1,136075,0
1,2,136075,0
1,3,136158,0
1,1,136241,0
1,2,136325,0
1,3,136325,0
1,4,136408,0
1,2,136491,0
1,1,136575,0
1,3,136575,0
1,4,136658,0
1,3,136741,0
1,1,136825,0
1,2,136825,0
1,4,136825,0
1,3,136908,0
1,2,136991,0
1,1,137075,0
1,4,137075,0
1,3,137158,0
1,2,137241,0
1,1,137325,0
1,4,137325,0
1,3,137408,0
1,2,137491,0
1,3,137575,0
1,4,137575,0
1,2,137658,0
1,1,137741,0
1,2,137825,0
1,3,137825,0
1,4,137825,0
1,1,137908,0
1,3,137991,0
1,2,138075,0
1,4,138075,0
1,3,138158,0
1,4,138241,0
1,2,138325,0
1,3,138325,0
1,1,138408,0
1,2,138491,0
1,3,138575,0
1,4,138575,0
1,1,138658,0
1,2,138741,0
1,1,138825,0
2,4,138825,146825
2,3,138825,146825
1,2,146825,0
1,3,146950,0
1,2,146950,0
1,3,147075,0
1,2,147075,0
1,4,147075,0
1,1,147075,0
1,4,147325,0
1,3,147325,0
1,2,147450,0
1,1,147450,0
1,4,147575,0
1,3,147575,0
1,2,147825,0
1,1,147825,0
1,3,148075,0
1,2,148075,0
1,4,148325,0
1,3,148325,0
1,4,148575,0
1,3,148606,0
1,1,148637,0
1,2,148668,0
1,4,148700,0
1,3,148731,0
1,1,148762,0
1,2,148793,0
1,4,148825,0
1,3,148825,0
1,3,148950,0
1,2,148950,0
1,1,148950,0
1,4,149200,0
1,3,149200,0
1,1,149200,0
1,1,149450,0
1,2,149450,0
1,4,149450,0
1,4,149575,0
1,3,149575,0
1,1,149575,0
1,3,149825,0
1,2,149825,0
1,1,149825,0
1,4,150075,0
1,3,150075,0
1,2,150075,0
1,1,150325,0
1,2,150325,0
1,4,150325,0
1,1,150575,0
1,2,150606,0
1,4,150637,0
1,3,150668,0
1,1,150700,0
1,2,150731,0
1,4,150762,0
1,3,150793,0
1,2,150825,0
1,1,150825,0
1,2,150950,0
1,1,150950,0
1,2,151075,0
1,1,151075,0
1,4,151325,0
1,1,151325,0
1,3,151325,0
1,4,151450,0
1,3,151450,0
1,4,151575,0
1,1,151575,0
1,2,151575,0
1,4,151825,0
1,2,151825,0
1,1,151950,0
1,3,151950,0
1,2,151950,0
1,1,152075,0
1,2,152075,0
1,4,152075,0
1,3,152200,0
1,1,152200,0
1,4,152200,0
1,4,152450,0
1,1,152450,0
1,3,152575,0
1,2,152575,0
2,4,152825,153825
2,1,152825,153325
1,3,152825,0
1,3,152950,0
1,2,153075,0
1,2,153200,0
2,2,153325,153825
1,3,153325,0
1,3,153450,0
1,3,153575,0
1,1,153575,0
1,3,153825,0
1,1,153825,0
1,3,153950,0
1,1,153950,0
1,4,153950,0
1,3,154200,0
1,2,154200,0
1,4,154200,0
1,4,154450,0
1,2,154450,0
1,3,154450,0
1,4,154575,0
1,3,154606,0
1,1,154637,0
1,2,154668,0
1,4,154700,0
1,3,154731,0
1,1,154762,0
1,2,154793,0
2,4,154825,155325
2,3,154825,155075
2,2,155075,155325
1,1,155075,0
1,3,155325,0
1,1,155325,0
1,3,155450,0
1,2,155450,0
2,2,155575,155825
2,4,155575,155825
2,3,155825,156075
2,1,155825,156075
1,4,155950,0
1,2,155950,0
1,4,156075,0
1,2,156075,0
1,2,156200,0
1,4,156200,0
1,1,156200,0
1,1,156450,0
1,2,156450,0
1,4,156450,0
1,1,156575,0
1,3,156575,0
1,4,156575,0
1,2,156637,0
1,3,156700,0
1,4,156700,0
1,4,156825,0
1,3,156825,0
1,3,156950,0
1,4,156950,0
1,2,157075,0
1,4,157075,0
1,3,157075,0
1,4,157325,0
1,3,157325,0
1,2,157450,0
1,1,157450,0
1,4,157575,0
1,3,157575,0
1,4,157825,0
1,3,157825,0
1,2,157825,0
1,2,157950,0
1,1,157950,0
1,4,158075,0
1,3,158075,0
1,1,158200,0
1,2,158200,0
1,2,158450,0
1,4,158450,0
1,3,158450,0
1,1,158575,0
1,2,158606,0
1,3,158637,0
1,4,158668,0
1,2,158700,0
1,1,158731,0
1,4,158762,0
1,3,158793,0
1,2,158825,0
1,1,158825,0
1,4,158950,0
1,1,158950,0
1,3,158950,0
1,4,159075,0
1,2,159075,0
2,1,159075,159575
1,4,159325,0
1,3,159325,0
1,3,159450,0
1,4,159450,0
1,3,159575,0
1,4,159575,0
1,2,159575,0
1,1,159825,0
1,4,159825,0
1,2,159825,0
1,3,159950,0
1,4,159950,0
1,3,160075,0
1,1,160075,0
1,2,160075,0
1,1,160200,0
1,2,160200,0
1,3,160200,0
1,1,160450,0
1,2,160450,0
1,3,160575,0
1,4,160575,0
1,3,160700,0
1,4,160700,0
2,4,160825,161325
1,2,160825,0
2,1,160825,161825
1,2,160950,0
1,2,161075,0
1,3,161075,0
2,3,161325,161825
1,2,161325,0
1,2,161450,0
1,2,161575,0
1,4,161575,0
1,4,161825,0
1,2,161825,0
1,3,161950,0
1,2,161950,0
1,4,162200,0
1,3,162200,0
1,1,162200,0
1,3,162450,0
1,2,162450,0
1,1,162450,0
1,4,162575,0
1,3,162606,0
1,1,162637,0
1,2,162668,0
1,4,162700,0
1,3,162731,0
1,1,162762,0
1,2,162793,0
2,4,162825,164825
1,3,162825,0
1,3,163075,0
1,2,163075,0
1,3,163325,0
1,2,163325,0
1,2,163450,0
1,1,163450,0
1,3,163575,0
1,2,163575,0
1,1,163575,0
2,1,163825,164825
1,2,163825,0
1,2,163950,0
1,3,164075,0
1,2,164075,0
1,3,164200,0
1,3,164450,0
1,3,164575,0
1,2,164575,0
2,2,164825,166825
1,4,165075,0
1,3,165075,0
1,3,165325,0
1,1,165325,0
1,3,165450,0
1,1,165450,0
1,4,165575,0
1,3,165575,0
1,1,165575,0
2,3,165825,166825
1,4,165825,0
1,1,165950,0
1,4,166075,0
1,4,166200,0
1,1,166200,0
1,4,166450,0
1,1,166450,0
1,4,166575,0
1,1,166575,0
2,4,166825,168825
1,1,166825,0
1,2,166950,0
1,1,166950,0
1,3,167075,0
1,2,167325,0
1,1,167325,0
1,1,167450,0
1,2,167450,0
1,3,167575,0
1,1,167575,0
1,2,167575,0
2,3,167825,168825
1,1,167825,0
1,1,167950,0
1,2,168075,0
1,1,168075,0
1,2,168200,0
1,2,168450,0
1,2,168575,0
1,1,168575,0
1,1,168700,0
1,2,168700,0
2,1,168825,170825
1,2,168825,0
1,4,168950,0
1,3,168950,0
1,4,169075,0
1,3,169075,0
1,3,169325,0
1,2,169325,0
1,3,169450,0
1,2,169450,0
1,4,169575,0
1,3,169575,0
1,2,169575,0
1,3,169825,0
2,2,169825,170825
1,3,169950,0
1,4,170075,0
1,3,170075,0
1,4,170325,0
1,4,170450,0
1,4,170575,0
1,3,170575,0
1,3,170700,0
1,4,170700,0
2,4,170825,172825
1,3,170825,0
1,3,171075,0
1,2,171075,0
1,3,171325,0
1,2,171325,0
1,2,171450,0
1,1,171450,0
1,3,171575,0
1,2,171575,0
1,1,171575,0
2,1,171825,172825
1,2,171825,0
1,2,171950,0
1,3,172075,0
1,2,172075,0
1,3,172200,0
1,3,172450,0
1,3,172575,0
1,2,172575,0
2,2,172825,174825
1,4,173075,0
1,3,173075,0
1,3,173325,0
1,1,173325,0
1,3,173450,0
1,1,173450,0
1,4,173575,0
1,3,173575,0
1,1,173575,0
2,3,173825,174825
1,4,173825,0
1,4,173950,0
1,1,174075,0
1,4,174075,0
1,1,174200,0
1,1,174450,0
1,4,174575,0
1,1,174575,0
2,4,174825,176825
1,1,174825,0
1,1,174950,0
1,2,175075,0
1,1,175075,0
1,3,175325,0
1,2,175325,0
1,1,175450,0
1,2,175450,0
1,3,175575,0
1,1,175575,0
1,2,175575,0
2,3,175825,176825
1,1,175825,0
1,1,175950,0
1,2,176075,0
1,1,176075,0
1,2,176200,0
1,2,176450,0
1,2,176575,0
1,1,176575,0
1,1,176700,0
1,2,176700,0
2,1,176825,178575
1,2,176825,0
1,4,176950,0
1,3,176950,0
1,4,177075,0
1,3,177075,0
1,3,177325,0
1,2,177325,0
1,3,177450,0
1,2,177450,0
1,4,177575,0
1,3,177575,0
1,2,177575,0
2,2,177825,178575
1,3,177825,0
1,3,177950,0
1,4,178075,0
1,3,178075,0
1,4,178325,0
1,4,178450,0
1,4,178575,0
1,3,178606,0
1,1,178637,0
1,2,178668,0
1,4,178700,0
1,3,178731,0
1,1,178762,0
1,2,178793,0
1,4,178825,0
1,3,178825,0
1,3,179075,0
1,2,179075,0
2,4,179075,180325
1,3,179325,0
1,2,179325,0
1,3,179450,0
1,2,179450,0
1,2,179575,0
1,1,179575,0
1,3,179575,0
1,3,179825,0
1,2,179825,0
1,3,179950,0
1,2,179950,0
1,2,180075,0
1,1,180075,0
1,3,180200,0
1,2,180200,0
2,3,180325,180575
1,2,180325,0
1,1,180325,0
1,1,180575,0
1,4,180575,0
2,2,180575,180825
1,4,180825,0
2,1,180825,181200
1,3,180825,0
1,3,181075,0
1,2,181075,0
2,4,181200,181575
1,3,181325,0
1,2,181325,0
1,2,181450,0
1,1,181450,0
2,3,181575,182325
1,2,181575,0
1,1,181575,0
1,2,181825,0
1,1,181825,0
1,2,181950,0
1,1,181950,0
1,4,182075,0
1,2,182075,0
1,2,182200,0
1,1,182200,0
1,2,182450,0
1,1,182450,0
1,4,182575,0
1,2,182575,0
1,1,182575,0
1,1,182700,0
1,3,182700,0
1,4,182700,0
1,1,182825,0
1,2,182825,0
2,4,182825,183325
1,2,182950,0
1,1,183075,0
1,2,183075,0
1,3,183325,0
1,4,183450,0
1,3,183450,0
1,2,183575,0
1,1,183575,0
1,3,183575,0
1,1,183700,0
1,2,183700,0
2,4,183825,184325
1,3,183825,0
1,2,183825,0
1,3,183950,0
1,2,183950,0
1,2,184075,0
1,1,184075,0
1,3,184200,0
1,2,184200,0
2,1,184325,184825
1,3,184450,0
1,2,184450,0
1,3,184575,0
1,2,184575,0
1,4,184575,0
1,4,184700,0
1,3,184700,0
2,4,184825,185825
1,3,184825,0
1,2,184825,0
1,3,184950,0
1,2,184950,0
1,2,185075,0
1,1,185075,0
1,3,185075,0
2,3,185200,185825
1,2,185325,0
1,2,185450,0
1,1,185575,0
2,2,185575,185825
1,1,185825,0
1,1,185950,0
1,2,185950,0
1,1,186075,0
1,2,186075,0
1,3,186075,0
1,1,186325,0
1,3,186325,0
1,4,186325,0
1,1,186450,0
1,2,186450,0
1,3,186450,0
1,1,186575,0
1,2,186606,0
1,4,186637,0
1,3,186668,0
1,1,186700,0
1,2,186731,0
1,4,186762,0
1,3,186793,0
1,2,186825,0
1,1,186825,0
1,3,187075,0
1,4,187075,0
1,2,187075,0
2,1,187200,187825
1,3,187325,0
1,4,187325,0
1,4,187450,0
1,3,187450,0
1,4,187575,0
1,3,187575,0
1,2,187575,0
1,2,187825,0
1,2,187950,0
1,1,187950,0
1,3,187950,0
1,2,188075,0
1,1,188075,0
1,4,188075,0
1,3,188075,0
1,3,188200,0
1,2,188200,0
2,4,188325,188825
1,3,188450,0
1,2,188450,0
1,1,188575,0
2,3,188575,188825
2,1,188825,189200
1,2,188825,0
1,3,188950,0
1,2,188950,0
1,4,189075,0
1,3,189075,0
1,2,189075,0
2,3,189200,189575
1,4,189325,0
1,2,189325,0
1,2,189450,0
1,4,189450,0
1,1,189575,0
1,2,189575,0
2,4,189575,189950
1,1,189825,0
1,2,189825,0
1,3,189950,0
2,2,189950,190200
1,1,190075,0
1,3,190075,0
1,4,190200,0
1,3,190200,0
1,1,190200,0
1,2,190450,0
1,3,190450,0
1,3,190575,0
1,2,190575,0
1,1,190575,0
1,4,190825,0
1,2,190825,0
1,1,190825,0
1,2,190950,0
1,4,191075,0
1,3,191075,0
1,1,191075,0
1,4,191325,0
1,3,191325,0
1,1,191325,0
1,2,191450,0
1,3,191575,0
1,4,191575,0
1,1,191575,0
1,3,191825,0
1,4,191825,0
1,2,191950,0
1,1,191950,0
1,4,192075,0
1,3,192075,0
1,2,192200,0
1,1,192200,0
1,3,192450,0
1,2,192450,0
1,4,192575,0
1,1,192575,0
1,1,192700,0
1,4,192700,0
1,3,192825,0
1,2,192825,0
1,1,192950,0
1,2,192950,0
1,4,193075,0
1,3,193075,0
1,4,193325,0
1,1,193325,0
1,3,193450,0
1,2,193450,0
1,4,193575,0
1,1,193575,0
1,4,193825,0
1,2,193825,0
1,3,193950,0
1,1,193950,0
1,4,194075,0
1,2,194075,0
1,3,194325,0
1,2,194325,0
1,3,194450,0
1,2,194450,0
1,3,194575,0
1,2,194575,0
1,4,194575,0
1,1,194575,0
1,4,194825,0
1,2,194825,0
1,3,194887,0
1,1,194887,0
1,4,194950,0
1,2,194950,0
1,3,195012,0
1,1,195012,0
1,4,195075,0
1,2,195075,0
1,4,195325,0
1,2,195325,0
1,1,195325,0
1,3,195450,0
1,2,195450,0
1,3,195575,0
1,2,195575,0
1,4,195575,0
1,4,195825,0
1,2,195825,0
1,3,195950,0
1,1,195950,0
1,4,196075,0
1,1,196075,0
1,4,196325,0
1,1,196325,0
1,3,196325,0
1,3,196450,0
1,2,196450,0
1,4,196575,0
1,2,196575,0
1,1,196575,0
1,4,196825,0
1,3,196825,0
1,4,196950,0
1,3,196950,0
1,4,197075,0
1,3,197075,0
1,2,197075,0
1,2,197325,0
1,1,197325,0
1,2,197450,0
1,1,197450,0
1,3,197575,0
1,2,197575,0
1,1,197575,0
1,2,197825,0
1,3,197825,0
1,4,197825,0
1,2,197950,0
1,2,198075,0
1,4,198075,0
1,1,198075,0
1,3,198325,0
1,4,198325,0
1,1,198325,0
1,3,198450,0
1,1,198575,0
1,2,198575,0
1,4,198575,0
1,4,198825,0
1,3,198825,0
1,3,198950,0
1,2,198950,0
1,4,199075,0
1,1,199075,0
1,3,199325,0
1,1,199325,0
1,4,199450,0
1,2,199450,0
1,3,199575,0
1,1,199575,0
1,3,199825,0
1,2,199825,0
1,4,199950,0
1,1,199950,0
1,3,200075,0
1,2,200075,0
1,1,200325,0
1,3,200325,0
1,4,200325,0
1,4,200575,0
1,2,200575,0
1,1,200575,0
1,3,200825,0
1,1,200825,0
2,4,200825,201325
1,3,200950,0
1,2,201075,0
1,3,201200,0
1,2,201325,0
1,1,201325,0
2,3,201325,201825
1,4,201450,0
1,2,201575,0
1,4,201700,0
1,4,201825,0
1,1,201825,0
2,2,201825,202325
1,3,201950,0
1,1,202075,0
1,3,202200,0
1,1,202325,0
1,4,202325,0
1,3,202450,0
1,2,202450,0
1,3,202575,0
1,2,202575,0
1,3,202825,0
2,4,202825,203200
1,2,202950,0
1,3,202950,0
1,3,203075,0
1,2,203200,0
1,3,203200,0
2,1,203200,203575
1,3,203325,0
1,2,203450,0
1,3,203575,0
1,2,203575,0
2,4,203575,203950
1,2,203825,0
1,1,203825,0
1,2,203950,0
2,1,203950,204325
1,3,204075,0
1,2,204075,0
1,2,204325,0
1,4,204325,0
1,3,204575,0
1,4,204575,0
1,1,204575,0
1,3,204825,0
2,4,204825,205200
1,2,204825,0
1,1,204825,0
1,1,204950,0
1,1,205075,0
1,2,205075,0
1,3,205075,0
2,1,205200,205575
1,2,205325,0
1,3,205325,0
1,4,205325,0
1,4,205450,0
1,4,205575,0
1,3,205575,0
1,2,205575,0
1,4,205700,0
1,3,205700,0
1,1,205825,0
1,2,205825,0
1,3,205825,0
1,2,205950,0
1,1,205950,0
1,3,206075,0
1,2,206075,0
1,4,206075,0
1,4,206200,0
1,3,206200,0
1,2,206325,0
1,3,206325,0
1,1,206325,0
1,2,206450,0
1,1,206450,0
1,4,206575,0
1,3,206575,0
1,1,206575,0
1,3,206825,0
1,4,206825,0
1,2,206825,0
1,1,206825,0
1,4,207075,0
1,3,207075,0
1,2,207075,0
1,4,207200,0
1,3,207200,0
1,1,207200,0
1,4,207450,0
1,1,207450,0
1,3,207450,0
1,2,207700,0
1,1,207700,0
1,4,207700,0
1,3,207950,0
1,2,207950,0
1,1,207950,0
1,4,208200,0
1,3,208200,0
1,2,208200,0
1,1,208450,0
1,2,208512,0
1,3,208575,0
1,4,208637,0
1,3,208700,0
1,2,208762,0
1,1,208825,0
1,2,208887,0
1,3,208950,0
1,4,209012,0
1,3,209075,0
1,2,209137,0
1,1,209200,0
1,2,209262,0
1,3,209325,0
1,4,209325,0
1,2,209387,0
1,1,209387,0
1,3,209450,0
1,4,209450,0
1,1,209512,0
1,2,209512,0
1,3,209575,0
1,4,209575,0
1,1,209637,0
1,2,209637,0
1,3,209700,0
1,4,209700,0
1,1,209762,0
1,2,209762,0
2,4,209825,210825
2,3,209825,210825
2,1,210825,211200
1,2,210825,0
2,2,211200,211533
1,4,211200,0
1,3,211200,0
1,4,211533,0
1,1,211533,0
1,3,211700,0
1,2,211700,0
1,4,211825,0
1,2,211825,0
1,1,211825,0
1,4,212075,0
1,3,212075,0
1,2,212075,0
1,3,212325,0
1,2,212325,0
1,1,212325,0
1,4,212575,0
1,3,212575,0
1,2,212700,0
1,1,212700,0
1,4,212825,0
1,3,212825,0
1,2,213075,0
1,1,213075,0
1,2,213200,0
1,1,213200,0
1,4,213450,0
1,3,213450,0
1,4,213575,0
1,3,213575,0
1,3,213825,0
1,2,213825,0
1,1,213825,0
1,4,214075,0
1,3,214075,0
1,2,214075,0
1,3,214325,0
1,2,214325,0
1,1,214325,0
1,4,214575,0
1,3,214575,0
1,2,214575,0
1,1,214700,0
1,2,214700,0
1,3,214700,0
1,4,214825,0
1,2,214825,0
1,1,214825,0
1,2,214950,0
1,1,214950,0
1,3,215075,0
1,1,215075,0
1,2,215075,0
1,4,215325,0
1,3,215325,0
1,1,215325,0
1,2,215450,0
1,3,215575,0
1,2,215575,0
1,1,215575,0
2,1,215825,216825
1,2,215825,0
1,2,215950,0
1,2,216075,0
1,3,216075,0
1,4,216200,0
1,3,216200,0
2,2,216200,216825
1,3,216450,0
1,4,216575,0
2,3,216575,216825
1,4,216825,0
1,4,217075,0
1,3,217075,0
1,2,217075,0
1,1,217075,0
1,3,217325,0
1,4,217325,0
1,2,217450,0
1,3,217450,0
1,1,217575,0
1,2,217575,0
1,1,217825,0
1,2,217825,0
1,3,217825,0
1,2,217950,0
1,3,217950,0
1,4,217950,0
1,1,218075,0
1,3,218075,0
1,4,218075,0
1,1,218200,0
1,2,218200,0
1,4,218200,0
1,4,218325,0
1,3,218356,0
1,1,218387,0
1,2,218418,0
1,4,218450,0
1,3,218481,0
1,1,218512,0
1,2,218543,0
1,4,218575,0
1,3,218575,0
1,2,218637,0
1,1,218668,0
1,3,218700,0
1,4,218731,0
1,2,218762,0
1,1,218793,0
2,4,218825,219200
1,3,218825,0
2,3,219200,219575
1,2,219325,0
1,1,219325,0
1,2,219450,0
1,1,219450,0
1,1,219575,0
1,4,219575,0
1,2,219575,0
1,2,219700,0
1,3,219700,0
1,1,219825,0
1,3,219825,0
1,4,219825,0
1,1,220075,0
1,2,220075,0
1,3,220075,0
1,2,220325,0
1,3,220325,0
1,4,220325,0
1,2,220575,0
1,1,220575,0
1,2,220700,0
1,1,220700,0
1,1,220825,0
1,2,220825,0
1,3,220825,0
1,3,221075,0
1,4,221075,0
1,3,221200,0
1,4,221200,0
1,2,221200,0
1,1,221450,0
1,2,221450,0
1,1,221575,0
1,2,221575,0
1,3,221575,0
1,2,221825,0
1,3,221825,0
1,4,221825,0
1,1,222075,0
1,2,222075,0
1,3,222075,0
1,2,222325,0
1,3,222325,0
1,4,222325,0
1,4,222575,0
1,3,222575,0
1,2,222575,0
1,1,222825,0
1,2,222825,0
1,4,222825,0
1,3,222950,0
1,4,223075,0
1,2,223075,0
1,1,223325,0
1,2,223325,0
1,4,223325,0
1,2,223575,0
1,3,223575,0
1,4,223575,0
1,1,223825,0
1,2,223825,0
2,4,223825,224825
1,1,224200,0
1,2,224200,0
2,3,224200,224825
1,1,224575,0
2,2,224575,224825
1,1,224825,0
1,1,225075,0
1,2,225075,0
1,3,225075,0
1,4,225075,0
1,2,225325,0
1,2,225575,0
1,1,225575,0
1,1,225700,0
1,2,225700,0
1,3,225700,0
1,3,226075,0
1,4,226075,0
1,1,226075,0
1,2,226137,0
1,3,226200,0
1,4,226262,0
1,2,226325,0
1,3,226325,0
1,1,226387,0
1,2,226450,0
1,3,226512,0
1,1,226575,0
1,2,226575,0
1,4,226575,0
1,3,226637,0
1,2,226700,0
1,1,226762,0
1,2,226825,0
1,3,226825,0
1,4,226825,0
1,1,226918,0
1,2,226991,0
1,1,227075,0
1,3,227075,0
1,2,227158,0
1,3,227241,0
1,4,227325,0
1,2,227325,0
1,3,227408,0
1,4,227491,0
1,3,227575,0
1,2,227575,0
1,1,227658,0
1,3,227741,0
1,1,227825,0
1,4,227825,0
1,2,227825,0
1,3,227908,0
1,2,227991,0
1,1,228075,0
1,4,228075,0
1,3,228075,0
1,2,228158,0
1,4,228241,0
1,3,228325,0
1,2,228325,0
1,1,228408,0
1,3,228491,0
1,4,228575,0
1,2,228575,0
1,1,228658,0
1,2,228741,0
1,4,228825,0
1,3,228825,0
1,1,228825,0
1,2,228908,0
1,3,228991,0
1,4,229075,0
1,1,229075,0
1,2,229158,0
1,3,229241,0
1,4,229325,0
1,1,229325,0
1,2,229408,0
1,3,229491,0
1,2,229575,0
1,1,229575,0
1,3,229658,0
1,4,229741,0
1,3,229825,0
1,2,229825,0
1,1,229825,0
1,4,229908,0
1,2,229991,0
1,3,230075,0
1,1,230075,0
1,2,230158,0
1,1,230241,0
1,3,230325,0
1,2,230325,0
1,4,230408,0
1,3,230491,0
1,2,230575,0
1,1,230575,0
1,4,230658,0
1,2,230741,0
1,4,230825,0
1,3,230825,0
1,1,230825,0
1,2,230908,0
1,3,230991,0
1,4,231075,0
1,2,231075,0
1,3,231158,0
1,2,231241,0
1,1,231325,0
1,3,231325,0
1,2,231408,0
1,1,231491,0
1,2,231575,0
1,3,231575,0
1,4,231658,0
1,2,231741,0
1,4,231825,0
1,1,231825,0
1,3,231825,0
1,2,231908,0
1,3,231991,0
1,4,232075,0
1,1,232075,0
1,2,232075,0
1,3,232158,0
1,1,232241,0
1,2,232325,0
1,3,232325,0
1,4,232408,0
1,2,232491,0
1,1,232575,0
1,3,232575,0
1,4,232658,0
1,3,232741,0
1,1,232825,0
1,2,232825,0
1,4,232825,0
1,3,232908,0
1,2,232991,0
1,1,233075,0
1,4,233075,0
1,3,233158,0
1,2,233241,0
1,1,233325,0
1,4,233325,0
1,3,233408,0
1,2,233491,0
1,3,233575,0
1,4,233575,0
1,2,233658,0
1,1,233741,0
1,2,233825,0
1,3,233825,0
1,4,233825,0
1,1,233908,0
1,3,233991,0
1,2,234075,0
1,4,234075,0
1,3,234158,0
1,4,234241,0
1,2,234325,0
1,3,234325,0
1,1,234408,0
1,2,234491,0
1,3,234575,0
1,4,234575,0
1,1,234658,0
1,2,234741,0
1,1,234825,0
1,3,234825,0
1,4,234825,0
1,2,234908,0
1,3,234991,0
1,4,235075,0
1,2,235075,0
1,3,235158,0
1,2,235241,0
1,1,235325,0
1,3,235325,0
1,2,235408,0
1,1,235491,0
1,2,235575,0
1,3,235575,0
1,4,235658,0
1,2,235741,0
1,4,235825,0
1,1,235825,0
1,3,235825,0
1,2,235908,0
1,3,235991,0
1,4,236075,0
1,1,236075,0
1,2,236075,0
1,3,236158,0
1,1,236241,0
1,2,236325,0
1,3,236325,0
1,4,236408,0
1,2,236491,0
1,1,236575,0
1,3,236575,0
1,4,236658,0
1,3,236741,0
1,1,236825,0
1,2,236825,0
1,4,236825,0
1,3,236908,0
1,2,236991,0
1,1,237075,0
1,4,237075,0
1,3,237158,0
1,2,237241,0
1,1,237325,0
1,4,237325,0
1,3,237408,0
1,2,237491,0
1,3,237575,0
1,4,237575,0
1,2,237658,0
1,1,237741,0
1,2,237825,0
1,3,237825,0
1,4,237825,0
1,1,237908,0
1,3,237991,0
1,2,238075,0
1,4,238075,0
1,3,238158,0
1,4,238241,0
1,2,238325,0
1,3,238325,0
1,1,238408,0
1,2,238491,0
1,3,238575,0
1,4,238575,0
1,1,238658,0
1,3,238741,0
1,1,238825,0
1,2,238825,0
1,4,238825,0
1,3,238908,0
1,2,238991,0
1,1,239075,0
1,3,239075,0
1,2,239158,0
1,3,239241,0
1,4,239325,0
1,2,239325,0
1,3,239408,0
1,4,239491,0
1,3,239575,0
1,2,239575,0
1,1,239658,0
1,3,239741,0
1,1,239825,0
1,4,239825,0
1,2,239825,0
1,3,239908,0
1,2,239991,0
1,1,240075,0
1,4,240075,0
1,3,240075,0
1,2,240158,0
1,4,240241,0
1,3,240325,0
1,2,240325,0
1,1,240408,0
1,3,240491,0
1,4,240575,0
1,2,240575,0
1,1,240658,0
1,2,240741,0
1,4,240825,0
1,3,240825,0
1,1,240825,0
1,2,240908,0
1,3,240991,0
1,4,241075,0
1,1,241075,0
1,2,241158,0
1,3,241241,0
1,4,241325,0
1,1,241325,0
1,2,241408,0
1,3,241491,0
1,2,241575,0
1,1,241575,0
1,3,241658,0
1,4,241741,0
1,3,241825,0
1,2,241825,0
1,1,241825,0
1,4,241908,0
1,2,241991,0
1,3,242075,0
1,1,242075,0
1,2,242158,0
1,1,242241,0
1,2,242325,0
1,1,242408,0
1,2,242491,0
1,1,242575,0
1,3,242575,0
1,2,242658,0
1,3,242741,0
1,1,242825,0
1,2,242825,0
1,4,242825,0
1,3,242908,0
1,2,242991,0
1,1,243075,0
1,3,243075,0
1,2,243158,0
1,1,243241,0
1,2,243325,0
1,1,243408,0
1,2,243491,0
1,3,243575,0
1,1,243575,0
1,2,243658,0
1,3,243741,0
1,1,243825,0
1,4,243825,0
1,2,243825,0
1,3,243908,0
1,4,243991,0
1,2,244075,0
1,3,244075,0
1,1,244158,0
1,2,244241,0
1,1,244325,0
1,2,244408,0
1,3,244491,0
1,4,244575,0
1,2,244575,0
1,3,244658,0
1,2,244741,0
1,3,244825,0
1,4,244825,0
1,1,244825,0
1,2,244908,0
1,1,244991,0
1,3,245075,0
1,2,245075,0
1,4,245158,0
1,3,245241,0
1,4,245325,0
1,3,245408,0
1,4,245491,0
1,2,245575,0
1,3,245575,0
1,1,245658,0
1,2,245741,0
1,1,245825,0
1,4,245825,0
1,3,245825,0
1,2,245908,0
1,3,245991,0
1,4,246075,0
1,2,246075,0
1,3,246158,0
1,4,246241,0
1,3,246325,0
1,4,246408,0
1,3,246491,0
1,4,246575,0
1,2,246575,0
1,3,246658,0
1,2,246741,0
1,4,246825,0
1,1,246825,0
1,3,246825,0
1,2,246908,0
1,3,246991,0
1,2,247075,0
1,4,247075,0
1,3,247158,0
1,4,247241,0
1,3,247325,0
1,4,247408,0
1,3,247491,0
1,4,247575,0
1,2,247575,0
1,3,247658,0
1,2,247741,0
1,3,247825,0
1,4,247825,0
1,1,247825,0
1,2,247908,0
1,3,247991,0
1,4,248075,0
1,2,248075,0
1,3,248158,0
1,2,248241,0
1,1,248325,0
1,2,248408,0
1,3,248491,0
1,2,248575,0
1,4,248575,0
1,3,248658,0
1,4,248741,0
1,1,248825,0
1,2,248825,0
1,3,248825,0
1,3,248908,0
1,2,248991,0
1,1,249075,0
1,3,249075,0
1,2,249158,0
1,1,249241,0
1,2,249325,0
1,1,249408,0
1,2,249491,0
1,1,249575,0
1,3,249575,0
1,2,249658,0
1,3,249741,0
1,1,249825,0
1,2,249825,0
1,4,249825,0
1,3,249908,0
1,4,249991,0
1,2,250075,0
1,3,250075,0
1,1,250158,0
1,2,250241,0
1,1,250325,0
1,2,250408,0
1,1,250491,0
1,3,250575,0
1,4,250575,0
1,2,250575,0
1,1,250658,0
1,2,250741,0
1,3,250825,0
1,4,250825,0
1,2,250908,0
1,1,250991,0
1,2,251075,0
1,3,251158,0
1,4,251241,0
1,2,251325,0
1,3,251325,0
1,1,251408,0
1,2,251491,0
1,3,251575,0
1,1,251575,0
1,4,251575,0
1,2,251658,0
1,3,251741,0
1,2,251825,0
1,4,251825,0
1,3,251908,0
1,2,251991,0
1,1,252075,0
1,2,252158,0
1,1,252241,0
1,2,252325,0
1,3,252325,0
1,4,252408,0
1,3,252491,0
1,1,252575,0
1,4,252575,0
1,2,252575,0
1,2,252658,0
1,3,252741,0
1,2,252825,0
1,4,252825,0
1,3,252908,0
1,4,252991,0
1,3,253075,0
1,4,253158,0
1,3,253241,0
1,2,253325,0
1,4,253325,0
1,3,253408,0
1,2,253491,0
1,1,253575,0
1,3,253575,0
1,4,253575,0
1,2,253658,0
1,1,253741,0
1,2,253825,0
1,3,253825,0
1,4,253908,0
1,3,253991,0
1,4,254075,0
1,3,254158,0
1,4,254241,0
1,2,254325,0
1,3,254325,0
1,1,254408,0
1,2,254491,0
1,1,254575,0
1,3,254575,0
1,4,254575,0
1,2,254658,0
1,3,254741,0
1,2,254825,0
1,4,254825,0
1,3,254908,0
1,2,254991,0
1,1,255075,0
1,2,255158,0
1,1,255241,0
1,2,255325,0
1,3,255325,0
1,4,255408,0
1,3,255491,0
1,1,255575,0
1,4,255575,0
1,2,255575,0
1,3,255658,0
1,2,255741,0
1,1,255825,0
1,3,255825,0
1,2,255908,0
1,3,255991,0
1,4,256075,0
1,3,256158,0
1,2,256241,0
1,1,256325,0
1,3,256325,0
1,2,256408,0
1,1,256491,0
1,3,256575,0
1,4,256575,0
1,2,256575,0
1,1,256658,0
1,2,256741,0
1,3,256825,0
1,4,256825,0
1,2,256908,0
1,1,256991,0
1,2,257075,0
1,1,257158,0
1,2,257241,0
1,4,257325,0
1,3,257325,0
1,2,257408,0
1,3,257491,0
1,1,257575,0
1,2,257575,0
1,4,257575,0
1,3,257658,0
1,4,257741,0
1,2,257825,0
1,3,257825,0
1,1,257908,0
1,2,257991,0
1,3,258075,0
1,2,258158,0
1,1,258241,0
1,2,258325,0
1,3,258325,0
1,4,258408,0
1,3,258491,0
1,1,258575,0
1,2,258575,0
1,4,258575,0
1,3,258658,0
1,2,258741,0
2,4,258825,259825
1,1,258825,0
1,3,258825,0
2,3,259325,259825
1,1,259325,0
1,2,259325,0
2,1,259825,260825
1,2,259825,0
2,2,260325,260825
1,3,260325,0
1,4,260325,0
2,3,260825,262825
1,4,260825,0
2,4,261325,262825
1,1,261325,0
1,2,261325,0
2,1,261825,262825
1,2,261825,0
2,2,262325,262825
1,3,263075,0
1,4,263075,0
1,1,263325,0
1,2,263325,0
1,3,263575,0
1,4,263575,0
1,1,263825,0
1,2,263825,0
1,3,263825,0
1,2,264075,0
1,3,264075,0
1,4,264075,0
1,1,264325,0
1,2,264325,0
1,3,264325,0
1,2,264575,0
1,3,264575,0
1,4,264575,0
1,1,264825,0
1,2,264825,0
1,4,264825,0
1,1,265075,0
1,3,265075,0
1,4,265075,0
1,1,265293,0
1,2,265293,0
1,4,265293,0
1,1,265575,0
1,2,265575,0
1,4,265575,0
1,1,265825,0
1,2,265825,0
1,3,265825,0
1,2,266075,0
1,3,266075,0
1,4,266075,0
1,1,266325,0
1,4,266325,0
1,3,266325,0
1,2,266387,0
1,3,266450,0
1,4,266512,0
1,3,266575,0
1,2,266575,0
1,1,266575,0
1,4,266637,0
1,3,266700,0
1,2,266762,0
1,1,266825,0
1,3,266825,0
1,4,266825,0
1,3,266950,0
1,4,266950,0
1,1,267075,0
1,2,267075,0
1,3,267200,0
1,4,267200,0
1,1,267325,0
1,2,267325,0
1,3,267450,0
1,4,267450,0
1,1,267575,0
1,2,267575,0
1,3,267700,0
1,4,267700,0
1,1,267825,0
1,2,267825,0
1,3,267950,0
1,4,267950,0
1,1,268075,0
1,2,268075,0
1,3,268200,0
1,4,268200,0
1,1,268325,0
1,2,268325,0
1,3,268450,0
1,4,268450,0
1,1,268575,0
1,2,268575,0
1,3,268700,0
1,4,268700,0
1,1,268825,0
1,3,268825,0
1,2,268950,0
1,4,268950,0
1,1,269075,0
1,3,269075,0
1,2,269200,0
1,4,269200,0
1,1,269325,0
1,3,269325,0
1,2,269450,0
1,4,269450,0
1,1,269575,0
1,3,269575,0
1,2,269700,0
1,4,269700,0
1,2,269825,0
1,3,269825,0
1,1,269950,0
1,4,269950,0
1,2,270075,0
1,3,270075,0
1,1,270200,0
1,4,270200,0
1,2,270325,0
1,3,270325,0
1,1,270450,0
1,4,270450,0
1,2,270575,0
1,3,270575,0
1,1,270700,0
1,4,270700,0
1,1,270825,0
1,2,270825,0
1,2,270950,0
1,3,270950,0
1,3,271075,0
1,4,271075,0
1,2,271200,0
1,3,271200,0
1,1,271325,0
1,2,271325,0
1,2,271450,0
1,3,271450,0
1,4,271575,0
1,3,271575,0
1,2,271700,0
1,3,271700,0
1,1,271825,0
1,2,271825,0
1,2,271950,0
1,3,271950,0
1,3,272075,0
1,4,272075,0
1,2,272200,0
1,3,272200,0
1,1,272325,0
1,2,272325,0
1,2,272450,0
1,3,272450,0
1,3,272575,0
1,4,272575,0
1,2,272700,0
1,3,272700,0
1,2,272825,0
1,1,272825,0
1,3,272887,0
1,4,272887,0
1,2,272950,0
1,1,272950,0
1,3,273012,0
1,4,273012,0
1,2,273075,0
1,1,273075,0
1,3,273137,0
1,4,273137,0
1,2,273200,0
1,1,273200,0
1,3,273262,0
1,4,273262,0
1,2,273325,0
1,1,273325,0
1,3,273387,0
1,4,273387,0
1,2,273450,0
1,1,273450,0
1,3,273512,0
1,4,273512,0
1,2,273575,0
1,1,273575,0
1,3,273637,0
1,4,273637,0
1,2,273700,0
1,1,273700,0
1,3,273762,0
1,4,273762,0
1,1,273825,0
1,2,273840,0
1,3,273887,0
1,4,273903,0
1,1,273950,0
1,2,273965,0
1,3,274012,0
1,4,274028,0
1,2,274075,0
1,1,274090,0
1,4,274137,0
1,3,274153,0
1,2,274200,0
1,1,274215,0
1,4,274262,0
1,3,274278,0
1,2,274325,0
1,1,274340,0
1,3,274387,0
1,4,274403,0
1,2,274450,0
1,1,274465,0
1,3,274512,0
1,4,274528,0
1,1,274575,0
1,2,274590,0
1,4,274637,0
1,3,274653,0
1,1,274700,0
1,2,274715,0
1,4,274762,0
1,3,274778,0
2,1,274825,279325
2,2,274825,279325
