2,1,12867,13267
1,3,12867,0
1,4,12867,0
1,2,13267,0
1,1,13667,0
1,1,13867,0
1,3,14067,0
1,3,14267,0
1,2,14467,0
1,4,14767,0
1,3,15067,0
1,3,15267,0
1,3,15667,0
1,2,16067,0
1,3,16467,0
1,2,16867,0
1,2,17067,0
1,4,17267,0
1,4,17467,0
1,1,17667,0
1,3,17967,0
1,2,18267,0
1,2,18467,0
1,2,18867,0
1,4,19267,0
1,2,19667,0
1,3,20067,0
1,3,20267,0
1,1,20467,0
1,1,20667,0
1,3,20867,0
1,2,21167,0
1,4,21467,0
1,4,21667,0
1,4,22067,0
1,1,22467,0
1,3,22867,0
1,2,23267,0
1,2,23467,0
1,3,23667,0
1,3,23867,0
1,1,24067,0
1,2,24367,0
1,4,24667,0
1,2,24867,0
1,4,24867,0
1,3,25167,0
1,1,25267,0
1,1,25467,0
1,2,25667,0
1,3,25667,0
2,4,25667,26067
1,2,26067,0
2,3,26067,26467
2,4,26467,26867
1,1,26867,0
1,2,26867,0
1,2,27067,0
1,4,27267,0
1,1,27467,0
1,3,27667,0
1,4,27667,0
1,3,27867,0
2,2,28067,28467
1,3,28467,0
1,4,28467,0
1,1,28667,0
2,2,28867,29267
1,3,29267,0
1,4,29267,0
1,3,29467,0
2,2,29667,30067
1,3,30067,0
1,4,30067,0
1,2,30267,0
1,3,30467,0
1,3,30667,0
1,1,30867,0
1,2,30867,0
1,2,31067,0
2,3,31267,31667
1,1,31667,0
1,2,31667,0
1,4,31867,0
2,3,32067,32267
2,2,32467,32667
1,4,32467,0
2,3,32867,33267
1,1,33267,0
1,2,33267,0
1,2,33467,0
1,4,33667,0
1,4,33867,0
2,2,34067,34467
1,3,34067,0
2,1,34467,34867
1,3,34867,0
1,4,34867,0
1,1,35267,0
1,2,35467,0
1,1,35667,0
1,3,35867,0
2,2,36067,36467
2,3,36467,36867
1,2,36867,0
1,4,36867,0
1,2,37067,0
1,1,37267,0
1,3,37267,0
1,3,37467,0
1,1,37667,0
2,2,37667,38067
1,4,37667,0
1,3,38067,0
1,1,38467,0
2,2,38467,38867
1,4,38467,0
1,3,38867,0
1,4,38867,0
1,1,39267,0
1,3,39267,0
1,3,39467,0
1,2,39667,0
1,4,39667,0
1,1,39867,0
1,1,40067,0
2,2,40067,40467
1,1,40467,0
1,3,40467,0
1,4,40667,0
1,2,40867,0
2,4,40867,41267
1,1,41267,0
1,2,41467,0
2,2,41667,42067
1,3,41667,0
1,1,42067,0
2,3,42067,42467
2,1,42467,42867
1,4,42467,0
2,2,42867,43267
1,3,42867,0
1,1,43267,0
2,4,43267,43667
1,1,43667,0
2,3,43667,43867
2,2,43867,44067
2,1,44067,44467
1,4,44067,0
1,2,44467,0
1,3,44467,0
1,2,44867,0
2,4,44867,45267
1,1,45267,0
1,3,45267,0
1,1,45667,0
1,2,45667,0
1,2,45867,0
1,3,46067,0
1,4,46067,0
1,1,46267,0
2,1,46467,46867
1,4,46467,0
1,3,46867,0
1,4,46867,0
1,2,47067,0
1,1,47267,0
2,3,47267,47667
1,2,47667,0
1,4,47667,0
1,3,47867,0
2,1,48067,48467
1,3,48067,0
2,2,48467,48867
1,4,48467,0
1,1,48867,0
2,3,48867,49267
2,2,49267,49667
1,4,49267,0
1,3,49667,0
2,4,49667,50067
2,1,50067,50467
1,2,50067,0
2,3,50467,50867
1,4,50467,0
1,1,50667,0
1,2,50867,0
1,3,51067,0
2,2,51267,51467
1,4,51267,0
2,1,51467,51667
1,4,51667,0
2,4,51867,52267
2,3,52267,52667
1,2,52667,0
1,2,52867,0
1,3,53067,0
2,3,53267,53667
1,2,53667,0
1,3,54067,0
1,2,54267,0
2,3,54467,54667
1,4,54467,0
2,2,54667,54867
2,1,54867,55067
2,3,55067,55467
2,4,55467,55667
2,2,55667,55867
2,3,55867,56467
1,1,56067,0
1,2,56067,0
1,2,56467,0
1,4,56467,0
1,1,56867,0
1,4,56867,0
1,2,57267,0
1,3,57267,0
1,3,57667,0
1,4,57667,0
1,3,57867,0
1,1,58067,0
1,2,58067,0
1,2,58267,0
2,3,58467,58867
1,4,58467,0
1,1,58867,0
2,2,58867,59267
1,1,59267,0
1,3,59267,0
2,4,59267,59667
1,1,59667,0
1,2,59667,0
1,3,59867,0
1,2,60067,0
1,3,60067,0
2,1,60467,60667
1,4,60467,0
2,2,60667,60867
2,3,60867,61267
1,4,60867,0
1,1,61267,0
1,4,61267,0
1,2,61467,0
1,2,61667,0
1,4,61667,0
1,1,62067,0
2,3,62067,62267
2,2,62267,62467
2,1,62467,62867
1,4,62467,0
2,2,62867,63267
1,3,62867,0
1,1,63267,0
2,3,63267,63667
2,2,63667,64067
1,4,63667,0
1,1,64067,0
2,4,64067,64467
1,1,64467,0
2,3,64467,64667
2,2,64667,64867
2,3,64867,65267
1,4,64867,0
1,4,65067,0
1,1,65267,0
1,2,65267,0
1,3,65467,0
1,1,65667,0
1,2,65667,0
2,4,65667,66067
1,1,66067,0
1,3,66067,0
1,2,66267,0
2,3,66467,66867
1,4,66467,0
1,1,66867,0
2,2,66867,67067
2,3,67067,67267
1,2,67267,0
2,4,67267,67667
1,1,67667,0
1,3,67667,0
1,2,67867,0
1,2,68067,0
1,4,68067,0
1,1,68467,0
1,3,68467,0
1,2,68667,0
2,3,68867,69267
1,4,68867,0
1,1,69267,0
2,2,69267,69667
1,1,69667,0
2,4,69667,70067
1,2,70067,0
2,3,70067,70467
2,2,70467,70867
1,4,70467,0
1,1,70667,0
2,3,70867,71067
1,4,70867,0
1,1,71067,0
1,1,71267,0
1,3,71267,0
1,3,71467,0
1,2,71667,0
1,4,71867,0
1,1,72067,0
1,2,72067,0
2,3,72067,72467
1,1,72467,0
1,2,72467,0
1,4,72667,0
1,2,72867,0
1,4,72867,0
1,1,73267,0
2,2,73267,73467
2,3,73467,73667
1,2,73667,0
2,4,73667,74267
1,1,74067,0
1,2,74067,0
1,3,74267,0
1,1,74467,0
1,3,74467,0
1,1,74867,0
2,3,74867,75067
2,2,75067,75267
2,1,75267,75667
1,4,75267,0
2,2,75667,76067
1,3,75667,0
1,1,76067,0
2,3,76067,76467
2,2,76467,76867
1,4,76467,0
1,1,76867,0
2,4,76867,77467
1,1,77267,0
1,2,77267,0
2,3,77467,77667
2,2,77667,78067
1,4,77667,0
1,4,77867,0
1,1,78067,0
1,3,78067,0
1,2,78267,0
2,1,78467,78767
1,3,78467,0
1,4,78467,0
1,2,78767,0
1,3,78867,0
1,4,78867,0
1,1,79067,0
1,1,79267,0
1,3,79267,0
1,2,79667,0
1,4,79667,0
1,4,79867,0
1,1,80067,0
2,3,80067,80367
1,2,80367,0
1,1,80467,0
1,4,80467,0
1,3,80667,0
1,1,80867,0
2,2,80867,81167
1,3,81167,0
1,1,81267,0
1,4,81267,0
1,2,81467,0
2,3,81667,81967
1,4,81667,0
1,2,81967,0
1,1,82067,0
1,4,82067,0
1,3,82267,0
1,1,82467,0
2,2,82667,82867
1,1,82867,0
2,3,82867,83067
2,4,83067,83267
1,1,83267,0
1,3,83267,0
1,1,83467,0
1,2,83667,0
1,4,83667,0
1,4,83867,0
1,2,84067,0
1,3,84067,0
1,2,84267,0
1,3,84467,0
1,4,84467,0
1,3,84667,0
1,1,84867,0
1,2,84867,0
1,4,84867,0
1,2,85267,0
1,1,85667,0
1,4,85867,0
1,2,86067,0
1,4,86267,0
1,3,86467,0
1,2,87867,0
1,3,87967,0
1,4,88067,0
1,2,88467,0
1,1,88867,0
1,2,89067,0
1,3,89267,0
1,1,89467,0
1,3,89667,0
1,2,91267,0
1,1,91667,0
1,2,92067,0
1,4,92267,0
1,3,92467,0
1,4,92667,0
1,1,92867,0
1,1,94267,0
1,2,94367,0
1,3,94467,0
1,2,94867,0
1,1,95267,0
1,2,95467,0
1,4,95667,0
1,2,95867,0
1,4,96067,0
1,2,96867,0
1,3,97067,0
1,4,97167,0
1,1,97267,0
1,2,97467,0
2,1,97667,98067
1,3,97667,0
1,4,97667,0
1,2,98067,0
2,3,98067,98467
2,4,98467,98867
1,1,98867,0
1,3,98867,0
1,3,99067,0
1,2,99267,0
1,4,99467,0
1,1,99667,0
1,2,99667,0
1,2,99867,0
2,3,100067,100467
1,1,100467,0
1,2,100467,0
1,2,100667,0
2,3,100867,101267
1,1,101267,0
1,4,101267,0
1,3,101467,0
2,2,101667,102067
1,3,102067,0
1,4,102067,0
1,3,102267,0
1,1,102467,0
1,2,102667,0
1,1,102867,0
1,4,102867,0
1,3,103067,0
2,2,103267,103667
1,1,103667,0
1,3,103667,0
1,2,103867,0
1,3,103967,0
2,4,104067,104267
1,1,104467,0
2,4,104467,104667
2,3,104867,105267
1,1,105267,0
1,2,105267,0
1,2,105467,0
1,4,105667,0
1,4,105867,0
1,1,106067,0
1,3,106067,0
1,1,106267,0
2,3,106467,106867
1,2,106867,0
1,4,106867,0
1,1,107267,0
1,2,107467,0
1,3,107667,0
1,4,107867,0
2,2,108067,108467
2,3,108467,108867
1,2,108867,0
1,2,109067,0
1,3,109267,0
1,1,109667,0
2,2,109667,110067
1,1,110467,0
2,3,110467,110867
1,4,110467,0
1,2,110867,0
1,4,110867,0
1,1,111267,0
1,2,111267,0
1,2,111467,0
1,3,111667,0
1,4,111667,0
1,1,111867,0
1,1,112067,0
2,2,112067,112467
1,1,112467,0
1,3,112467,0
1,4,112667,0
2,2,112867,113267
1,4,112867,0
1,3,113267,0
1,2,113467,0
2,1,113667,114067
1,4,113667,0
1,2,114067,0
2,3,114067,114467
1,1,114467,0
2,4,114467,114867
2,2,114867,115267
1,3,114867,0
1,1,115267,0
2,4,115267,115667
1,1,115667,0
2,3,115667,115867
2,2,115867,116067
2,1,116067,116467
1,4,116067,0
1,2,116467,0
1,3,116467,0
1,1,116867,0
2,3,116867,117267
1,2,117267,0
1,4,117267,0
1,3,117667,0
1,4,117667,0
1,3,117867,0
1,1,118067,0
1,4,118067,0
1,2,118267,0
2,2,118467,118867
1,4,118467,0
1,3,118867,0
1,4,118867,0
1,2,119067,0
2,1,119267,119667
1,3,119267,0
1,2,119667,0
1,4,119667,0
1,3,119867,0
2,1,120067,120467
1,3,120067,0
2,2,120467,120867
1,4,120467,0
1,1,120867,0
2,3,120867,121267
2,2,121267,121667
1,4,121267,0
1,3,121667,0
2,4,121667,122067
1,1,122067,0
2,2,122067,122467
1,1,122467,0
2,3,122467,122867
1,4,122667,0
1,2,122867,0
1,3,123067,0
1,1,123267,0
2,2,123267,123467
2,3,123467,123667
1,4,123667,0
2,4,123867,124267
2,2,124267,124667
1,3,124667,0
1,3,124867,0
1,2,125067,0
2,2,125267,125667
1,4,125667,0
1,2,126067,0
1,1,126267,0
2,2,126467,126667
1,4,126467,0
2,3,126667,126867
2,1,126867,127067
2,2,127067,127467
2,4,127467,127667
2,2,127667,127867
2,3,127867,128467
1,1,128067,0
1,2,128067,0
1,2,128467,0
1,4,128467,0
1,1,128867,0
1,4,128867,0
1,2,129267,0
1,3,129267,0
1,3,129667,0
1,4,129667,0
1,3,129867,0
1,1,130067,0
1,2,130067,0
1,2,130267,0
2,3,130467,130867
1,4,130467,0
1,1,130867,0
2,2,130867,131267
1,1,131267,0
1,3,131267,0
2,4,131267,131667
1,1,131667,0
1,3,131667,0
1,2,131867,0
1,2,132067,0
1,3,132067,0
2,1,132467,132667
1,3,132467,0
2,2,132667,132867
2,3,132867,133267
1,4,132867,0
1,1,133267,0
1,4,133267,0
1,3,133467,0
1,2,133667,0
1,3,133667,0
1,2,134067,0
2,4,134067,134267
2,3,134267,134467
1,1,134467,0
2,2,134467,134867
2,3,134867,135267
1,4,134867,0
1,1,135267,0
2,2,135267,135667
2,3,135667,136067
1,4,135667,0
1,1,136067,0
2,4,136067,136467
1,1,136467,0
2,3,136467,136667
2,2,136667,136867
2,3,136867,137267
1,4,136867,0
1,1,137067,0
1,1,137267,0
1,2,137267,0
1,3,137467,0
1,1,137667,0
1,2,137667,0
2,4,137667,138067
1,1,138067,0
1,3,138067,0
1,2,138267,0
2,2,138467,138867
1,4,138467,0
1,1,138867,0
2,4,138867,139067
2,3,139067,139267
2,2,139267,139667
1,4,139267,0
1,1,139667,0
1,4,139667,0
1,3,139867,0
1,2,140067,0
1,3,140067,0
1,1,140467,0
1,3,140467,0
1,2,140667,0
2,3,140867,141267
1,4,140867,0
1,1,141267,0
2,2,141267,141667
1,3,141667,0
2,4,141667,142067
1,2,142067,0
2,3,142067,142467
1,1,142467,0
2,2,142467,142867
1,4,142667,0
2,3,142867,143067
1,4,142867,0
1,2,143067,0
1,1,143267,0
1,3,143267,0
1,1,143467,0
1,3,143667,0
1,2,143867,0
1,1,144067,0
2,3,144067,144467
1,4,144067,0
1,1,144467,0
1,2,144467,0
1,4,144667,0
1,2,144867,0
1,4,144867,0
1,1,145267,0
2,2,145267,145467
2,3,145467,145667
2,1,145667,146267
1,4,145667,0
1,3,146067,0
1,4,146067,0
1,2,146267,0
1,1,146467,0
1,2,146467,0
1,1,146867,0
2,3,146867,147067
2,2,147067,147267
2,1,147267,147667
1,4,147267,0
2,2,147667,148067
1,3,147667,0
2,3,148067,148467
1,4,148067,0
1,1,148467,0
2,2,148467,148867
1,3,148867,0
2,4,148867,149467
1,1,149267,0
1,2,149267,0
2,3,149467,149667
2,2,149667,150067
1,4,149667,0
1,4,149867,0
1,1,150067,0
1,3,150067,0
1,2,150267,0
1,1,150467,0
1,3,150467,0
2,4,150467,150767
1,3,150767,0
1,1,150867,0
1,2,150867,0
1,4,151067,0
1,2,151267,0
1,3,151267,0
1,1,151667,0
1,3,151667,0
1,4,151867,0
2,1,152067,152367
1,3,152067,0
1,2,152367,0
1,3,152467,0
1,4,152467,0
1,1,152667,0
2,2,152867,153167
1,4,152867,0
1,3,153167,0
1,1,153267,0
1,4,153267,0
1,2,153467,0
2,3,153667,153967
1,4,153667,0
1,2,153967,0
1,1,154067,0
1,4,154067,0
1,3,154267,0
1,1,154467,0
2,2,154667,154867
1,1,154867,0
2,3,154867,155067
2,4,155067,155267
1,1,155267,0
1,3,155267,0
1,2,155467,0
1,1,155667,0
1,4,155667,0
1,4,155867,0
1,2,156067,0
1,3,156067,0
1,2,156267,0
1,4,156467,0
1,1,156667,0
1,3,156767,0
2,4,157517,160467
2,2,160467,162067
2,3,162067,163467
2,1,163467,165067
2,4,165067,166867
2,3,166867,169267
1,2,170867,0
1,3,171167,0
1,4,171267,0
1,1,171367,0
1,2,171467,0
1,3,171567,0
1,1,171667,0
1,2,171667,0
1,4,171667,0
1,3,171967,0
1,2,172067,0
1,2,172267,0
1,3,172467,0
1,1,172867,0
1,3,172967,0
1,2,173067,0
1,4,173167,0
1,3,173267,0
1,2,173567,0
1,3,173667,0
1,3,173867,0
1,2,174067,0
1,2,174667,0
1,3,174767,0
1,4,174867,0
1,4,175067,0
1,1,175167,0
1,2,175267,0
1,3,175467,0
1,1,175567,0
1,4,175667,0
1,4,175867,0
1,1,176067,0
1,1,176267,0
1,3,176467,0
1,1,176667,0
1,2,176767,0
1,4,177067,0
1,1,177267,0
1,3,177467,0
1,2,177667,0
1,3,177867,0
1,1,178067,0
1,2,178067,0
1,4,178067,0
1,3,178267,0
1,2,178367,0
1,4,178467,0
1,1,178667,0
1,2,178867,0
1,3,179067,0
1,2,179267,0
1,2,179467,0
1,3,179667,0
1,2,179867,0
1,4,179967,0
1,1,180067,0
1,3,180267,0
1,4,180467,0
1,1,180867,0
1,3,180867,0
1,2,181067,0
1,4,181267,0
1,2,181567,0
1,3,181667,0
1,1,181867,0
1,2,182067,0
1,4,182267,0
1,1,182467,0
1,2,182667,0
1,4,182867,0
1,1,183067,0
1,2,183167,0
1,4,183267,0
1,2,183367,0
1,3,183467,0
1,1,183667,0
1,1,183867,0
1,4,184067,0
1,4,184267,0
2,1,184467,184867
1,3,184467,0
1,4,184867,0
2,1,185267,185467
2,2,185467,185667
2,3,185667,185867
1,2,185867,0
2,2,186067,186467
1,4,186467,0
1,3,186667,0
2,3,186867,187467
1,2,187467,0
2,1,187667,188067
2,2,188067,188467
2,3,188467,188867
1,2,188867,0
1,1,189067,0
2,4,189267,189667
2,3,189667,189867
2,2,189867,190067
2,1,190067,190467
1,3,190467,0
1,4,190667,0
2,1,190867,191267
1,3,190867,0
1,2,191267,0
2,3,191667,191867
2,2,191867,192067
2,4,192067,192267
2,3,192267,192467
2,1,192467,192867
1,2,192867,0
2,3,193067,193267
2,1,193267,193667
1,2,193667,0
1,4,193867,0
2,3,194067,194467
2,2,194467,194867
2,1,194867,195267
2,3,195267,195467
1,2,195467,0
2,4,195667,196067
2,2,196067,196467
1,3,196467,0
1,1,196667,0
1,4,196667,0
1,2,196867,0
1,3,197067,0
2,1,197267,197467
1,4,197267,0
2,2,197467,197667
1,3,197667,0
2,3,197867,198267
2,1,198267,198667
1,2,198667,0
1,2,198867,0
1,3,199067,0
2,3,199267,199667
1,2,199667,0
1,3,200067,0
1,2,200267,0
2,3,200467,200667
1,4,200467,0
2,2,200667,200867
2,1,200867,201067
2,3,201067,201467
2,4,201467,201667
2,2,201667,201867
2,3,201867,202467
1,1,202067,0
1,2,202067,0
1,2,202467,0
1,4,202467,0
1,1,202867,0
1,4,202867,0
1,2,203267,0
1,3,203267,0
1,3,203667,0
1,4,203667,0
1,3,203867,0
1,1,204067,0
1,2,204067,0
1,2,204267,0
1,3,204467,0
1,4,204467,0
1,1,204667,0
1,2,204767,0
1,3,204867,0
1,1,205067,0
1,4,205067,0
2,1,205667,205867
2,2,205867,206067
2,3,206067,206867
2,4,206467,206867
1,2,206867,0
1,1,207267,0
1,2,207267,0
2,3,207267,207667
1,4,207267,0
1,1,207667,0
1,2,207667,0
1,4,207867,0
1,3,208067,0
1,4,208067,0
2,1,208467,208667
1,3,208467,0
2,2,208667,208867
2,3,208867,209267
1,4,208867,0
1,1,209267,0
1,4,209267,0
1,2,209467,0
1,2,209667,0
1,3,209667,0
1,1,210067,0
2,4,210067,210267
2,3,210267,210467
1,1,210467,0
2,2,210467,210867
2,3,210867,211267
1,4,210867,0
1,1,211267,0
2,2,211267,211667
1,1,211667,0
2,3,211667,212067
1,2,212067,0
2,4,212067,212467
1,1,212467,0
2,3,212467,212667
2,2,212667,212867
2,3,212867,213267
1,4,212867,0
1,4,213067,0
1,1,213267,0
1,2,213267,0
1,3,213467,0
1,1,213667,0
2,2,213667,214067
1,4,213667,0
1,3,214067,0
1,4,214067,0
1,2,214267,0
1,1,214467,0
2,3,214467,214867
2,2,214867,215067
1,4,214867,0
2,3,215067,215267
1,1,215267,0
2,4,215267,215667
1,2,215667,0
1,3,215667,0
1,4,215867,0
1,2,216067,0
1,4,216067,0
1,2,216467,0
1,3,216467,0
1,1,216667,0
2,2,216867,217267
1,4,216867,0
1,1,217267,0
2,3,217267,217667
1,2,217667,0
2,4,217667,218067
1,1,218067,0
2,3,218067,218467
2,2,218467,218867
1,4,218467,0
1,3,218667,0
1,1,218867,0
2,4,218867,219067
1,2,219067,0
1,2,219267,0
1,4,219267,0
1,4,219467,0
1,2,219667,0
1,3,219867,0
1,1,220067,0
1,2,220067,0
2,4,220067,220467
1,2,220467,0
1,3,220467,0
1,1,220667,0
1,1,220867,0
1,4,220867,0
1,1,221267,0
2,2,221267,221467
2,3,221467,221667
1,2,221667,0
2,4,221667,222267
1,1,222067,0
1,2,222067,0
1,3,222267,0
1,1,222467,0
1,3,222467,0
2,3,222867,223067
1,4,222867,0
2,2,223067,223267
2,1,223267,223667
1,3,223267,0
1,2,223667,0
2,3,223667,224067
1,1,224067,0
2,2,224067,224467
2,3,224467,224867
1,4,224467,0
1,1,224867,0
2,4,224867,225467
1,1,225267,0
1,2,225267,0
2,3,225467,225667
1,1,225667,0
2,4,225667,226067
1,1,225867,0
1,2,226067,0
1,3,226067,0
1,4,226267,0
1,1,226467,0
1,2,226467,0
2,3,226467,226767
1,4,226767,0
1,1,226867,0
1,2,226867,0
1,3,227067,0
1,1,227267,0
1,3,227267,0
1,2,227667,0
1,4,227667,0
1,1,227867,0
1,1,228067,0
2,3,228067,228367
1,4,228367,0
1,1,228467,0
1,2,228467,0
1,3,228667,0
2,2,228867,229167
1,4,228867,0
1,1,229167,0
1,3,229267,0
1,4,229267,0
1,2,229467,0
2,3,229667,229967
1,4,229667,0
1,2,229967,0
1,1,230067,0
1,4,230067,0
1,3,230267,0
1,2,230467,0
2,1,230667,230867
1,2,230867,0
2,3,230867,231067
2,4,231067,231567
1,1,231267,0
1,2,231267,0
1,3,231567,0
1,1,231667,0
1,2,231667,0
1,4,231867,0
1,1,232067,0
1,2,232067,0
1,2,232267,0
1,3,232467,0
1,4,232467,0
1,3,232667,0
1,1,232867,0
1,2,232867,0
2,4,232867,233167
1,3,233167,0
1,1,233267,0
1,2,233267,0
1,4,233467,0
1,1,233667,0
1,3,233667,0
1,2,234067,0
1,4,234067,0
1,3,234267,0
2,1,234467,234767
1,3,234467,0
1,2,234767,0
1,1,234867,0
1,3,234867,0
1,4,235067,0
1,1,235267,0
2,2,235267,235567
1,3,235567,0
1,2,235667,0
1,4,235667,0
1,1,235867,0
2,3,236067,236367
1,4,236067,0
1,2,236367,0
1,1,236467,0
1,4,236467,0
1,3,236667,0
1,2,236867,0
1,1,237067,0
1,2,237267,0
1,4,237267,0
1,1,237667,0
1,2,237667,0
1,4,237867,0
1,3,237967,0
1,1,238067,0
1,2,238067,0
1,4,238267,0
1,1,238467,0
1,2,238467,0
1,2,238667,0
1,3,238867,0
1,4,238867,0
1,3,239067,0
1,1,239267,0
1,2,239267,0
1,4,239267,0
1,4,239567,0
1,2,239667,0
1,3,239667,0
1,1,240067,0
2,3,240067,240467
1,2,240467,0
1,4,240467,0
1,1,240867,0
1,3,240867,0
1,2,241167,0
1,3,241267,0
1,4,241267,0
1,1,241667,0
2,2,241667,241867
2,4,241867,242067
2,2,242067,242267
2,3,242267,242467
2,1,242467,242767
1,4,242467,0
1,2,242767,0
1,3,242867,0
1,4,242867,0
1,1,243267,0
1,3,243267,0
1,2,243667,0
1,4,243667,0
1,1,244067,0
1,2,244067,0
1,4,244367,0
1,1,244467,0
1,3,244467,0
2,2,244867,245267
1,4,244867,0
1,1,245267,0
2,3,245267,245667
2,1,245667,245967
1,2,245667,0
1,4,245667,0
1,3,245967,0
1,2,246067,0
2,4,246067,246867
1,1,246467,0
1,2,246467,0
1,1,246867,0
1,3,246867,0
1,2,247267,0
1,4,247267,0
1,1,247567,0
1,3,247667,0
1,4,247667,0
2,1,248067,248267
1,2,248067,0
2,3,248267,248467
2,1,248467,248667
2,3,248667,248867
1,1,248867,0
1,4,248867,0
1,3,249167,0
1,1,249267,0
1,2,249267,0
1,2,249667,0
2,4,249667,250067
1,1,250067,0
2,3,250067,250467
2,2,250467,250767
1,4,250467,0
1,3,250767,0
1,1,250867,0
2,4,250867,251267
1,1,251267,0
2,3,251267,251467
2,2,251467,251667
2,1,251667,252067
2,2,252067,252367
1,3,252067,0
1,4,252067,0
1,1,252367,0
1,2,252467,0
1,4,252467,0
1,1,252867,0
2,2,252867,253667
1,3,253267,0
1,4,253267,0
1,1,253667,0
1,4,253667,0
1,3,253967,0
1,1,254067,0
1,2,254067,0
1,2,254467,0
2,3,254467,255267
1,1,254867,0
1,4,254867,0
1,2,255267,0
1,4,255267,0
1,3,255567,0
1,1,255667,0
1,2,255667,0
1,2,256067,0
1,4,256067,0
1,3,256467,0
1,4,256467,0
1,1,256867,0
1,3,256867,0
1,4,257167,0
1,2,257267,0
1,3,257267,0
1,1,257667,0
1,3,257667,0
1,2,258067,0
1,4,258067,0
1,1,258467,0
2,3,258467,258767
1,4,258467,0
1,2,258767,0
1,1,258867,0
1,3,258867,0
1,3,259267,0
1,4,259267,0
1,1,259667,0
1,3,259667,0
1,1,260067,0
1,2,260067,0
1,4,260367,0
2,2,260467,260867
1,3,260467,0
1,1,260867,0
2,4,260867,261267
1,2,261267,0
2,3,261267,261667
2,1,261667,261967
1,4,261667,0
1,2,261967,0
1,3,262067,0
1,4,262067,0
1,1,262467,0
1,3,262467,0
1,2,262867,0
1,4,262867,0
2,3,263267,263567
1,4,263267,0
1,2,263567,0
1,1,263667,0
1,4,263667,0
1,2,264067,0
1,3,264067,0
1,2,264467,0
1,4,264467,0
2,1,264867,265267
1,3,264867,0
1,4,264867,0
1,2,265267,0
1,1,265667,0
1,1,265867,0
1,3,266067,0
1,3,266267,0
1,2,266467,0
1,4,266767,0
1,3,267067,0
1,3,267267,0
1,3,267667,0
1,2,268067,0
1,3,268467,0
1,2,268867,0
1,2,269067,0
1,4,269267,0
1,4,269467,0
1,1,269667,0
1,3,269967,0
1,2,270267,0
1,2,270467,0
1,2,270867,0
1,1,271267,0
1,3,271267,0
1,4,271267,0
1,2,271667,0
1,3,272067,0
1,4,272267,0
1,1,272467,0
1,2,272667,0
2,1,272867,273267
1,2,273267,0
1,3,273467,0
1,4,273667,0
