2,2,336,632
2,3,336,632
2,2,730,1026
2,3,730,1026
1,1,1125,0
1,4,1125,0
1,2,1224,0
1,3,1322,0
2,1,1520,1914
1,4,1520,0
1,3,1914,0
2,4,1914,2112
2,2,2112,2309
1,1,2309,0
2,3,2309,2507
1,4,2507,0
1,2,2605,0
1,3,2704,0
2,4,2704,3099
1,1,2901,0
1,2,3099,0
2,3,3099,3296
2,1,3296,3493
1,2,3493,0
1,4,3493,0
1,3,3592,0
2,2,3691,3888
1,1,3888,0
2,4,3888,4283
1,3,4085,0
1,1,4283,0
2,2,4283,4480
2,3,4480,4678
2,1,4678,5072
1,4,4678,0
2,2,4875,5072
1,3,5072,0
2,4,5072,5270
2,2,5270,5467
1,1,5467,0
2,3,5467,5664
1,4,5664,0
1,2,5763,0
1,3,5862,0
2,4,5862,6257
1,1,6059,0
2,2,6257,6454
1,3,6257,0
2,1,6454,6651
1,3,6651,0
2,4,6651,6849
2,2,6849,7046
1,1,7046,0
2,4,7046,7243
2,3,7243,7441
2,1,7441,8230
1,2,7441,0
1,4,7539,0
1,3,7638,0
1,2,7835,0
1,4,7835,0
1,3,8033,0
2,2,8230,8428
1,4,8230,0
2,3,8428,8625
2,1,8625,8822
1,2,8822,0
1,4,8921,0
2,2,9020,9414
1,3,9020,0
1,1,9217,0
1,3,9414,0
2,4,9414,9612
2,1,9612,9809
1,3,9809,0
1,4,9809,0
1,2,9908,0
2,3,10007,10204
1,1,10204,0
2,2,10204,10599
1,3,10401,0
2,1,10599,10796
1,4,10599,0
2,3,10796,10993
1,2,10993,0
2,4,10993,11388
2,1,11191,11388
2,2,11388,11651
1,3,11388,0
1,3,11651,0
1,1,11783,0
2,4,11783,11980
2,1,11980,12178
2,3,12178,12375
1,4,12178,0
2,2,12375,12572
1,1,12572,0
2,4,12572,12770
2,3,12770,12967
2,1,12967,14151
1,2,12967,0
1,4,13164,0
1,2,13362,0
1,3,13362,0
1,4,13559,0
1,2,13757,0
1,4,13855,0
1,3,13954,0
1,2,14151,0
1,4,14151,0
1,3,14250,0
1,1,14349,0
1,2,14447,0
1,3,14546,0
1,4,14546,0
1,4,14743,0
1,1,14941,0
1,2,14941,0
1,1,15138,0
1,4,15138,0
1,3,15335,0
1,4,15335,0
1,3,15533,0
1,1,15730,0
1,4,15730,0
1,1,15928,0
1,2,15928,0
1,2,16125,0
1,3,16125,0
1,3,16322,0
1,1,16520,0
1,4,16520,0
1,2,16717,0
1,4,16717,0
1,1,16914,0
1,2,16914,0
1,1,17112,0
1,3,17309,0
1,4,17309,0
1,2,17507,0
1,4,17507,0
1,2,17704,0
1,3,17704,0
1,3,17901,0
1,1,18099,0
1,2,18099,0
1,1,18296,0
1,3,18493,0
1,4,18493,0
1,4,18691,0
1,2,18888,0
1,3,18888,0
1,2,19085,0
1,1,19283,0
1,3,19283,0
1,1,19480,0
1,2,19678,0
1,4,19678,0
1,4,19875,0
1,1,20072,0
1,2,20072,0
1,2,20270,0
1,3,20467,0
1,4,20467,0
1,2,20664,0
1,3,20664,0
1,1,20862,0
1,2,20862,0
1,1,21059,0
1,3,21257,0
1,4,21257,0
1,2,21454,0
1,4,21454,0
1,2,21651,0
1,3,21651,0
1,3,21849,0
1,1,22046,0
1,2,22046,0
1,1,22243,0
1,4,22243,0
1,3,22441,0
1,4,22441,0
1,3,22638,0
1,1,22835,0
1,2,22835,0
1,2,23033,0
1,1,23230,0
1,4,23230,0
1,1,23428,0
1,3,23625,0
1,4,23625,0
1,2,23822,0
1,3,23822,0
1,1,24020,0
1,2,24020,0
1,1,24217,0
1,3,24414,0
1,4,24414,0
1,4,24612,0
1,2,24809,0
1,3,24809,0
1,2,25007,0
1,1,25204,0
1,4,25204,0
1,1,25401,0
1,2,25401,0
1,2,25599,0
1,3,25599,0
1,3,25796,0
1,1,25993,0
1,4,25993,0
1,4,26191,0
1,3,26289,0
1,1,26388,0
1,2,26388,0
1,4,26585,0
1,2,26783,0
1,3,26783,0
1,1,26882,0
1,4,26980,0
2,2,27178,27572
2,3,27178,27572
1,1,27770,0
1,4,27770,0
2,1,27967,28362
2,4,27967,28362
1,2,28362,0
1,3,28362,0
2,3,28559,28954
2,4,28559,28954
1,1,28954,0
1,2,28954,0
1,1,29151,0
1,4,29151,0
1,1,29349,0
1,4,29349,0
1,2,29546,0
1,3,29546,0
1,3,29743,0
1,4,29743,0
1,1,29941,0
1,2,29941,0
1,3,30138,0
2,1,30335,30730
2,4,30335,30730
1,2,30928,0
1,3,30928,0
2,2,31125,31520
2,3,31125,31520
1,1,31520,0
1,4,31520,0
2,1,31717,32112
2,2,31717,32112
1,3,32112,0
1,4,32112,0
1,1,32309,0
1,4,32309,0
1,1,32507,0
1,4,32507,0
1,2,32704,0
1,3,32704,0
1,1,32901,0
1,2,32901,0
1,3,33099,0
1,4,33099,0
1,2,33296,0
2,1,33493,33888
2,4,33493,33888
1,2,34085,0
1,3,34085,0
2,2,34283,34678
2,3,34283,34678
1,1,34678,0
1,4,34678,0
2,3,34875,35270
2,4,34875,35270
1,1,35270,0
1,2,35270,0
1,1,35467,0
1,4,35467,0
1,1,35664,0
1,4,35664,0
1,2,35862,0
1,3,35862,0
1,4,35960,0
1,2,36059,0
1,1,36257,0
1,4,36257,0
1,3,36355,0
1,2,36454,0
1,1,36553,0
1,3,36651,0
1,4,36651,0
1,1,36849,0
1,2,36849,0
1,3,37046,0
1,4,37046,0
1,1,37243,0
1,2,37243,0
1,1,37441,0
1,4,37441,0
1,2,37638,0
1,3,37638,0
1,1,37835,0
1,4,37835,0
1,2,38033,0
1,3,38033,0
1,3,38230,0
1,4,38230,0
1,2,38329,0
1,1,38428,0
1,1,38625,0
1,4,38625,0
1,2,38822,0
1,3,38822,0
1,4,39020,0
1,1,39118,0
1,2,39118,0
1,3,39217,0
1,1,39414,0
1,4,39414,0
1,3,39513,0
1,2,39612,0
1,1,40007,0
1,4,40007,0
1,1,40204,0
1,3,40204,0
1,2,40599,0
1,3,40599,0
1,1,40993,0
2,4,40993,41191
2,3,41191,41388
1,1,41388,0
2,2,41388,41585
1,3,41585,0
2,1,41783,41980
1,4,41783,0
2,2,41980,42178
2,3,42178,42375
1,4,42178,0
1,1,42375,0
2,2,42572,42770
1,3,42572,0
2,4,42770,42967
2,1,42967,43164
1,2,42967,0
1,3,43164,0
1,2,43263,0
2,3,43362,43559
1,4,43362,0
2,1,43559,43757
2,2,43757,43954
1,3,43757,0
1,4,43954,0
2,1,44151,44349
1,2,44151,0
2,4,44349,44546
1,2,44546,0
2,3,44546,44743
1,1,44743,0
1,3,44941,0
2,4,44941,45138
2,2,45138,45335
2,1,45335,45533
1,4,45335,0
2,3,45533,45730
1,1,45730,0
2,2,45730,45928
2,4,45928,46125
2,1,46125,46322
1,2,46125,0
1,4,46322,0
1,2,46520,0
2,3,46520,46717
2,1,46717,46914
1,2,46914,0
1,3,46914,0
1,4,47013,0
1,1,47112,0
2,3,47309,47507
1,4,47309,0
2,2,47507,47704
1,1,47704,0
2,4,47704,47901
1,3,47901,0
1,1,48099,0
2,2,48099,48296
2,3,48296,48493
2,1,48493,48691
1,4,48493,0
1,2,48691,0
1,3,48888,0
2,4,48888,49085
2,1,49085,49283
2,2,49283,49480
1,3,49283,0
1,4,49480,0
1,1,49579,0
1,2,49678,0
2,3,49678,49875
2,4,49875,50072
2,1,50072,50270
1,2,50072,0
1,4,50270,0
1,1,50467,0
2,3,50467,50664
2,2,50664,50862
1,3,50862,0
2,4,50862,51059
1,1,51059,0
1,2,51257,0
2,3,51257,51454
2,4,51454,51651
1,1,51651,0
2,2,51651,51849
2,3,51849,52046
2,1,52046,52243
1,4,52046,0
2,2,52243,52441
1,3,52441,0
2,4,52441,52638
1,1,52638,0
1,2,52638,0
1,3,52835,0
1,4,52835,0
1,1,53033,0
1,2,53132,0
1,3,53230,0
1,4,53230,0
1,1,53329,0
1,4,53428,0
1,1,53625,0
2,2,53625,53822
2,3,53822,54020
2,1,54020,54809
1,4,54020,0
1,2,54414,0
1,3,54612,0
1,2,54809,0
2,4,54809,55599
1,1,55007,0
1,3,55204,0
1,1,55401,0
1,2,55599,0
1,3,55599,0
1,1,55895,0
1,2,55895,0
1,1,56191,0
1,4,56191,0
2,2,56388,56783
1,3,56388,0
1,1,56783,0
2,4,56783,57178
2,1,57178,57375
1,2,57178,0
2,3,57375,57572
2,2,57572,57770
1,4,57572,0
1,1,57770,0
1,3,57868,0
1,2,57967,0
2,4,57967,58362
1,1,58164,0
2,2,58362,58559
1,3,58362,0
2,4,58559,58757
1,1,58757,0
1,3,58757,0
1,2,58855,0
2,3,58954,59151
2,1,59151,59546
1,4,59151,0
1,2,59349,0
2,3,59546,59743
1,4,59546,0
2,2,59743,59941
1,1,59941,0
2,4,59941,60335
2,3,60138,60335
2,1,60335,60533
1,2,60335,0
2,3,60533,60730
2,2,60730,60928
1,4,60730,0
1,1,60928,0
1,3,61026,0
1,2,61125,0
2,4,61125,61520
1,1,61322,0
1,2,61520,0
2,3,61520,61717
2,4,61717,61914
2,1,61914,62112
1,2,61914,0
2,3,62112,62309
2,1,62309,62507
1,4,62309,0
2,2,62507,62704
1,3,62704,0
2,4,62704,63493
1,1,62803,0
1,2,62901,0
1,1,63099,0
1,3,63099,0
1,2,63296,0
1,1,63493,0
2,3,63493,63691
2,2,63691,63888
1,1,63888,0
2,4,63888,64085
1,3,64085,0
1,1,64184,0
2,2,64283,64678
1,4,64283,0
1,3,64480,0
1,1,64678,0
2,4,64678,64875
2,2,64875,65072
1,1,65072,0
1,4,65072,0
1,3,65171,0
2,1,65270,65467
2,3,65467,65862
1,4,65467,0
1,2,65664,0
1,1,65862,0
2,4,65862,66059
2,2,66059,66257
2,1,66257,66651
1,3,66257,0
2,4,66454,66651
1,2,66651,0
2,3,66651,66914
1,2,66914,0
2,1,67046,67243
1,4,67046,0
2,3,67243,67441
1,1,67441,0
2,2,67441,67638
2,4,67638,67835
2,1,67835,68033
1,3,67835,0
2,2,68033,68230
1,3,68230,0
2,4,68230,69414
1,1,68428,0
1,2,68625,0
1,3,68625,0
1,1,68822,0
1,3,69020,0
1,1,69118,0
1,2,69217,0
1,1,69414,0
1,3,69414,0
1,2,69513,0
1,4,69612,0
1,3,69710,0
1,1,69809,0
1,2,69809,0
1,2,70007,0
2,1,70204,70401
1,4,70204,0
1,3,70401,0
1,2,70500,0
1,3,70599,0
2,4,70599,70796
2,2,70796,70993
1,1,70993,0
1,4,70993,0
2,3,71191,71388
1,1,71388,0
1,2,71388,0
1,4,71585,0
1,2,71783,0
1,3,71783,0
1,1,71980,0
1,2,71980,0
1,3,72178,0
1,4,72178,0
1,1,72375,0
1,2,72572,0
1,3,72572,0
1,3,72770,0
1,4,72770,0
1,1,72967,0
1,2,72967,0
1,1,73164,0
1,3,73362,0
1,4,73362,0
1,2,73559,0
1,3,73658,0
1,1,73757,0
2,2,73757,73954
2,4,73954,74151
1,2,74151,0
1,3,74151,0
2,1,74349,74546
1,3,74546,0
1,4,74546,0
1,2,74743,0
1,1,74941,0
1,4,74941,0
1,2,75138,0
1,3,75138,0
1,1,75335,0
1,4,75335,0
1,3,75434,0
1,1,75533,0
1,3,75730,0
1,4,75730,0
1,2,75928,0
1,3,75928,0
1,1,76125,0
1,4,76125,0
1,1,76322,0
1,3,76520,0
2,4,76520,76717
1,2,76717,0
1,3,76816,0
1,1,76914,0
2,2,76914,77112
2,3,77112,77309
1,1,77309,0
1,4,77309,0
2,2,77507,77704
1,3,77704,0
1,4,77704,0
1,1,77901,0
1,2,78099,0
1,3,78099,0
1,1,78296,0
1,4,78296,0
1,3,78493,0
1,4,78493,0
1,2,78691,0
1,1,78888,0
1,4,78888,0
1,3,79085,0
1,4,79085,0
1,1,79283,0
1,2,79283,0
1,2,79480,0
2,1,79678,79875
1,4,79678,0
1,3,79875,0
1,2,79974,0
2,3,80072,80270
1,4,80072,0
1,1,80270,0
1,2,80467,0
1,3,80467,0
2,4,80664,80862
1,1,80862,0
1,2,80862,0
1,3,81059,0
1,1,81158,0
1,3,81257,0
1,4,81257,0
1,2,81454,0
1,4,81553,0
1,1,81651,0
1,2,81651,0
1,1,81849,0
1,4,81849,0
1,3,82046,0
1,4,82046,0
1,2,82145,0
1,3,82243,0
2,1,82441,82835
2,4,82441,82835
1,2,83033,0
1,3,83033,0
2,2,83230,83625
2,3,83230,83625
1,1,83625,0
1,4,83625,0
2,3,83822,84217
2,4,83822,84217
1,1,84217,0
1,2,84217,0
1,1,84414,0
1,4,84414,0
1,1,84612,0
1,4,84612,0
1,2,84809,0
1,3,84809,0
1,3,85007,0
1,4,85007,0
1,1,85204,0
1,2,85204,0
1,3,85401,0
2,1,85599,85993
2,4,85599,85993
1,2,86191,0
1,3,86191,0
2,2,86388,86783
2,3,86388,86783
1,1,86783,0
1,4,86783,0
2,1,86980,87375
2,2,86980,87375
1,3,87375,0
1,4,87375,0
1,1,87572,0
1,4,87572,0
1,1,87770,0
1,4,87770,0
1,2,87967,0
1,3,87967,0
1,1,88164,0
1,2,88164,0
1,3,88362,0
1,4,88362,0
1,2,88559,0
2,1,88757,89151
2,4,88757,89151
1,2,89349,0
1,3,89349,0
2,2,89546,89941
2,3,89546,89941
1,1,89941,0
1,4,89941,0
2,3,90138,90533
2,4,90138,90533
1,1,90533,0
1,2,90533,0
1,1,90730,0
1,4,90730,0
1,1,90928,0
1,4,90928,0
1,2,91125,0
1,3,91125,0
1,4,91224,0
1,2,91322,0
1,1,91520,0
1,4,91520,0
1,3,91618,0
1,2,91717,0
1,1,91816,0
1,3,91914,0
1,4,91914,0
1,1,92112,0
1,2,92112,0
1,3,92309,0
1,4,92309,0
1,1,92507,0
1,2,92507,0
1,1,92704,0
1,4,92704,0
1,2,92901,0
1,3,92901,0
1,1,93099,0
1,4,93099,0
1,2,93296,0
1,3,93296,0
1,3,93493,0
2,4,93493,94283
2,2,94283,95072
1,1,95072,0
1,4,95072,0
1,3,95171,0
1,2,95270,0
1,4,95368,0
1,2,95467,0
1,3,95566,0
1,1,95664,0
1,4,95664,0
1,3,95763,0
1,2,95862,0
1,4,95960,0
1,2,96059,0
1,3,96158,0
1,1,96257,0
1,4,96257,0
1,3,96355,0
1,2,96454,0
1,4,96553,0
1,1,96849,0
1,2,96849,0
1,2,97046,0
1,3,97046,0
1,3,97441,0
1,4,97441,0
1,1,97835,0
1,2,97835,0
1,3,98033,0
2,1,98230,98428
1,4,98230,0
1,2,98428,0
1,4,98526,0
1,1,98625,0
2,2,98625,98822
2,3,98822,99020
1,1,99020,0
2,4,99020,99217
1,3,99217,0
1,1,99316,0
2,3,99414,99612
1,4,99414,0
2,2,99612,99809
1,1,99809,0
2,4,99809,100007
1,3,100007,0
1,1,100105,0
2,3,100204,100401
1,4,100204,0
2,2,100401,100599
2,1,100599,100796
1,4,100599,0
1,4,100796,0
1,3,100895,0
1,1,100993,0
2,2,100993,101191
2,3,101191,101388
2,1,101388,101585
1,4,101388,0
1,3,101585,0
1,2,101684,0
1,3,101783,0
2,4,101783,101980
2,2,101980,102178
2,3,102178,102375
1,4,102178,0
1,1,102375,0
1,4,102474,0
1,1,102572,0
2,2,102572,102770
2,3,102770,102967
2,1,102967,103164
1,2,102967,0
1,4,103164,0
1,2,103263,0
1,3,103362,0
2,4,103362,103559
2,2,103559,103757
1,1,103757,0
1,4,103757,0
1,3,103855,0
1,2,103954,0
2,1,104151,104349
1,4,104151,0
2,2,104349,104546
1,3,104546,0
2,4,104546,104743
1,1,104743,0
1,3,104842,0
1,1,104941,0
2,2,104941,105138
2,4,105138,105335
2,1,105335,105533
1,3,105335,0
1,4,105533,0
1,2,105632,0
1,3,105730,0
2,4,105730,105928
2,2,105928,106125
2,1,106125,106322
1,4,106125,0
1,3,106322,0
1,2,106421,0
2,3,106520,106717
1,4,106520,0
2,2,106717,106914
1,3,106914,0
2,4,106914,107112
1,1,107112,0
1,3,107210,0
2,1,107309,107507
1,2,107309,0
2,4,107507,107704
1,1,107704,0
2,3,107704,107901
1,2,107901,0
2,1,108099,108296
1,4,108099,0
2,3,108296,108493
2,2,108493,108691
1,4,108493,0
2,1,108691,108888
1,3,108888,0
2,4,108888,109085
2,2,109085,109283
1,1,109283,0
2,3,109283,109480
1,2,109480,0
1,4,109480,0
1,1,109678,0
1,3,109678,0
1,2,109875,0
1,4,109875,0
1,1,110072,0
1,2,110072,0
1,3,110171,0
1,4,110270,0
2,2,110467,110664
1,3,110467,0
2,1,110664,110862
1,3,110862,0
2,4,110862,111257
2,2,111257,111454
2,3,111454,111651
2,1,111651,111849
1,4,111651,0
2,2,111849,112046
2,4,112046,112243
2,3,112243,112441
1,1,112441,0
1,2,112441,0
1,2,112737,0
1,3,112737,0
1,3,113033,0
1,4,113033,0
1,1,113230,0
2,4,113230,113625
2,2,113625,114020
1,3,113625,0
1,1,114020,0
1,4,114020,0
1,1,114217,0
1,4,114217,0
1,1,114414,0
1,4,114414,0
1,3,114612,0
1,1,114809,0
1,2,114809,0
1,1,115007,0
1,2,115007,0
1,1,115204,0
1,2,115204,0
1,3,115401,0
1,1,115599,0
1,4,115599,0
1,1,115796,0
1,4,115796,0
1,2,115993,0
1,3,115993,0
1,2,116191,0
1,3,116191,0
1,1,116388,0
1,4,116388,0
1,1,116585,0
1,4,116585,0
2,3,116783,117079
2,4,116783,117079
1,1,117178,0
1,2,117178,0
1,1,117375,0
1,2,117375,0
1,1,117572,0
1,2,117572,0
1,3,117770,0
1,1,117967,0
1,4,117967,0
1,1,118164,0
1,4,118164,0
1,1,118362,0
1,4,118362,0
1,2,118559,0
1,3,118757,0
1,4,118757,0
1,3,118954,0
1,4,118954,0
1,1,119151,0
1,2,119151,0
1,1,119349,0
1,2,119349,0
1,3,119546,0
1,4,119546,0
1,3,119743,0
1,4,119743,0
2,1,119941,120237
2,4,119941,120237
1,2,120335,0
1,3,120335,0
1,2,120533,0
1,3,120533,0
1,2,120730,0
1,3,120730,0
1,1,120928,0
1,3,121125,0
1,4,121125,0
1,3,121322,0
1,4,121322,0
1,3,121520,0
1,4,121520,0
1,2,121717,0
1,1,121914,0
1,4,121914,0
1,1,122112,0
1,4,122112,0
1,2,122309,0
1,3,122309,0
1,2,122507,0
1,3,122507,0
1,1,122704,0
1,4,122704,0
1,1,122901,0
1,4,122901,0
2,1,123099,123395
2,2,123099,123395
1,3,123493,0
1,4,123493,0
1,3,123691,0
1,4,123691,0
1,3,123888,0
1,4,123888,0
1,2,124085,0
1,1,124283,0
1,4,124283,0
1,1,124480,0
1,4,124480,0
1,1,124678,0
1,4,124678,0
1,3,124875,0
1,1,125072,0
1,2,125072,0
1,1,125270,0
1,2,125270,0
1,3,125467,0
1,4,125467,0
1,3,125664,0
1,4,125664,0
1,1,125862,0
2,2,125862,126257
2,3,126059,126355
2,4,126257,126355
2,1,126454,126849
1,3,126454,0
1,4,126454,0
1,2,126849,0
1,3,126947,0
1,1,127046,0
2,4,127046,127243
2,2,127243,127441
2,3,127441,127638
1,4,127441,0
1,1,127638,0
2,2,127835,128033
1,4,127835,0
2,3,128033,128428
1,1,128230,0
1,2,128428,0
1,4,128526,0
2,1,128625,128822
1,3,128625,0
2,2,128822,129020
1,1,129020,0
2,4,129020,129217
2,3,129217,129316
1,2,129414,0
2,3,129414,129809
1,4,129612,0
1,1,129809,0
1,2,129809,0
1,3,130007,0
1,2,130105,0
2,1,130204,130401
1,4,130204,0
2,3,130401,130599
2,1,130599,130796
1,4,130599,0
2,2,130796,131191
1,3,130993,0
1,4,130993,0
1,3,131191,0
1,4,131289,0
1,1,131388,0
1,2,131388,0
2,3,131585,131783
2,1,131783,131980
1,4,131783,0
2,2,131980,132178
1,3,132178,0
2,4,132178,132967
1,1,132276,0
1,2,132375,0
1,1,132572,0
1,3,132572,0
1,2,132770,0
1,2,132967,0
1,3,132967,0
1,1,133066,0
1,4,133164,0
1,2,133263,0
1,1,133362,0
1,3,133362,0
1,4,133460,0
1,2,133559,0
1,3,133658,0
1,1,133757,0
1,2,133757,0
1,4,133855,0
1,3,133954,0
1,1,134053,0
1,2,134151,0
1,3,134151,0
1,4,134250,0
1,1,134349,0
1,3,134447,0
1,1,134546,0
1,2,134546,0
1,4,134645,0
1,3,134743,0
1,1,134842,0
1,2,134941,0
1,3,134941,0
1,4,135039,0
1,1,135138,0
1,3,135237,0
1,1,135335,0
1,2,135335,0
1,4,135434,0
1,3,135533,0
1,1,135632,0
1,2,135730,0
1,3,135730,0
1,4,135829,0
1,1,135928,0
1,3,136026,0
1,1,136125,0
2,2,136125,136520
1,3,136322,0
1,1,136520,0
1,4,136520,0
1,3,136717,0
1,2,136816,0
2,3,136914,137309
1,4,136914,0
1,2,137112,0
1,1,137309,0
1,4,137309,0
1,2,137507,0
1,3,137704,0
1,4,137704,0
1,1,137901,0
1,4,137901,0
1,2,138099,0
1,3,138099,0
1,1,138296,0
1,2,138395,0
1,3,138493,0
1,4,138493,0
1,1,138592,0
1,3,138691,0
1,1,138888,0
1,2,138888,0
1,3,139085,0
1,1,139283,0
2,4,139283,139480
1,2,139480,0
1,4,139579,0
1,1,139678,0
1,3,139678,0
1,2,139776,0
1,3,139875,0
1,1,139974,0
1,2,140072,0
1,4,140072,0
1,3,140171,0
1,2,140270,0
1,4,140368,0
1,1,140467,0
1,3,140467,0
1,2,140566,0
1,3,140664,0
1,1,140763,0
1,2,140862,0
1,4,140862,0
1,3,140960,0
1,1,141059,0
1,2,141158,0
1,3,141257,0
1,4,141257,0
1,1,141355,0
1,4,141454,0
1,3,141553,0
1,1,141651,0
1,2,141651,0
1,3,141849,0
1,4,141849,0
1,1,142046,0
1,4,142046,0
1,2,142243,0
1,3,142441,0
1,4,142441,0
1,1,142539,0
1,2,142638,0
1,3,142737,0
1,1,142835,0
1,4,142835,0
1,2,142934,0
1,4,143033,0
1,3,143132,0
1,1,143230,0
1,2,143230,0
1,4,143329,0
1,1,143428,0
1,2,143526,0
1,3,143625,0
1,4,143625,0
1,1,143724,0
1,3,143822,0
1,2,143921,0
1,3,144020,0
1,4,144020,0
1,1,144118,0
1,2,144217,0
1,4,144316,0
1,1,144414,0
1,3,144414,0
1,2,144513,0
1,3,144612,0
1,4,144710,0
1,1,144809,0
1,2,144809,0
1,3,145007,0
1,4,145007,0
1,1,145204,0
1,4,145204,0
1,3,145303,0
1,2,145401,0
1,3,145500,0
1,1,145599,0
1,4,145599,0
1,2,145697,0
1,3,145796,0
1,2,145895,0
1,1,145993,0
1,4,145993,0
1,3,146092,0
1,1,146191,0
1,2,146289,0
1,3,146388,0
1,4,146388,0
1,1,146487,0
1,4,146585,0
1,3,146684,0
1,1,146783,0
1,2,146783,0
1,4,146882,0
1,2,146980,0
1,3,147079,0
1,1,147178,0
1,4,147178,0
1,2,147276,0
1,3,147375,0
1,2,147474,0
1,1,147572,0
1,4,147572,0
1,3,147671,0
1,1,147770,0
1,2,147868,0
1,3,147967,0
1,4,147967,0
1,1,148164,0
1,2,148164,0
1,1,148362,0
1,4,148362,0
1,3,148559,0
1,2,148757,0
1,4,148757,0
1,1,148855,0
1,3,148954,0
1,4,149053,0
1,1,149151,0
1,2,149151,0
1,3,149250,0
1,1,149349,0
1,4,149447,0
1,2,149546,0
1,3,149546,0
1,1,149645,0
1,3,149743,0
1,2,149842,0
1,1,149941,0
1,4,149941,0
1,3,150039,0
1,1,150138,0
1,2,150237,0
1,3,150335,0
1,4,150335,0
1,1,150434,0
1,4,150533,0
1,3,150632,0
1,1,150730,0
1,2,150730,0
1,2,150928,0
1,3,150928,0
1,3,151125,0
1,4,151125,0
1,1,151322,0
1,4,151322,0
1,1,151520,0
1,2,151520,0
1,2,151717,0
1,3,151717,0
1,4,152013,0
1,4,152309,0
1,4,152605,0
1,4,152901,0
2,1,153099,153296
2,2,153296,153493
2,3,153493,153691
1,4,153493,0
2,4,153888,154085
2,3,154085,154283
1,1,154283,0
2,2,154283,154480
2,1,154678,154875
2,3,154875,155072
2,2,155072,155368
1,4,155072,0
1,3,155368,0
2,1,155467,155664
2,2,155664,155862
1,3,155862,0
2,4,155862,156059
2,3,156257,156454
2,2,156454,156651
1,1,156651,0
2,4,156651,157046
2,1,157046,157243
2,2,157243,157441
2,3,157441,157638
1,4,157441,0
2,2,157638,157835
2,1,157835,158033
2,4,158033,158230
2,2,158230,158428
1,3,158230,0
2,3,158625,158822
2,1,158822,159020
1,2,159020,0
2,4,159020,159217
2,2,159414,159612
2,3,159612,159809
1,1,159809,0
2,4,159809,160007
1,2,160007,0
2,3,160204,160401
1,4,160204,0
2,2,160401,160599
2,1,160599,160796
1,4,160599,0
1,3,160796,0
1,1,160993,0
2,2,160993,161191
2,3,161191,161388
1,4,161191,0
1,1,161388,0
2,4,161388,161684
1,2,161585,0
1,3,161684,0
1,1,161783,0
2,2,161783,161980
2,4,161980,162178
1,2,162178,0
2,3,162178,162375
1,1,162375,0
1,3,162572,0
2,4,162572,162770
2,2,162770,162967
2,1,162967,163362
1,4,162967,0
1,2,163164,0
2,3,163362,163559
1,4,163362,0
2,2,163559,163757
1,1,163757,0
2,4,163757,163954
2,3,163954,164151
2,1,164151,164349
1,2,164151,0
1,3,164349,0
1,4,164349,0
1,1,164546,0
2,4,164546,164743
2,2,164941,165730
2,3,165335,166026
2,4,165730,166026
1,2,165928,0
2,1,166125,166322
1,3,166125,0
1,4,166125,0
1,2,166322,0
1,4,166421,0
1,1,166520,0
2,2,166520,166717
2,3,166717,166914
1,1,166914,0
2,4,166914,167112
1,3,167112,0
1,1,167210,0
2,3,167309,167507
1,4,167309,0
2,2,167507,167704
1,1,167704,0
2,4,167704,167901
1,3,167901,0
1,1,168000,0
2,3,168099,168296
1,4,168099,0
2,2,168296,168493
2,1,168493,168691
1,4,168493,0
1,4,168691,0
1,3,168789,0
1,1,168888,0
2,2,168888,169085
2,3,169085,169283
2,1,169283,169480
1,4,169283,0
1,3,169480,0
1,2,169579,0
1,3,169678,0
2,4,169678,169875
2,2,169875,170072
2,3,170072,170270
1,4,170072,0
1,1,170270,0
1,4,170368,0
1,1,170467,0
2,2,170467,170664
2,3,170664,170862
2,1,170862,171059
1,2,170862,0
1,4,171059,0
1,2,171158,0
1,3,171257,0
2,4,171257,171454
2,2,171454,171651
1,1,171651,0
1,4,171651,0
1,3,171750,0
1,2,171849,0
2,1,172046,172243
1,4,172046,0
2,2,172243,172441
1,3,172441,0
2,4,172441,172638
1,1,172638,0
1,3,172737,0
1,1,172835,0
2,2,172835,173033
2,4,173033,173230
2,1,173230,173428
1,3,173230,0
1,4,173428,0
1,2,173526,0
1,3,173625,0
2,4,173625,173822
2,2,173822,174020
2,1,174020,174217
1,4,174020,0
1,3,174217,0
1,2,174316,0
2,3,174414,174612
1,4,174414,0
2,2,174612,174809
1,3,174809,0
2,4,174809,175007
1,1,175007,0
1,3,175105,0
2,1,175204,175401
1,2,175204,0
2,4,175401,175599
1,1,175599,0
2,3,175599,175796
1,2,175796,0
2,1,175993,176191
1,4,175993,0
2,3,176191,176388
2,2,176388,176585
1,4,176388,0
2,1,176585,176783
1,3,176783,0
2,4,176783,176980
2,2,176980,177178
1,1,177178,0
2,3,177178,177375
1,2,177375,0
1,4,177375,0
1,1,177572,0
1,3,177572,0
1,2,177770,0
1,4,177770,0
1,1,177967,0
1,2,177967,0
1,3,178066,0
1,4,178164,0
2,2,178362,178559
1,3,178362,0
2,1,178559,178757
1,3,178757,0
2,4,178757,179151
2,2,179151,179349
2,3,179349,179546
2,1,179546,179941
1,4,179546,0
2,3,179941,180138
2,4,180138,180335
2,1,180335,180730
1,2,180335,0
2,3,180730,180928
2,2,180928,181125
1,1,181125,0
2,4,181125,181520
2,2,181520,181717
2,1,181717,181914
1,3,181914,0
2,4,181914,182309
2,2,182309,182507
2,3,182507,182704
2,1,182704,182901
1,4,182704,0
2,2,182901,183099
2,4,183099,183296
2,3,183296,183493
1,1,183493,0
1,2,183493,0
1,2,183789,0
1,3,183789,0
1,3,184085,0
1,4,184085,0
2,1,184283,184678
1,4,184283,0
1,2,184678,0
2,3,184678,185072
2,1,185072,185270
1,2,185072,0
2,3,185270,185467
2,2,185467,185664
1,4,185467,0
1,1,185664,0
1,3,185763,0
1,2,185862,0
2,4,185862,186257
1,1,186059,0
2,2,186257,186454
1,3,186257,0
2,4,186454,186651
1,1,186651,0
1,3,186651,0
1,2,186750,0
2,3,186849,187046
2,1,187046,187441
1,4,187046,0
1,2,187243,0
2,3,187441,187638
1,4,187441,0
2,2,187638,187835
1,1,187835,0
2,4,187835,188230
2,3,188033,188230
2,1,188230,188428
1,2,188230,0
2,3,188428,188625
2,2,188625,188822
1,4,188625,0
1,1,188822,0
1,3,188921,0
1,2,189020,0
2,4,189020,189414
1,1,189217,0
1,2,189414,0
2,3,189414,189612
2,4,189612,189809
2,1,189809,190007
1,2,189809,0
2,3,190007,190204
2,1,190204,190401
1,4,190204,0
2,2,190401,190599
1,3,190599,0
2,4,190599,191388
1,1,190697,0
1,2,190796,0
1,1,190993,0
1,3,190993,0
1,2,191191,0
1,1,191388,0
2,3,191388,191585
2,2,191585,191783
1,1,191783,0
2,4,191783,191980
1,3,191980,0
1,1,192079,0
2,2,192178,192572
1,4,192178,0
1,3,192375,0
1,1,192572,0
2,4,192572,192770
2,1,192770,192967
1,2,192967,0
1,4,192967,0
1,3,193066,0
2,2,193164,193362
2,3,193362,193757
1,4,193362,0
1,2,193559,0
1,1,193757,0
2,4,193757,193954
2,2,193954,194151
2,1,194151,194546
1,3,194151,0
2,4,194349,194546
1,2,194546,0
2,3,194546,194809
1,2,194809,0
2,1,194941,195138
1,4,194941,0
2,3,195138,195335
1,1,195335,0
2,2,195335,195533
2,4,195533,195730
2,1,195730,195928
1,3,195730,0
2,2,195928,196125
1,3,196125,0
2,4,196125,197309
1,1,196322,0
1,2,196520,0
1,3,196520,0
1,1,196717,0
1,3,196914,0
1,1,197013,0
1,2,197112,0
1,1,197309,0
1,3,197309,0
1,2,197408,0
1,4,197507,0
1,3,197605,0
1,1,197704,0
1,2,197704,0
