1,1,1620,0
1,2,1822,0
2,4,2025,2430
1,1,2430,0
1,3,2633,0
2,2,2836,3241
1,4,3241,0
1,3,3444,0
2,1,3647,4052
1,4,4052,0
1,2,4255,0
2,3,4457,4863
1,1,4863,0
1,2,5065,0
2,4,5268,5674
1,1,5674,0
1,3,5876,0
2,2,6079,6484
1,4,6484,0
1,1,6687,0
2,3,6890,7295
1,2,7295,0
1,1,7498,0
2,4,7701,8106
2,1,8106,9728
1,4,8511,0
1,4,8917,0
1,2,9322,0
1,3,9525,0
2,4,9728,11349
1,1,10133,0
1,1,10538,0
1,3,10944,0
1,2,11147,0
2,1,11349,12160
1,4,11755,0
2,4,12160,12971
1,2,12565,0
1,1,12971,0
1,2,13072,0
1,3,13174,0
1,4,13174,0
1,1,13376,0
1,2,13376,0
1,3,13579,0
1,4,13579,0
1,1,13782,0
1,2,13782,0
1,4,13984,0
1,3,14086,0
1,2,14187,0
1,1,14288,0
2,4,14390,14592
2,1,14592,14998
1,2,14592,0
1,4,14998,0
2,3,15201,15606
1,1,15606,0
1,2,15809,0
1,4,16011,0
1,1,16214,0
2,4,16214,16619
1,1,16619,0
2,3,16822,17228
1,2,17228,0
1,4,17430,0
1,3,17633,0
1,2,17734,0
2,1,17836,18241
1,4,17836,0
1,3,18241,0
1,4,18444,0
2,2,18647,19052
1,4,19052,0
1,3,19255,0
2,1,19457,19863
1,2,19457,0
1,3,20065,0
1,2,20268,0
1,4,20471,0
1,1,20674,0
1,2,20876,0
1,3,20978,0
1,1,21079,0
2,4,21079,21484
1,1,21484,0
2,3,21687,22092
1,2,22092,0
1,4,22295,0
1,1,22498,0
1,2,22599,0
1,3,22701,0
2,4,22701,23106
1,1,23106,0
1,3,23309,0
1,2,23613,0
1,4,23714,0
1,3,23917,0
1,1,24119,0
1,2,24322,0
2,4,24322,24728
1,3,24728,0
1,2,24930,0
1,1,25234,0
1,4,25336,0
1,3,25538,0
1,2,25741,0
1,1,25842,0
2,4,25944,26147
2,2,26147,26349
2,3,26349,26552
2,1,26552,26755
1,4,26755,0
2,2,26957,27160
2,3,27160,27565
1,1,27565,0
1,4,27565,0
1,2,27971,0
1,2,28376,0
1,2,28782,0
1,3,28782,0
1,1,29187,0
1,4,29187,0
1,3,29592,0
1,3,29998,0
1,2,30201,0
1,3,30403,0
1,4,30403,0
1,1,30809,0
1,2,30809,0
1,4,31214,0
1,4,31619,0
1,1,31822,0
1,2,32025,0
1,4,32025,0
1,2,32430,0
1,3,32430,0
1,1,32836,0
1,4,32836,0
1,3,33038,0
1,2,33241,0
1,1,33444,0
1,2,33647,0
1,4,33647,0
1,3,33849,0
1,2,33951,0
1,1,34052,0
1,4,34052,0
1,2,34457,0
1,2,34863,0
1,3,35065,0
1,2,35268,0
1,4,35268,0
1,1,35674,0
1,4,35674,0
1,3,36079,0
1,3,36484,0
1,2,36687,0
1,1,36890,0
1,3,36890,0
1,1,37295,0
1,4,37295,0
1,2,37701,0
1,3,37701,0
1,4,38106,0
1,1,38309,0
1,3,38511,0
1,4,38511,0
2,1,38917,39119
1,2,38917,0
2,4,39119,39322
1,1,39322,0
1,3,39525,0
1,2,39626,0
1,4,39728,0
2,1,39930,40133
2,4,40133,40336
1,3,40336,0
1,2,40437,0
1,1,40538,0
1,4,40538,0
1,3,40944,0
1,2,41147,0
1,3,41349,0
1,2,41552,0
1,3,41755,0
1,2,41957,0
1,1,42160,0
1,4,42160,0
1,2,42565,0
1,2,42971,0
1,3,43174,0
1,2,43376,0
1,3,43579,0
1,1,43782,0
1,4,43782,0
1,2,44187,0
1,2,44592,0
1,2,44998,0
1,1,45403,0
1,4,45403,0
1,3,45809,0
1,3,46214,0
1,1,46417,0
1,2,46518,0
1,4,46619,0
1,3,46822,0
1,2,46924,0
1,1,47025,0
1,4,47025,0
1,3,47228,0
1,2,47329,0
1,1,47430,0
1,3,47633,0
1,4,47633,0
1,2,47836,0
1,3,48038,0
1,1,48241,0
1,2,48444,0
1,3,48545,0
1,4,48647,0
1,1,48849,0
1,2,48951,0
1,3,49052,0
1,1,49255,0
1,4,49255,0
1,2,49457,0
1,3,49660,0
1,4,49660,0
1,2,49863,0
1,1,49964,0
1,3,50065,0
1,4,50167,0
2,1,50268,50471
1,3,50471,0
1,2,50572,0
2,4,50674,50876
1,1,50876,0
1,2,50978,0
2,3,51079,51282
2,1,51282,51484
2,4,51484,51687
1,3,51687,0
1,2,51788,0
2,1,51890,53106
1,4,53106,0
1,3,53207,0
1,1,53309,0
1,2,53410,0
1,3,53511,0
1,4,53511,0
2,1,53714,53917
1,2,53917,0
1,4,53917,0
2,3,54119,54322
1,1,54322,0
2,2,54525,54728
1,3,54728,0
1,4,54728,0
2,1,54930,55336
2,4,55133,55336
2,3,55336,55538
1,1,55538,0
1,4,55538,0
2,2,55741,55944
1,3,55944,0
2,1,56147,56349
1,3,56349,0
1,4,56349,0
2,2,56552,56957
2,4,56755,56957
2,3,56957,57160
1,1,57160,0
1,4,57160,0
2,2,57363,57565
1,3,57565,0
2,1,57768,57971
1,2,57971,0
1,4,57971,0
2,3,58174,58579
2,1,58376,58579
2,2,58579,58782
1,1,58782,0
1,4,58782,0
2,3,58984,59187
1,2,59187,0
2,1,59390,59592
1,2,59592,0
1,4,59592,0
2,3,59795,59998
1,1,59998,0
1,2,59998,0
2,4,60201,60403
1,1,60403,0
1,3,60403,0
2,2,60606,60809
1,4,60809,0
2,3,61011,61214
1,1,61214,0
1,2,61214,0
2,4,61417,61822
2,1,61619,61822
2,3,61822,62025
1,1,62025,0
1,4,62025,0
2,2,62228,62430
1,3,62430,0
2,1,62633,62836
1,2,62836,0
1,4,62836,0
2,3,63038,63444
2,1,63241,63444
2,2,63444,63647
1,1,63647,0
1,4,63647,0
2,3,63849,64052
1,2,64052,0
2,1,64255,64457
1,2,64457,0
1,4,64457,0
2,3,64660,64863
1,1,64863,0
2,2,65065,65268
1,3,65268,0
1,4,65268,0
1,1,65471,0
1,2,65471,0
2,4,65674,65876
2,3,65876,66079
1,1,66079,0
1,2,66180,0
1,4,66282,0
1,3,66383,0
1,1,66484,0
1,2,66484,0
2,4,66687,66890
1,1,66890,0
1,3,66890,0
2,2,67092,67295
1,4,67295,0
2,3,67498,67701
1,1,67701,0
1,2,67701,0
2,4,67903,68309
2,1,68106,68309
2,2,68309,68511
1,1,68511,0
1,4,68511,0
2,3,68714,68917
1,2,68917,0
2,4,69119,69322
1,1,69322,0
1,2,69322,0
2,3,69525,69930
2,1,69728,69930
2,2,69930,70133
1,1,70133,0
1,4,70133,0
2,3,70336,70538
1,2,70538,0
2,4,70741,70944
1,1,70944,0
1,3,70944,0
2,2,71147,71552
2,4,71349,71552
2,3,71552,71755
1,1,71755,0
1,4,71755,0
2,2,71957,72160
1,3,72160,0
2,4,72363,72565
1,1,72565,0
1,3,72565,0
2,2,72768,72971
1,3,72971,0
1,4,72971,0
2,1,73174,73376
1,2,73376,0
1,4,73376,0
2,3,73579,73782
1,1,73782,0
2,2,73984,74187
1,3,74187,0
1,4,74187,0
2,1,74390,74795
2,4,74592,74795
2,2,74795,74998
1,1,74998,0
1,4,74998,0
2,3,75201,75403
1,2,75403,0
2,4,75606,75809
1,1,75809,0
1,3,75809,0
2,2,76011,76417
2,4,76214,76417
2,3,76417,76619
1,1,76619,0
1,4,76619,0
2,2,76822,77025
1,3,77025,0
2,4,77228,77430
1,1,77430,0
1,3,77430,0
2,2,77633,77836
1,1,77836,0
1,4,77836,0
1,3,78038,0
1,2,78140,0
1,1,78241,0
1,4,78241,0
1,3,78444,0
1,1,78647,0
1,2,78647,0
2,4,78849,79052
1,1,79052,0
1,2,79153,0
1,4,79255,0
1,3,79356,0
1,1,79457,0
1,2,79457,0
2,3,79660,79863
1,1,79863,0
1,4,79863,0
2,2,80065,80268
1,4,80268,0
2,3,80471,80674
1,1,80674,0
1,2,80674,0
2,4,80876,81079
2,2,81079,81282
1,3,81079,0
2,1,81282,81484
2,2,81484,81687
1,4,81484,0
2,1,81687,81890
2,2,81890,82092
2,1,82092,82295
2,2,82295,82498
1,4,82295,0
2,1,82498,82701
1,2,82701,0
2,3,82701,82903
2,4,82903,83106
1,1,83106,0
2,3,83106,83309
2,4,83309,83511
2,3,83511,83714
2,4,83714,83917
1,1,83917,0
2,3,83917,84119
2,4,84119,84322
2,2,84322,84525
1,3,84322,0
2,1,84525,84728
1,3,84728,0
1,4,84728,0
2,2,84930,85133
2,3,85133,85336
2,2,85336,85538
2,3,85538,85741
1,4,85538,0
2,2,85741,85944
1,1,85944,0
1,4,85944,0
2,3,86147,86349
1,1,86349,0
1,2,86349,0
2,4,86552,86755
1,1,86755,0
2,3,86957,87160
1,1,87160,0
1,4,87160,0
2,2,87363,87565
1,3,87565,0
2,1,87768,87971
1,3,87971,0
1,4,87971,0
2,2,88174,88376
1,4,88376,0
2,3,88579,88782
1,1,88782,0
1,2,88782,0
2,4,88984,89187
1,2,89187,0
2,3,89390,89592
1,1,89592,0
1,4,89592,0
2,2,89795,89998
2,4,89998,90201
2,3,90201,90403
1,1,90403,0
1,2,90403,0
2,4,90606,90809
2,1,90809,91011
2,3,91011,91214
1,1,91214,0
1,4,91214,0
1,2,91417,0
1,3,91619,0
1,4,91619,0
1,1,91822,0
1,2,91822,0
1,3,92025,0
1,4,92025,0
1,1,92228,0
1,2,92228,0
