1,3,148,0
1,4,148,0
1,2,433,0
1,1,433,0
1,3,719,0
1,1,719,0
1,4,719,0
1,2,1148,0
1,1,1148,0
1,3,1433,0
1,4,1433,0
1,1,1576,0
1,4,1862,0
1,2,1862,0
1,1,1862,0
1,3,2005,0
1,4,2148,0
1,1,2219,0
1,2,2290,0
1,1,2433,0
1,4,2433,0
1,3,2433,0
1,1,2719,0
1,2,2719,0
1,3,3005,0
1,4,3005,0
1,1,3005,0
1,1,3433,0
1,2,3433,0
1,4,3576,0
1,1,3719,0
1,4,3862,0
1,2,4005,0
1,3,4076,0
1,4,4148,0
1,1,4148,0
1,2,4148,0
1,1,4290,0
1,4,4433,0
1,3,4505,0
1,1,4576,0
1,2,4648,0
1,4,4719,0
1,3,4719,0
1,1,4719,0
1,1,5005,0
1,2,5005,0
1,4,5290,0
1,3,5290,0
1,1,5290,0
1,2,5719,0
1,1,5719,0
1,4,6005,0
1,3,6005,0
1,1,6148,0
1,2,6433,0
1,1,6433,0
1,4,6433,0
1,3,6576,0
1,4,6719,0
1,3,6790,0
1,1,6862,0
1,2,6933,0
1,1,7005,0
1,4,7005,0
1,3,7005,0
1,1,7290,0
1,2,7290,0
1,4,7576,0
1,1,7576,0
1,3,7576,0
1,2,7862,0
1,1,7862,0
1,4,8005,0
2,4,8290,8433
2,1,8290,8433
2,3,8433,8576
2,2,8433,8576
1,1,8719,0
1,3,8719,0
1,4,8719,0
1,4,8862,0
1,2,8862,0
1,1,9005,0
2,3,9005,9290
2,2,9005,9290
2,1,9290,9433
2,4,9290,9433
2,3,9433,9576
1,2,9433,0
2,1,9719,9862
2,4,9719,9862
1,3,9862,0
2,2,9862,10005
2,2,10148,10290
2,4,10148,10290
1,3,10290,0
2,1,10290,10433
2,1,10576,10719
2,3,10576,10719
2,4,10719,10862
1,2,10719,0
1,4,11005,0
1,3,11005,0
1,2,11148,0
1,1,11148,0
1,4,11290,0
1,3,11290,0
1,1,11433,0
1,2,11433,0
2,4,11576,11719
2,3,11576,11719
2,1,11719,11862
1,2,11719,0
2,1,12005,12148
2,2,12005,12148
1,3,12148,0
2,4,12148,12290
2,1,12433,12576
2,3,12433,12576
1,4,12576,0
2,2,12576,12719
2,2,12862,13005
2,4,12862,13005
1,1,13005,0
2,3,13005,13148
1,4,13290,0
1,1,13290,0
1,2,13433,0
1,3,13433,0
1,1,13576,0
1,4,13576,0
1,3,13719,0
1,2,13719,0
1,1,13862,0
2,4,13862,14005
1,3,14005,0
2,2,14005,14148
1,4,14290,0
2,1,14290,14433
1,2,14433,0
2,3,14433,14576
1,1,14719,0
2,4,14719,14862
1,3,14862,0
2,2,14862,15005
2,1,15148,15290
1,4,15148,0
1,2,15290,0
2,3,15290,15433
1,4,15576,0
1,2,15576,0
1,1,15719,0
1,3,15719,0
1,4,15862,0
1,2,15862,0
1,3,16005,0
1,1,16005,0
1,2,16148,0
2,4,16148,16290
2,1,16290,16433
1,3,16290,0
2,4,16576,16719
1,3,16576,0
1,2,16719,0
2,1,16719,16862
1,2,17005,0
2,4,17005,17148
2,1,17148,17290
1,3,17148,0
1,4,17433,0
2,2,17433,17576
1,1,17576,0
2,3,17576,17719
1,2,17719,0
1,1,17719,0
1,4,17862,0
1,3,17862,0
1,1,18005,0
1,2,18005,0
1,4,18148,0
1,3,18148,0
1,3,18290,0
1,2,18290,0
1,1,18433,0
1,4,18433,0
1,2,18433,0
1,3,18719,0
1,4,18719,0
1,3,19148,0
1,2,19290,0
1,1,19290,0
1,4,19433,0
1,3,19719,0
1,4,19719,0
1,1,19862,0
1,2,19862,0
1,4,20148,0
1,2,20148,0
2,1,20290,20433
2,2,20433,20576
1,4,20433,0
2,4,20576,20719
1,1,20719,0
1,3,20719,0
1,2,21005,0
1,4,21005,0
1,2,21148,0
1,3,21433,0
1,1,21576,0
1,3,21576,0
1,2,21862,0
1,2,22005,0
1,4,22148,0
1,3,22148,0
1,1,22290,0
1,1,22433,0
1,3,22576,0
2,1,22719,23005
2,4,22719,23005
1,3,22719,0
1,2,23005,0
1,3,23005,0
1,2,23290,0
1,1,23290,0
1,2,23719,0
1,4,23862,0
1,3,23862,0
1,1,24005,0
1,4,24290,0
1,4,24433,0
1,2,24433,0
1,1,24576,0
1,3,24719,0
1,1,24719,0
2,4,24862,25005
2,2,25005,25148
1,1,25005,0
2,1,25148,25290
1,2,25290,0
1,4,25290,0
1,3,25576,0
1,1,25576,0
1,3,25719,0
1,2,26005,0
1,4,26148,0
1,2,26148,0
1,4,26433,0
1,3,26433,0
1,1,26576,0
1,2,26576,0
1,4,26719,0
1,1,26719,0
1,3,26719,0
1,2,26862,0
1,4,27005,0
1,3,27076,0
1,1,27148,0
1,2,27219,0
1,4,27290,0
1,3,27362,0
1,1,27433,0
1,2,27505,0
1,4,27576,0
1,3,27576,0
1,1,27576,0
1,3,27719,0
1,4,27862,0
1,1,27862,0
1,2,27862,0
1,4,28005,0
1,3,28148,0
1,2,28148,0
1,2,28290,0
1,1,28433,0
1,3,28433,0
1,4,28433,0
1,1,28576,0
1,3,28719,0
1,2,28719,0
1,3,28862,0
1,4,29005,0
1,1,29005,0
1,2,29005,0
1,4,29148,0
1,3,29290,0
1,2,29290,0
1,2,29433,0
1,3,29576,0
1,1,29576,0
1,4,29576,0
1,1,29719,0
1,2,29790,0
1,4,29862,0
1,3,29862,0
1,3,30005,0
1,4,30148,0
1,1,30148,0
1,2,30148,0
1,4,30290,0
1,3,30433,0
1,2,30433,0
1,2,30576,0
1,4,30719,0
1,1,30719,0
1,3,30719,0
1,1,30862,0
1,2,30933,0
1,3,31005,0
1,4,31005,0
1,3,31148,0
1,4,31290,0
1,1,31290,0
1,2,31290,0
1,4,31433,0
1,2,31576,0
1,3,31576,0
1,2,31719,0
1,4,31862,0
1,1,31862,0
1,3,31862,0
1,1,32005,0
1,2,32148,0
1,3,32148,0
1,4,32148,0
1,2,32290,0
1,1,32433,0
1,3,32433,0
1,4,32433,0
1,3,32576,0
1,1,32719,0
1,4,32719,0
1,1,32862,0
1,4,33005,0
1,3,33005,0
1,2,33005,0
1,4,33148,0
1,3,33219,0
1,1,33290,0
1,2,33290,0
1,1,33433,0
1,2,33576,0
1,4,33576,0
1,3,33576,0
1,4,33719,0
1,1,33862,0
1,2,33862,0
1,2,34005,0
1,3,34148,0
1,4,34148,0
1,1,34148,0
1,3,34290,0
1,2,34362,0
1,1,34433,0
1,4,34433,0
1,4,34576,0
1,3,34719,0
1,2,34719,0
1,1,34719,0
1,1,34862,0
1,3,35005,0
1,2,35005,0
1,3,35148,0
1,1,35290,0
1,4,35290,0
1,2,35290,0
1,2,35433,0
1,4,35576,0
1,1,35576,0
1,2,35719,0
1,3,35790,0
1,4,35862,0
1,1,36005,0
1,2,36005,0
1,4,36005,0
1,4,36148,0
1,1,36148,0
1,3,36148,0
1,1,36290,0
1,4,36290,0
1,3,36433,0
1,2,36433,0
1,2,36576,0
1,1,36576,0
1,3,36719,0
1,2,36719,0
1,4,36719,0
2,1,36719,38005
1,2,36862,0
1,4,37005,0
1,2,37148,0
1,4,37290,0
1,3,37290,0
1,2,37433,0
1,3,37576,0
1,4,37576,0
1,4,37719,0
1,2,37719,0
1,3,38005,0
1,4,38148,0
2,1,38148,38290
1,3,38290,0
2,4,38433,38576
1,1,38433,0
1,2,38576,0
2,1,38719,38862
1,3,38862,0
1,1,39005,0
1,3,39005,0
2,4,39005,41148
1,2,39148,0
1,1,39290,0
1,3,39433,0
1,1,39576,0
1,2,39576,0
1,3,39719,0
1,1,39862,0
1,2,39862,0
1,3,40005,0
1,1,40005,0
1,2,40148,0
1,1,40290,0
1,1,40433,0
1,3,40433,0
1,3,40576,0
1,1,40719,0
1,2,40719,0
1,3,40862,0
1,1,41005,0
1,2,41148,0
1,3,41148,0
1,1,41290,0
1,4,41290,0
2,2,41290,42719
1,3,41433,0
1,1,41576,0
1,3,41719,0
1,4,41862,0
1,3,41862,0
1,1,42005,0
1,4,42148,0
1,3,42148,0
1,4,42290,0
1,1,42290,0
1,1,42433,0
1,4,42576,0
1,3,42719,0
2,1,42719,43005
1,3,42862,0
2,4,43005,43290
1,2,43005,0
1,2,43148,0
2,1,43290,43576
1,3,43290,0
1,2,43433,0
1,4,43576,0
2,3,43576,45433
1,2,43719,0
1,1,43862,0
1,2,44005,0
1,4,44148,0
1,1,44148,0
1,2,44290,0
1,4,44433,0
1,1,44433,0
1,1,44576,0
1,2,44576,0
1,4,44719,0
1,1,44862,0
1,4,45005,0
1,2,45005,0
1,4,45148,0
1,1,45148,0
1,1,45290,0
1,2,45290,0
1,4,45433,0
1,2,45433,0
1,4,45576,0
1,1,45576,0
1,1,45719,0
1,3,45719,0
2,1,45862,46290
1,3,46219,0
2,2,46290,46719
1,4,46648,0
2,3,46719,47148
2,4,47148,47576
1,1,47148,0
2,1,47576,48148
2,3,47576,48148
2,2,47576,48148
1,4,48148,0
1,2,48290,0
1,2,48433,0
1,4,48433,0
1,1,48433,0
1,2,48719,0
1,4,48719,0
1,3,48862,0
1,1,49005,0
1,2,49005,0
1,3,49148,0
2,4,49290,49576
1,1,49290,0
1,1,49433,0
2,2,49576,49719
1,3,49576,0
2,3,49719,50148
1,1,49862,0
1,2,49862,0
1,2,50005,0
1,4,50148,0
2,1,50148,50433
1,2,50433,0
1,4,50433,0
1,2,50576,0
1,3,50719,0
1,1,50719,0
1,4,50862,0
1,2,51005,0
1,4,51005,0
1,1,51148,0
1,3,51290,0
1,2,51290,0
2,4,51433,51862
1,1,51576,0
1,3,51576,0
1,2,51719,0
1,1,51862,0
1,3,51862,0
1,3,52005,0
1,1,52148,0
1,4,52148,0
1,2,52290,0
1,3,52362,0
1,1,52433,0
1,4,52433,0
1,3,52576,0
1,2,52576,0
1,4,52719,0
1,1,52719,0
1,3,52719,0
1,3,53005,0
1,1,53005,0
1,2,53005,0
1,2,53290,0
1,1,53290,0
1,3,53433,0
1,4,53433,0
1,1,53576,0
1,4,53576,0
1,2,53576,0
1,2,53719,0
2,4,53862,54148
1,1,53862,0
1,2,54005,0
2,3,54148,54290
1,2,54148,0
2,1,54290,54719
1,4,54433,0
1,2,54433,0
1,3,54576,0
1,2,54719,0
2,4,54719,55005
1,3,55005,0
1,2,55005,0
1,1,55148,0
1,2,55290,0
1,3,55290,0
1,1,55433,0
1,3,55433,0
1,4,55576,0
1,2,55576,0
1,1,55862,0
1,3,55862,0
1,4,56005,0
1,2,56076,0
1,4,56148,0
1,1,56290,0
1,2,56290,0
1,3,56362,0
1,4,56362,0
1,1,56433,0
1,2,56433,0
1,4,56576,0
1,3,56576,0
1,2,56719,0
1,3,56719,0
1,1,56862,0
1,2,56862,0
2,1,57005,57290
1,4,57148,0
1,3,57148,0
2,4,57290,57862
2,2,57290,57576
2,1,57576,57862
2,3,57862,58148
1,2,57862,0
1,2,58005,0
2,1,58148,58433
2,4,58148,58433
1,2,58148,0
2,2,58433,58719
2,1,58719,59005
2,4,58719,59005
2,3,59005,59576
2,2,59148,59576
1,1,59290,0
1,4,59290,0
1,1,59576,0
1,4,59576,0
1,3,59719,0
1,2,59862,0
1,1,59862,0
1,4,60005,0
1,3,60148,0
1,1,60148,0
1,3,60433,0
1,4,60433,0
1,1,60576,0
1,2,60719,0
2,4,60719,61005
1,3,60862,0
2,1,61005,61148
1,2,61005,0
2,2,61148,61576
1,3,61148,0
1,3,61290,0
1,4,61290,0
1,1,61433,0
1,3,61505,0
1,1,61576,0
2,4,61576,61862
1,2,61719,0
1,3,61719,0
2,1,61862,62148
1,3,61862,0
1,2,61862,0
2,2,62148,62433
2,4,62148,62433
2,1,62433,62719
1,3,62433,0
1,3,62576,0
2,4,62719,63005
2,2,62719,63005
1,3,62719,0
2,3,63005,63290
2,4,63290,63576
2,1,63290,63576
2,3,63576,64148
2,2,63719,64148
1,1,63862,0
1,4,63862,0
1,4,64148,0
1,1,64148,0
1,2,64290,0
1,4,64433,0
1,2,64576,0
1,4,64719,0
1,1,64719,0
1,2,65005,0
1,1,65005,0
1,4,65148,0
1,3,65290,0
1,2,65290,0
1,4,65433,0
1,3,65433,0
1,2,65505,0
1,1,65505,0
1,4,65576,0
1,3,65576,0
1,1,65719,0
1,2,65862,0
1,4,65862,0
2,3,66148,66433
2,2,66148,66433
2,1,66433,66576
2,4,66433,66576
2,2,66576,66719
1,1,66719,0
2,1,66862,67005
2,4,66862,67005
2,2,67005,67148
1,3,67005,0
1,1,67148,0
2,4,67290,67433
2,3,67290,67433
2,1,67433,67576
1,2,67433,0
2,3,67719,67862
2,4,67719,67862
2,2,67862,68005
1,1,68005,0
1,3,68148,0
1,1,68148,0
1,4,68148,0
1,2,68290,0
1,3,68290,0
1,1,68433,0
2,3,68576,68719
1,4,68576,0
2,2,68719,68862
2,1,68719,68862
2,4,68862,69005
1,3,69005,0
2,1,69148,69290
2,2,69148,69290
2,3,69290,69433
1,4,69290,0
1,1,69433,0
2,2,69576,69719
2,4,69576,69719
2,3,69719,69862
1,1,69719,0
2,1,70005,70148
2,3,70005,70148
2,2,70148,70290
1,4,70148,0
1,4,70433,0
1,2,70433,0
1,3,70576,0
1,4,70719,0
1,1,70719,0
1,3,70862,0
1,2,70862,0
2,1,71005,71148
1,4,71005,0
2,2,71148,71290
1,4,71148,0
2,4,71433,71576
1,1,71433,0
2,3,71576,71719
1,1,71576,0
2,1,71862,72005
1,3,71862,0
2,4,72005,72148
1,2,72005,0
1,4,72290,0
2,2,72290,72433
2,3,72433,72576
1,1,72433,0
2,4,72719,72862
1,2,72719,0
1,1,72719,0
2,2,72862,73005
1,3,72862,0
2,3,73005,73290
1,1,73005,0
1,4,73148,0
2,1,73290,73433
1,2,73290,0
1,3,73433,0
2,4,73433,73576
1,3,73719,0
2,1,73719,73862
2,4,73862,74005
1,2,73862,0
1,3,74005,0
2,1,74148,74290
1,2,74148,0
1,3,74290,0
2,4,74290,74433
1,2,74433,0
2,3,74576,74719
1,1,74576,0
2,2,74719,74862
1,4,74719,0
1,4,74862,0
1,3,74862,0
1,2,75005,0
1,1,75005,0
1,3,75148,0
1,4,75148,0
1,2,75290,0
1,1,75290,0
1,3,75433,0
1,2,75433,0
1,3,75576,0
1,1,75576,0
1,4,75576,0
1,1,75862,0
1,4,76148,0
1,4,76433,0
1,1,76576,0
1,3,76862,0
1,2,77005,0
1,3,77148,0
1,1,77719,0
1,3,77862,0
1,3,78148,0
1,4,78290,0
1,2,78576,0
1,2,78862,0
1,4,79148,0
1,2,79290,0
1,1,79433,0
1,1,80433,0
1,4,80719,0
1,3,80719,0
1,2,81005,0
1,4,81148,0
1,1,81433,0
1,3,81576,0
1,1,81719,0
1,3,81862,0
1,4,81862,0
1,4,82290,0
1,4,82433,0
1,3,82719,0
1,3,82862,0
1,1,83005,0
1,4,83005,0
1,2,83148,0
1,2,83433,0
1,1,83719,0
1,4,83719,0
1,3,83719,0
1,4,83862,0
1,2,84005,0
2,1,84290,84433
2,2,84290,84433
2,4,84576,84719
2,3,84576,84719
1,1,84719,0
1,2,84719,0
1,2,84862,0
1,1,85005,0
1,4,85005,0
1,3,85005,0
1,3,85148,0
1,1,85290,0
1,2,85290,0
1,2,85433,0
1,1,85576,0
1,4,85576,0
1,3,85576,0
1,3,85719,0
1,2,85862,0
1,1,85862,0
1,2,86005,0
1,4,86148,0
1,1,86148,0
1,3,86148,0
1,3,86290,0
1,1,86433,0
1,2,86433,0
1,2,86576,0
1,4,86719,0
1,1,86719,0
1,3,86719,0
1,3,86862,0
1,4,86933,0
1,2,87005,0
1,1,87005,0
1,1,87148,0
1,3,87290,0
1,2,87290,0
1,4,87290,0
1,4,87433,0
1,3,87576,0
1,2,87576,0
1,1,87719,0
1,3,87862,0
1,2,87862,0
1,1,87862,0
1,4,88005,0
1,1,88076,0
1,2,88148,0
1,3,88148,0
1,1,88290,0
1,3,88433,0
1,4,88433,0
1,2,88433,0
1,4,88576,0
1,2,88719,0
1,3,88719,0
1,1,88862,0
1,1,89005,0
1,2,89005,0
1,3,89005,0
1,4,89148,0
1,2,89290,0
1,3,89290,0
1,4,89290,0
1,2,89433,0
1,4,89576,0
1,1,89576,0
1,3,89576,0
1,3,89719,0
1,1,89862,0
1,2,89862,0
1,2,90005,0
1,4,90148,0
1,3,90148,0
1,1,90148,0
1,3,90290,0
1,1,90433,0
1,2,90433,0
1,2,90576,0
1,4,90719,0
1,3,90719,0
1,1,90719,0
1,3,90862,0
1,2,91005,0
1,1,91005,0
1,2,91148,0
1,4,91290,0
1,3,91290,0
1,1,91290,0
1,3,91433,0
1,4,91505,0
1,2,91576,0
1,1,91576,0
1,1,91719,0
1,2,91862,0
1,3,91862,0
1,4,91862,0
1,4,92005,0
1,2,92148,0
1,3,92148,0
1,1,92290,0
1,3,92433,0
1,2,92433,0
1,1,92433,0
1,4,92576,0
1,3,92719,0
1,2,92719,0
1,2,92862,0
1,1,92862,0
1,3,92933,0
1,4,92933,0
1,1,93005,0
1,2,93005,0
1,4,93148,0
1,1,93148,0
1,4,93290,0
1,3,93290,0
1,2,93433,0
1,1,93433,0
1,3,93576,0
1,2,93576,0
1,4,93719,0
1,1,93719,0
1,1,93862,0
2,4,93862,95148
1,2,93862,0
1,3,93862,0
1,3,94005,0
1,1,94148,0
1,3,94290,0
1,2,94433,0
1,1,94433,0
1,3,94576,0
1,1,94719,0
1,2,94719,0
1,3,94862,0
1,1,94862,0
1,2,95005,0
1,2,95148,0
2,4,95290,95433
1,1,95290,0
1,2,95433,0
1,4,95576,0
2,1,95576,95719
1,3,95719,0
2,4,95862,96005
1,2,96005,0
2,1,96148,98290
1,2,96148,0
1,4,96148,0
1,3,96290,0
1,4,96433,0
1,2,96576,0
1,3,96719,0
1,4,96719,0
1,2,96862,0
1,3,97005,0
1,4,97005,0
1,4,97148,0
1,2,97148,0
1,3,97290,0
1,4,97433,0
1,2,97576,0
1,4,97576,0
1,2,97719,0
1,3,97862,0
1,4,97862,0
1,2,98005,0
1,4,98148,0
1,2,98290,0
1,3,98290,0
2,3,98433,99862
1,1,98433,0
1,4,98433,0
1,2,98576,0
1,4,98719,0
1,2,98862,0
1,2,99005,0
1,1,99005,0
1,4,99148,0
1,2,99290,0
1,1,99290,0
1,4,99433,0
1,1,99433,0
1,2,99576,0
1,1,99719,0
2,4,99862,100148
1,2,99862,0
1,3,100005,0
1,2,100148,0
2,1,100148,100433
1,2,100290,0
1,3,100433,0
2,4,100433,100719
1,3,100576,0
2,2,100719,102576
1,1,100719,0
1,3,100862,0
1,4,101005,0
1,3,101148,0
1,4,101290,0
1,1,101290,0
1,3,101433,0
1,4,101576,0
1,1,101576,0
1,3,101719,0
1,4,101719,0
1,1,101862,0
1,4,102005,0
1,3,102148,0
1,1,102148,0
1,1,102290,0
1,3,102433,0
1,4,102433,0
1,3,102576,0
1,1,102576,0
1,4,102719,0
1,2,102719,0
1,3,102862,0
1,1,102862,0
2,4,103005,103433
1,2,103005,0
2,2,103433,103862
1,4,103790,0
2,3,103862,104290
1,1,104219,0
2,2,104290,104719
2,4,104719,105005
2,1,104719,105005
2,3,104719,105290
1,2,105005,0
1,1,105290,0
1,4,105290,0
1,2,105290,0
1,2,105433,0
1,3,105576,0
1,1,105576,0
1,4,105576,0
1,3,105862,0
1,1,105862,0
1,2,106005,0
1,4,106148,0
1,3,106148,0
1,2,106290,0
2,1,106433,106719
1,4,106433,0
1,4,106576,0
2,3,106719,106862
1,2,106719,0
2,2,106862,107290
1,4,107005,0
1,3,107005,0
1,3,107148,0
1,1,107290,0
2,4,107290,107576
1,3,107576,0
1,1,107576,0
1,3,107719,0
1,2,107862,0
1,4,107862,0
1,1,108005,0
1,3,108148,0
1,1,108148,0
1,4,108290,0
1,2,108433,0
1,3,108433,0
2,1,108576,108719
1,4,108719,0
1,2,108719,0
2,3,108719,109005
1,4,109005,0
1,2,109005,0
1,2,109148,0
1,4,109290,0
1,1,109290,0
1,3,109433,0
1,2,109505,0
1,4,109576,0
1,1,109576,0
1,2,109719,0
1,3,109719,0
1,1,109862,0
1,4,109862,0
1,2,109862,0
1,2,110148,0
1,4,110148,0
1,3,110148,0
1,3,110433,0
1,4,110433,0
1,2,110576,0
1,1,110576,0
1,4,110719,0
1,1,110719,0
1,3,110719,0
1,3,110862,0
2,1,111005,111148
1,2,111005,0
2,3,111148,111290
1,4,111148,0
2,2,111290,111433
1,1,111290,0
2,4,111433,111862
1,3,111433,0
1,1,111576,0
1,3,111576,0
1,2,111719,0
1,3,111862,0
2,1,111862,112148
1,2,112148,0
1,3,112148,0
1,4,112290,0
1,3,112433,0
1,2,112433,0
1,4,112576,0
1,2,112576,0
1,1,112719,0
1,3,112719,0
1,4,113005,0
1,2,113005,0
1,1,113148,0
1,3,113219,0
1,1,113290,0
1,4,113433,0
1,3,113433,0
1,2,113505,0
1,1,113505,0
1,4,113576,0
1,3,113576,0
1,1,113719,0
1,2,113719,0
1,3,113862,0
1,2,113862,0
1,4,114005,0
1,3,114005,0
2,4,114148,114433
1,1,114290,0
1,2,114290,0
2,1,114433,115005
2,3,114433,114719
2,4,114719,115005
2,2,115005,115290
1,3,115005,0
1,3,115148,0
2,4,115290,115576
2,1,115290,115576
1,3,115290,0
2,3,115576,115862
2,4,115862,116148
2,1,115862,116148
2,2,116148,116719
2,3,116290,116719
1,4,116433,0
1,1,116433,0
1,4,116719,0
1,3,117005,0
1,4,117005,0
1,1,117148,0
1,2,117290,0
1,4,117290,0
1,2,117576,0
1,1,117576,0
1,4,117719,0
1,3,117862,0
2,1,117862,118148
1,2,118005,0
2,4,118148,118290
1,3,118148,0
2,3,118290,118719
1,2,118290,0
1,2,118433,0
1,1,118433,0
1,4,118576,0
1,2,118648,0
1,4,118719,0
2,1,118719,119005
1,3,118862,0
1,2,118862,0
2,4,119005,119290
1,2,119005,0
1,3,119005,0
2,3,119290,119576
2,1,119290,119576
2,4,119576,119862
1,2,119576,0
1,2,119719,0
2,1,119862,120148
2,3,119862,120148
1,2,119862,0
2,2,120148,120433
2,1,120433,120719
2,4,120433,120719
2,2,120719,120862
2,3,120862,121290
1,4,121005,0
1,1,121005,0
1,1,121290,0
1,4,121290,0
1,3,121433,0
1,2,121576,0
1,3,121719,0
1,1,121862,0
1,4,121862,0
1,3,122148,0
1,4,122148,0
1,1,122290,0
1,2,122433,0
1,3,122433,0
1,1,122576,0
1,2,122576,0
1,3,122648,0
1,4,122648,0
1,1,122719,0
1,2,122719,0
1,4,122862,0
1,3,123005,0
1,1,123005,0
2,3,123290,123576
2,2,123290,123576
2,1,123576,124719
1,4,123576,0
1,3,123719,0
1,2,123862,0
1,3,124005,0
2,4,124148,124290
1,3,124290,0
2,2,124433,124576
1,3,124576,0
2,4,124719,125862
1,3,124719,0
1,2,124862,0
1,1,125005,0
1,3,125148,0
2,2,125290,125433
1,3,125433,0
2,1,125576,125719
1,2,125719,0
2,3,125862,127005
1,2,125862,0
1,1,126005,0
1,2,126148,0
1,1,126290,0
2,4,126433,126576
2,2,126576,126719
2,4,126719,126862
2,2,126862,127005
2,4,127005,127148
2,1,127005,127576
2,2,127148,127290
2,4,127290,127433
2,3,127433,127576
2,2,127576,127719
2,4,127576,128148
2,3,127719,127862
2,2,127862,128005
2,1,128005,128148
2,2,128148,129290
1,3,128148,0
1,1,128290,0
1,4,128433,0
1,1,128576,0
2,3,128719,128862
1,4,128862,0
2,1,129005,129148
1,4,129148,0
2,1,129290,130433
1,3,129290,0
1,4,129433,0
1,3,129505,0
1,2,129576,0
1,4,129719,0
2,3,129862,130005
1,4,130005,0
2,2,130148,130290
1,3,130290,0
2,4,130433,131576
1,3,130433,0
1,2,130576,0
1,3,130719,0
1,1,130862,0
2,2,131005,131148
1,1,131148,0
2,3,131290,131433
1,1,131433,0
2,2,131576,132148
2,3,131576,131719
1,4,131719,0
2,1,131862,132005
1,3,132005,0
2,1,132148,132719
2,4,132148,132290
1,3,132290,0
2,2,132433,132576
1,3,132576,0
1,4,132719,0
1,4,132862,0
1,4,133005,0
1,3,133148,0
1,1,133290,0
1,1,133433,0
1,3,133576,0
1,2,133719,0
1,3,133862,0
1,2,134005,0
1,1,134148,0
1,1,134290,0
2,4,134433,134719
1,2,134576,0
2,1,134719,135005
1,3,134862,0
1,4,135005,0
1,4,135148,0
1,2,135290,0
1,2,135433,0
1,3,135576,0
1,3,135719,0
1,1,135862,0
1,1,136005,0
2,1,136148,136433
2,4,136148,136433
1,2,136148,0
2,2,136433,137290
1,3,136433,0
1,3,136576,0
2,4,136719,136862
2,3,136862,137005
2,4,137005,137148
2,1,137148,137290
1,4,137290,0
1,3,137290,0
1,3,137433,0
1,3,137576,0
1,2,137719,0
1,4,137862,0
1,4,138005,0
1,4,138148,0
1,1,138290,0
1,3,138433,0
1,2,138576,0
1,3,138648,0
1,2,138719,0
1,3,138862,0
1,2,139005,0
1,3,139148,0
1,1,139290,0
1,3,139433,0
1,1,139576,0
1,2,139719,0
1,4,139862,0
1,1,140005,0
1,3,140148,0
1,4,140290,0
1,3,140433,0
1,1,140576,0
2,2,140719,141005
1,3,140719,0
1,4,140862,0
2,4,141005,141290
1,1,141005,0
1,1,141148,0
2,3,141290,141576
1,2,141290,0
1,1,141433,0
2,2,141576,141862
1,4,141576,0
1,1,141719,0
1,1,141862,0
1,4,141862,0
1,3,141862,0
1,2,142005,0
1,2,142148,0
1,1,142148,0
1,3,142290,0
1,3,142433,0
1,4,142433,0
1,1,142433,0
1,2,142576,0
1,1,142719,0
1,2,142719,0
1,3,142862,0
1,4,143005,0
1,3,143005,0
1,1,143148,0
1,2,143219,0
1,3,143290,0
1,4,143290,0
1,1,143433,0
1,1,143576,0
1,4,143576,0
1,3,143576,0
1,2,143862,0
1,4,144005,0
1,3,144076,0
1,2,144148,0
1,1,144148,0
1,3,144290,0
1,3,144433,0
1,4,144433,0
1,2,144576,0
1,4,144719,0
1,1,144719,0
1,2,144719,0
1,3,144862,0
1,4,145005,0
1,3,145005,0
1,2,145148,0
1,1,145290,0
1,2,145290,0
1,3,145433,0
1,4,145576,0
1,3,145576,0
1,2,145719,0
1,1,145862,0
1,2,145862,0
1,4,145862,0
1,3,146148,0
1,1,146433,0
1,2,146433,0
1,2,146576,0
1,1,146576,0
1,4,146719,0
1,3,146719,0
1,1,146862,0
1,4,147005,0
1,3,147005,0
1,1,147005,0
1,3,147148,0
1,4,147148,0
1,2,147290,0
1,1,147290,0
1,3,147433,0
1,4,147576,0
1,3,147576,0
1,3,147719,0
1,2,147719,0
1,1,147862,0
1,2,147862,0
1,3,148005,0
1,4,148005,0
1,2,148148,0
1,4,148148,0
1,1,148148,0
1,3,148433,0
1,4,148433,0
1,1,148576,0
1,2,148648,0
1,4,148719,0
1,3,148719,0
1,2,148862,0
1,2,149005,0
1,1,149005,0
1,4,149148,0
1,3,149148,0
1,4,149290,0
1,2,149290,0
1,1,149290,0
1,1,149433,0
1,2,149433,0
1,4,149576,0
1,3,149576,0
1,2,149719,0
1,1,149719,0
1,3,149790,0
1,1,149862,0
1,2,149862,0
1,4,149862,0
1,4,150005,0
1,1,150005,0
1,3,150005,0
1,2,150148,0
1,3,150290,0
1,4,150290,0
1,4,150433,0
1,1,150433,0
2,2,150433,151005
1,4,151005,0
2,1,151005,151862
1,3,151005,0
2,3,151862,152148
2,2,152148,153005
2,4,153005,153290
2,3,153290,154148
2,1,154148,154433
2,4,154433,154719
2,2,154719,155005
2,3,155005,155290
2,4,155290,155576
2,1,155576,156433
2,3,156433,156719
2,4,156719,157576
2,2,157576,157790
2,1,157576,157790
2,3,157576,157790
1,1,159862,0
1,4,159862,0
2,3,159862,160148
1,1,160148,0
1,2,160148,0
1,4,160148,0
1,2,160290,0
1,3,160433,0
1,1,160433,0
1,4,160433,0
1,3,160719,0
1,1,160719,0
1,2,160862,0
1,4,161005,0
1,3,161005,0
1,2,161148,0
2,1,161290,161576
1,4,161290,0
1,4,161433,0
2,3,161576,161719
1,2,161576,0
2,2,161719,162148
1,4,161862,0
1,3,161862,0
1,3,162005,0
1,1,162148,0
2,4,162148,162433
1,3,162433,0
1,1,162433,0
1,3,162576,0
1,2,162719,0
1,4,162719,0
1,1,162862,0
1,3,163005,0
1,1,163005,0
1,4,163148,0
1,2,163290,0
1,3,163290,0
2,1,163433,163576
1,4,163576,0
1,2,163576,0
2,3,163576,163862
1,4,163862,0
1,2,163862,0
1,2,164005,0
1,4,164148,0
1,1,164148,0
1,3,164290,0
1,2,164362,0
1,4,164433,0
1,1,164433,0
1,2,164576,0
1,3,164576,0
1,1,164719,0
1,4,164719,0
1,2,164719,0
1,3,165005,0
1,1,165005,0
1,4,165005,0
1,2,165290,0
1,1,165290,0
1,3,165433,0
1,4,165433,0
1,1,165576,0
1,4,165576,0
1,2,165576,0
1,2,165719,0
2,4,165862,166005
1,3,165862,0
2,2,166005,166148
1,1,166005,0
2,3,166148,166290
1,4,166148,0
2,1,166290,166719
1,2,166290,0
1,4,166433,0
1,2,166433,0
1,3,166576,0
1,2,166719,0
2,4,166719,167005
1,3,167005,0
1,2,167005,0
1,1,167148,0
1,2,167290,0
1,3,167290,0
1,1,167433,0
1,3,167433,0
1,4,167576,0
1,2,167576,0
1,1,167862,0
1,2,167862,0
1,3,168005,0
1,2,168076,0
1,1,168148,0
1,4,168290,0
1,3,168290,0
1,1,168362,0
1,2,168362,0
1,4,168433,0
1,3,168433,0
1,2,168576,0
1,1,168576,0
1,3,168719,0
1,4,168719,0
1,1,168790,0
1,2,168790,0
1,4,168862,0
1,3,168862,0
1,1,168933,0
1,2,168933,0
1,4,169005,0
1,3,169005,0
1,1,169076,0
1,2,169076,0
1,4,169148,0
1,3,169148,0
1,1,169219,0
1,2,169219,0
1,3,169290,0
1,4,169290,0
1,1,169290,0
1,4,169576,0
1,1,169576,0
1,2,169576,0
1,4,169862,0
1,2,169862,0
1,3,170005,0
1,2,170148,0
1,1,170148,0
1,3,170290,0
1,1,170433,0
2,4,170433,170719
1,1,170576,0
1,3,170719,0
2,2,170719,170862
2,3,170862,171290
1,2,171005,0
1,1,171005,0
1,2,171148,0
2,1,171290,171576
1,4,171290,0
1,4,171576,0
1,2,171576,0
1,2,171719,0
1,1,171862,0
1,3,171862,0
1,4,172005,0
1,4,172148,0
1,2,172148,0
1,1,172290,0
1,2,172433,0
1,3,172433,0
2,4,172576,172719
2,2,172719,173005
1,3,172719,0
1,1,172719,0
1,3,173005,0
1,1,173005,0
1,3,173148,0
1,4,173290,0
1,1,173290,0
1,2,173433,0
1,3,173505,0
1,4,173576,0
1,1,173576,0
1,2,173719,0
1,3,173719,0
1,3,173862,0
1,1,173862,0
1,4,173862,0
1,4,174148,0
1,2,174148,0
1,1,174148,0
1,4,174433,0
1,3,174433,0
1,1,174576,0
1,2,174576,0
1,3,174719,0
1,1,174719,0
1,4,174719,0
1,3,174862,0
1,2,175005,0
2,1,175005,175148
1,4,175148,0
1,3,175148,0
1,1,175290,0
2,2,175290,175433
1,3,175433,0
2,4,175433,175862
1,3,175576,0
1,1,175576,0
1,2,175719,0
2,1,175862,176148
1,3,175862,0
1,3,176148,0
1,2,176148,0
1,4,176290,0
1,2,176433,0
1,3,176433,0
1,2,176576,0
1,4,176576,0
1,3,176719,0
1,1,176719,0
1,2,177005,0
1,4,177005,0
1,1,177148,0
1,3,177219,0
1,1,177290,0
1,3,177433,0
1,4,177433,0
1,1,177505,0
1,2,177505,0
1,3,177576,0
1,4,177576,0
1,2,177719,0
1,1,177719,0
1,2,177862,0
1,3,177862,0
1,3,178005,0
1,4,178005,0
1,2,178148,0
1,1,178148,0
1,3,178290,0
1,2,178290,0
2,1,178433,178719
2,4,178433,179290
1,3,178433,0
1,2,178433,0
2,2,178719,179005
2,3,179005,179290
2,1,179290,179862
2,2,179576,179862
1,4,179576,0
2,3,179862,180148
2,4,180148,180719
2,1,180148,180290
1,2,180148,0
2,2,180290,180719
1,3,180433,0
2,1,180719,181862
1,3,180719,0
1,4,180862,0
1,4,181005,0
1,3,181005,0
1,2,181148,0
1,2,181290,0
1,4,181290,0
1,2,181576,0
1,3,181576,0
1,4,181719,0
2,4,181862,182433
1,3,181862,0
1,1,182005,0
1,3,182148,0
1,1,182290,0
1,2,182362,0
1,3,182433,0
1,1,182576,0
1,4,182576,0
1,2,182648,0
1,3,182648,0
1,1,182719,0
1,4,182719,0
1,2,182862,0
1,3,182862,0
2,4,183005,184148
2,1,183005,183219
1,3,183005,0
2,2,183219,183576
2,3,183576,183790
2,2,183790,184148
2,1,184148,185290
2,3,184148,184433
2,4,184433,184719
2,2,184719,184862
2,3,184862,185290
1,2,185290,0
1,4,185290,0
1,3,185433,0
1,1,185576,0
1,2,185576,0
1,4,185576,0
1,3,185719,0
1,4,185862,0
1,1,185862,0
1,1,186148,0
1,4,186148,0
1,3,186290,0
1,2,186433,0
1,3,186576,0
1,4,186576,0
1,2,186648,0
1,1,186648,0
1,4,186719,0
1,3,186719,0
1,1,186862,0
1,2,186862,0
1,2,187005,0
1,4,187005,0
1,1,187148,0
1,3,187148,0
2,2,187290,187576
2,3,187290,187576
1,1,187576,0
2,4,187576,187862
1,3,187719,0
1,2,187862,0
2,1,187862,188148
1,3,187862,0
1,4,188005,0
1,2,188148,0
2,3,188148,188433
1,4,188290,0
1,2,188433,0
1,4,188433,0
2,1,188433,188719
1,3,188576,0
2,4,188719,189005
1,2,188719,0
1,1,188862,0
1,1,189005,0
1,3,189005,0
2,2,189005,189290
1,4,189148,0
1,4,189290,0
2,3,189290,189433
1,2,189433,0
2,1,189433,189576
1,4,189576,0
1,3,189576,0
1,2,189719,0
1,2,189862,0
1,1,189862,0
1,4,190005,0
1,4,190148,0
1,2,190148,0
1,1,190148,0
1,1,190290,0
1,4,190433,0
1,1,190433,0
1,4,190719,0
1,1,190719,0
1,4,190862,0
2,4,191005,191433
1,1,191005,0
1,3,191005,0
1,2,191148,0
1,3,191290,0
1,1,191290,0
2,2,191290,191433
2,1,191433,192148
1,2,191576,0
1,4,191719,0
1,2,191790,0
1,3,191862,0
1,3,192005,0
1,4,192005,0
1,2,192148,0
2,4,192148,192433
1,3,192290,0
1,1,192433,0
1,3,192433,0
2,2,192433,192719
1,4,192576,0
1,1,192719,0
1,4,192719,0
2,3,192719,193005
1,2,192862,0
1,1,193005,0
1,2,193005,0
2,4,193005,193290
1,3,193148,0
1,2,193290,0
1,3,193290,0
2,1,193290,193576
1,4,193433,0
1,4,193576,0
1,2,193576,0
2,3,193576,193862
1,2,193719,0
1,4,193862,0
1,2,193862,0
2,1,193862,194005
1,4,194005,0
2,3,194005,194148
1,2,194148,0
1,1,194148,0
1,3,194433,0
1,4,194433,0
1,4,194576,0
1,4,194719,0
1,1,194719,0
1,3,194719,0
1,1,194862,0
1,1,195005,0
1,2,195005,0
1,4,195290,0
1,3,195290,0
1,4,195433,0
1,1,195576,0
1,3,195576,0
1,1,195719,0
1,3,195719,0
1,2,195790,0
1,4,195790,0
1,3,195862,0
1,1,195862,0
1,2,196005,0
1,4,196005,0
1,1,196148,0
1,4,196148,0
1,3,196148,0
1,2,197005,0
1,4,197290,0
1,4,197576,0
1,2,197719,0
1,1,198005,0
1,4,198148,0
1,1,198862,0
1,3,199005,0
1,2,199290,0
1,3,199433,0
1,3,199719,0
1,4,200005,0
1,3,200290,0
1,1,200433,0
1,1,200576,0
1,2,201433,0
1,3,201576,0
1,3,201862,0
1,1,202148,0
1,4,202290,0
1,4,202576,0
1,2,202719,0
1,4,202862,0
1,3,203433,0
1,1,203576,0
1,1,203862,0
1,4,204005,0
1,4,204290,0
1,2,204576,0
2,4,204719,205290
1,1,204719,0
1,2,204862,0
1,1,205005,0
1,2,205148,0
