2,4,315,491
2,1,491,667
2,4,667,844
2,1,844,1020
2,4,1020,1462
2,4,1550,2873
1,3,1550,0
2,3,1903,2873
1,2,1903,0
2,2,2256,2873
1,1,2256,0
2,1,2609,2873
2,3,2962,3138
2,1,3138,3314
2,4,3314,3491
2,1,3491,3667
2,4,3667,3844
2,1,3844,4285
1,2,4373,0
2,1,4373,5962
1,3,4726,0
2,2,4726,5873
1,4,5079,0
2,3,5079,5785
2,4,5432,5697
2,4,5962,6314
1,3,5962,0
2,1,6138,6314
2,3,6314,6667
1,2,6314,0
2,2,6491,6667
1,4,6667,0
2,1,6667,7197
1,4,6844,0
1,4,7020,0
1,2,7197,0
2,3,7197,7726
1,4,7373,0
2,1,7550,8079
1,2,7726,0
2,4,7903,8432
1,3,8079,0
2,2,8256,8785
1,1,8432,0
2,4,8609,8785
2,1,8785,9138
1,3,8785,0
2,4,8962,9138
2,2,9138,9491
1,3,9138,0
2,4,9314,9491
2,3,9491,10020
1,1,9491,0
1,1,9667,0
1,1,9844,0
1,2,10020,0
1,4,10197,0
1,1,10197,0
1,3,10197,0
1,3,10373,0
1,4,10373,0
1,1,10373,0
1,2,10550,0
1,3,10726,0
1,4,10726,0
1,1,10726,0
1,4,10903,0
1,2,10903,0
1,3,10903,0
1,3,11079,0
1,1,11079,0
1,4,11256,0
1,2,11256,0
1,3,11432,0
2,1,11609,11785
2,3,11609,12314
2,2,11609,11962
2,4,11785,11962
2,1,11962,12138
2,4,12138,12314
1,2,12314,0
2,1,12314,12667
1,4,12491,0
1,2,12667,0
1,3,12667,0
1,2,12844,0
2,4,12844,13197
1,1,13020,0
1,2,13197,0
1,1,13197,0
1,3,13373,0
2,2,13550,13903
1,4,13726,0
1,3,13726,0
1,1,13903,0
1,2,14079,0
1,3,14256,0
2,1,14256,14432
2,2,14432,15138
2,3,14432,14785
2,4,14432,14609
2,1,14609,14785
2,4,14785,14962
2,1,14962,15138
1,3,15138,0
2,4,15138,15667
1,1,15314,0
1,2,15491,0
1,3,15491,0
2,1,15667,16020
1,3,15667,0
1,2,15844,0
1,4,16020,0
1,3,16020,0
1,1,16197,0
2,3,16373,16726
1,4,16373,0
1,2,16550,0
1,1,16550,0
1,1,16726,0
1,2,16726,0
1,4,16903,0
1,2,17079,0
2,2,17256,17962
2,3,17256,17609
2,1,17256,17432
2,4,17432,17609
2,1,17609,17785
2,4,17785,17962
1,3,17962,0
2,1,17962,18491
1,4,18138,0
1,2,18314,0
1,3,18314,0
2,4,18491,18844
1,1,18667,0
1,2,18844,0
1,1,18844,0
1,4,19020,0
2,3,19197,19550
1,2,19373,0
1,1,19373,0
1,4,19550,0
1,3,19726,0
1,2,19726,0
1,4,19726,0
2,1,19903,20079
1,4,20079,0
1,3,20079,0
1,1,20256,0
1,3,20256,0
1,2,20256,0
1,3,20432,0
1,2,20432,0
1,1,20432,0
1,1,20609,0
1,2,20609,0
1,4,20609,0
1,4,20785,0
1,3,20785,0
1,1,20785,0
1,2,20962,0
1,4,20962,0
1,3,20962,0
2,2,21314,21667
2,1,21667,22020
1,4,22020,0
1,3,22020,0
1,4,22109,0
1,3,22109,0
1,1,22197,0
1,2,22197,0
1,2,22373,0
1,3,22373,0
1,1,22550,0
1,3,22550,0
1,4,22550,0
1,2,22726,0
1,3,22726,0
2,1,22903,23520
2,2,22903,23079
2,4,22903,23167
2,3,23079,23344
2,2,23256,23520
1,4,23256,0
2,4,23609,24226
2,3,23609,23785
2,1,23609,23873
2,2,23785,24050
2,3,23962,24226
1,1,23962,0
2,4,24314,24932
2,3,24314,24579
2,2,24359,24579
2,1,24403,24579
2,1,24667,25285
2,2,24712,24932
2,3,24756,24932
2,4,25020,25638
2,3,25064,25285
2,2,25109,25285
2,1,25373,25638
2,2,25417,25638
2,3,25462,25638
1,4,25726,0
2,1,25726,25903
1,3,25903,0
1,1,26079,0
1,2,26079,0
1,4,26079,0
2,3,26256,26432
1,2,26256,0
1,4,26432,0
1,1,26432,0
2,2,26609,26785
1,3,26785,0
1,4,26785,0
1,1,26785,0
1,2,26962,0
2,4,27138,27491
2,3,27314,27491
1,2,27491,0
1,1,27491,0
1,4,27667,0
2,1,27667,27844
2,2,27756,27844
2,4,27844,28020
2,3,27932,28109
2,2,28020,28197
1,1,28197,0
1,4,28373,0
1,3,28373,0
2,2,28550,29256
2,1,28550,28726
2,3,28726,29079
2,4,28903,29079
1,1,28903,0
2,1,29079,29256
2,3,29256,29962
2,4,29256,29432
2,2,29432,29785
2,1,29609,29785
1,4,29609,0
2,4,29785,29962
2,1,29962,30667
2,2,29962,30138
2,4,30138,30491
1,2,30314,0
2,3,30314,30491
2,2,30491,30667
2,4,30667,31197
2,2,30844,31197
2,1,31020,31197
2,3,31020,31197
2,4,31373,31550
1,2,31373,0
1,3,31550,0
1,4,31726,0
1,1,31726,0
1,2,31726,0
2,3,31903,32079
1,2,32079,0
1,4,32079,0
2,1,32256,32432
1,2,32432,0
1,3,32432,0
1,4,32432,0
1,3,32609,0
2,1,32785,33138
2,2,32962,33138
1,3,33138,0
1,4,33138,0
2,4,33314,33491
1,1,33491,0
1,3,33491,0
1,1,33667,0
1,2,33667,0
1,3,33667,0
1,2,33844,0
1,4,33844,0
1,4,34020,0
1,2,34020,0
1,3,34020,0
2,1,34197,34814
2,4,34197,34462
2,2,34197,34373
2,3,34373,34638
2,2,34550,34814
1,4,34550,0
2,1,34903,35167
2,4,34903,35520
2,3,34903,35079
2,2,35079,35344
1,1,35256,0
2,3,35256,35520
2,1,35609,36226
2,2,35609,35873
2,3,35653,35873
2,4,35697,35873
2,4,35962,36579
2,3,36006,36226
2,2,36050,36226
2,1,36314,36932
2,2,36359,36579
2,3,36403,36579
2,4,36667,36932
2,3,36712,36932
2,2,36756,36932
2,2,37020,37197
1,4,37020,0
1,3,37197,0
1,2,37373,0
1,4,37373,0
1,1,37373,0
2,3,37550,37726
1,4,37726,0
1,2,37726,0
2,4,37903,38079
1,1,37903,0
1,2,38079,0
1,1,38079,0
1,3,38079,0
1,4,38256,0
2,1,38432,38785
2,3,38609,38785
1,4,38785,0
1,2,38785,0
2,1,39138,39403
2,2,39138,39403
2,3,39226,39403
2,4,39314,39403
2,4,39491,39756
2,3,39491,39756
2,2,39579,39756
2,1,39667,39756
2,1,39844,40550
2,2,39844,40020
2,4,40020,40373
1,2,40197,0
2,3,40197,40373
2,2,40373,40550
2,3,40550,41256
2,4,40550,40726
2,2,40726,41079
1,4,40903,0
2,1,40903,41079
2,4,41079,41256
2,2,41256,41962
2,1,41256,41432
2,3,41432,41785
1,1,41609,0
2,4,41609,41785
2,1,41785,41962
2,3,41962,42491
2,2,42138,42491
2,1,42314,42491
2,4,42314,42491
2,4,42667,42844
1,2,42667,0
1,2,42844,0
1,1,43020,0
1,4,43020,0
1,3,43020,0
2,2,43197,43373
1,4,43373,0
1,1,43373,0
1,2,43550,0
2,3,43550,43726
1,1,43726,0
1,4,43726,0
2,1,43903,44785
2,2,43903,44079
1,3,44079,0
2,4,44079,44256
2,2,44256,44432
1,3,44432,0
2,4,44432,44609
2,2,44609,44785
1,4,44785,0
1,3,44785,0
1,1,44873,0
1,2,44873,0
1,3,44962,0
1,4,44962,0
1,1,45050,0
1,2,45050,0
1,3,45138,0
1,4,45138,0
1,3,45314,0
1,4,45314,0
1,2,45314,0
1,4,45491,0
1,2,45491,0
1,1,45491,0
1,3,45491,0
1,2,45844,0
1,3,45844,0
1,4,45844,0
1,1,46197,0
1,2,46197,0
1,3,46373,0
1,2,46373,0
1,1,46550,0
1,2,46550,0
1,4,46550,0
2,4,46726,47079
2,2,46903,47079
2,3,47079,47432
1,4,47256,0
1,1,47256,0
2,2,47432,47785
1,3,47609,0
2,1,47785,48226
1,2,47962,0
1,4,47962,0
1,3,48314,0
2,4,48314,48491
1,4,48667,0
1,1,48667,0
1,2,48667,0
1,1,49020,0
1,3,49020,0
1,4,49197,0
1,2,49197,0
1,1,49373,0
1,2,49373,0
1,3,49373,0
2,1,49550,49903
2,3,49726,49903
2,2,49903,50256
1,1,50079,0
1,4,50079,0
2,3,50256,50609
1,2,50432,0
2,4,50609,51050
1,1,50785,0
1,3,50785,0
1,1,51138,0
2,3,51138,51314
1,1,51491,0
1,2,51491,0
1,4,51491,0
1,2,51667,0
1,4,51667,0
1,3,51844,0
2,1,51844,52020
1,4,52020,0
2,2,52020,52197
1,4,52197,0
1,3,52197,0
2,4,52373,52726
2,2,52550,52726
1,1,52726,0
1,2,52903,0
1,3,52903,0
1,4,52903,0
2,1,53079,53256
2,2,53256,53432
2,4,53432,53609
2,3,53609,53785
1,1,53609,0
1,2,53609,0
1,1,53785,0
2,4,53962,54491
2,2,53962,54138
1,3,54314,0
1,1,54314,0
1,2,54491,0
1,2,54667,0
2,3,54667,55814
1,1,55020,0
1,2,55020,0
1,4,55373,0
2,1,55373,55550
1,4,55550,0
1,1,55726,0
1,2,55726,0
1,2,55903,0
1,3,56079,0
1,3,56256,0
1,1,56432,0
1,4,56432,0
1,2,56432,0
1,2,56609,0
1,4,56609,0
2,1,56785,57844
2,3,56785,56962
2,2,56962,57138
2,3,57138,57314
1,4,57138,0
2,2,57314,57491
2,3,57491,57667
2,2,57667,57844
2,4,57844,58020
2,3,57932,58109
2,2,58020,58197
2,1,58109,58197
2,4,58197,59344
2,3,58373,58550
1,2,58550,0
2,1,58550,58726
2,3,58726,58903
2,1,58903,59079
2,3,59079,59256
1,1,59256,0
2,2,59256,59432
2,3,59432,59609
2,4,59609,59785
2,1,59609,60844
2,2,59785,59962
2,4,59962,60138
1,3,59962,0
2,2,60138,60314
2,4,60314,60491
2,3,60491,60667
1,4,60667,0
2,2,60667,60844
2,4,60844,61373
2,3,60844,61020
2,2,61020,61197
2,1,61197,61373
2,2,61373,61726
2,3,61373,61550
2,4,61550,61726
2,3,61726,62079
2,1,61726,61903
2,2,61903,62079
2,1,62079,62432
2,4,62079,62256
2,2,62256,62432
2,4,62432,62697
2,3,62432,62609
2,2,62609,62785
2,1,62785,63138
2,3,62785,62962
2,4,62962,63138
2,2,63138,63491
2,3,63138,63314
2,1,63314,63491
2,4,63491,63667
2,1,63667,64197
2,3,63667,63844
2,2,63844,64020
2,4,64020,64197
2,2,64197,64550
2,3,64197,64373
2,4,64373,64550
2,1,64550,64903
2,3,64550,64726
2,4,64726,64903
2,3,64903,65079
2,2,65079,65256
1,1,65256,0
1,4,65256,0
1,3,65256,0
1,2,65432,0
1,3,65432,0
1,3,65609,0
1,4,65609,0
1,1,65609,0
1,2,65609,0
1,2,65785,0
1,1,65785,0
1,3,65962,0
1,2,65962,0
1,3,66138,0
1,4,66138,0
1,1,66314,0
1,2,66314,0
1,4,66314,0
1,3,66314,0
1,2,66491,0
1,3,66491,0
1,3,66667,0
1,4,66667,0
1,1,66667,0
1,1,66844,0
1,4,66844,0
1,3,66844,0
1,4,67020,0
1,2,67020,0
1,1,67020,0
1,3,67197,0
1,4,67197,0
1,2,67285,0
1,1,67285,0
2,4,67373,67638
2,3,67373,67638
1,1,67550,0
1,2,67550,0
2,1,67726,67991
2,2,67726,67991
1,3,67903,0
1,4,67903,0
2,4,68079,68432
1,1,68079,0
1,3,68256,0
2,1,68432,68785
1,2,68432,0
1,3,68609,0
2,4,68785,69138
2,3,68962,69138
2,1,68962,69138
1,2,69138,0
2,3,69314,69667
2,4,69314,69844
2,2,69314,69491
1,1,69491,0
1,2,69667,0
1,3,69844,0
1,1,69844,0
1,4,70020,0
1,1,70197,0
1,2,70197,0
1,3,70373,0
1,2,70550,0
1,1,70550,0
1,4,70550,0
1,3,70726,0
1,2,70903,0
2,1,70903,71256
2,2,71079,71256
1,3,71256,0
2,4,71256,71609
2,3,71432,71609
2,2,71609,71785
2,1,71785,72138
1,3,71962,0
2,4,72138,72667
1,2,72138,0
2,3,72314,72667
1,1,72314,0
2,2,72491,72667
1,1,72667,0
2,4,72844,73020
2,1,73020,73373
1,2,73020,0
2,4,73197,73373
2,3,73373,73550
1,1,73550,0
2,2,73550,73726
2,4,73726,74079
2,3,73726,73903
1,2,73903,0
2,1,74079,74432
1,3,74079,0
1,2,74079,0
1,4,74256,0
2,2,74432,74785
2,4,74432,74609
2,3,74609,74785
1,1,74785,0
1,4,74785,0
2,2,74962,75138
1,4,74962,0
1,3,75138,0
1,1,75226,0
1,2,75314,0
2,4,75314,75491
1,3,75491,0
1,1,75491,0
2,1,75667,76020
1,4,75667,0
1,3,75844,0
1,4,76020,0
1,2,76020,0
1,1,76197,0
1,3,76197,0
2,4,76373,77432
2,3,76373,76903
1,1,76550,0
1,2,76550,0
1,1,76903,0
1,2,76903,0
1,2,77609,0
1,1,77609,0
1,4,77609,0
1,2,77785,0
1,1,77785,0
1,4,77962,0
1,3,77962,0
1,1,77962,0
1,4,78138,0
1,3,78138,0
1,2,78314,0
1,3,78314,0
1,1,78314,0
1,4,78667,0
1,1,78667,0
1,3,78756,0
1,2,78844,0
1,4,78932,0
1,3,79020,0
1,1,79020,0
1,2,79197,0
1,3,79197,0
2,1,79373,79991
2,2,79373,79550
2,4,79373,79638
2,3,79550,79814
2,2,79726,79991
1,4,79726,0
2,4,80079,80697
2,3,80079,80256
2,1,80079,80344
2,2,80256,80520
2,3,80432,80697
1,1,80432,0
2,4,80785,81403
2,3,80785,81050
2,2,80829,81050
2,1,80873,81050
2,1,81138,81756
2,2,81182,81403
2,3,81226,81403
2,4,81491,82109
2,3,81535,81756
2,2,81579,81756
2,1,81844,82109
2,2,81888,82109
2,3,81932,82109
1,4,82197,0
2,1,82197,82373
1,2,82373,0
1,1,82550,0
1,4,82550,0
1,3,82550,0
2,2,82726,82903
1,3,82726,0
1,4,82903,0
1,1,82903,0
2,3,83079,83256
1,2,83079,0
1,4,83256,0
1,1,83256,0
1,2,83256,0
1,3,83432,0
2,1,83609,83962
1,4,83609,0
2,2,83785,83962
1,3,83962,0
1,4,83962,0
1,4,84138,0
2,1,84138,84314
2,2,84226,84314
2,4,84314,84491
2,3,84403,84579
2,2,84491,84667
1,1,84667,0
1,4,84844,0
1,3,84844,0
2,2,85020,85726
2,1,85020,85197
2,3,85197,85550
2,4,85373,85550
1,1,85373,0
2,1,85550,85726
2,3,85726,86432
2,4,85726,85903
2,2,85903,86256
2,1,86079,86256
1,4,86079,0
2,4,86256,86432
2,1,86432,87138
2,2,86432,86609
2,4,86609,86962
1,2,86785,0
2,3,86785,86962
2,2,86962,87138
2,4,87138,87667
2,2,87314,87667
2,1,87491,87667
2,3,87491,87667
1,4,87844,0
2,1,87844,88020
1,3,88020,0
1,2,88197,0
1,4,88197,0
1,1,88197,0
2,3,88373,88550
1,2,88550,0
2,4,88726,88903
1,1,88903,0
1,3,88903,0
1,2,89079,0
2,4,89256,89609
1,1,89256,0
2,3,89432,89609
1,2,89609,0
1,1,89609,0
2,1,89785,89962
1,2,89962,0
1,4,89962,0
1,4,90138,0
1,2,90138,0
1,3,90138,0
1,3,90314,0
1,1,90314,0
1,1,90491,0
1,2,90491,0
1,3,90491,0
2,1,90667,91285
2,2,90667,90844
2,4,90667,90932
2,3,90844,91109
2,2,91020,91285
1,4,91020,0
2,1,91373,91638
2,4,91373,91991
2,3,91373,91550
2,2,91550,91814
2,3,91726,91991
1,1,91726,0
2,2,92079,92344
2,1,92079,92697
2,3,92123,92344
2,4,92167,92344
2,4,92432,93050
2,3,92476,92697
2,2,92520,92697
2,1,92785,93403
2,2,92829,93050
2,3,92873,93050
2,4,93138,93403
2,3,93182,93403
2,2,93226,93403
2,2,93491,93667
1,4,93491,0
1,3,93667,0
1,1,93844,0
1,2,93844,0
1,4,93844,0
2,3,94020,94197
1,1,94020,0
1,2,94197,0
2,1,94373,94550
1,4,94373,0
1,2,94550,0
1,3,94550,0
1,4,94550,0
1,3,94726,0
2,1,94903,95256
1,4,94903,0
2,2,95079,95256
1,3,95256,0
1,4,95256,0
2,1,95609,95873
2,2,95609,95873
2,3,95697,95873
2,4,95785,95873
2,4,95962,96226
2,3,95962,96226
2,2,96050,96226
2,1,96138,96226
2,1,96314,97020
2,2,96314,96491
2,4,96491,96844
1,2,96667,0
2,3,96667,96844
2,2,96844,97020
2,3,97020,97726
2,4,97020,97197
2,2,97197,97550
1,4,97373,0
2,1,97373,97550
2,4,97550,97726
2,2,97726,98432
2,1,97726,97903
2,3,97903,98256
1,1,98079,0
2,4,98079,98256
2,1,98256,98432
2,3,98432,98962
2,1,98609,98962
2,2,98785,98962
2,4,98785,98962
1,2,99138,0
1,1,99138,0
2,3,99138,99314
1,4,99314,0
1,1,99491,0
1,2,99491,0
1,4,99491,0
1,3,99667,0
2,2,99667,99844
1,1,99844,0
1,4,99844,0
2,4,100020,100197
1,3,100020,0
1,1,100197,0
1,2,100197,0
1,3,100373,0
2,2,100550,100903
1,4,100550,0
2,3,100726,100903
1,4,100903,0
1,1,100903,0
1,3,101079,0
1,4,101079,0
1,2,101167,0
1,1,101167,0
1,4,101256,0
1,3,101256,0
1,4,101432,0
1,1,101432,0
1,2,101432,0
1,3,101609,0
1,4,101609,0
1,1,101609,0
1,2,101785,0
1,3,101785,0
1,4,101785,0
2,1,101962,102667
2,2,101962,102138
2,4,102138,102491
1,2,102314,0
2,3,102314,102491
2,2,102491,102667
2,3,102667,103373
2,4,102667,102844
2,2,102844,103197
1,4,103020,0
2,1,103020,103197
2,4,103197,103373
2,2,103373,104079
2,1,103373,103550
2,3,103550,103903
1,1,103726,0
2,4,103726,103903
2,1,103903,104079
2,4,104079,104609
2,2,104256,104609
2,3,104432,104609
2,1,104432,104609
2,4,104785,105050
2,1,104785,104873
2,2,104785,104873
2,1,104962,105050
2,2,104962,105050
2,3,105138,105226
2,2,105138,105226
2,1,105138,105226
2,2,105314,105579
2,3,105314,105403
2,4,105314,105403
2,4,105491,105579
2,3,105491,105579
2,3,105667,105932
2,1,105667,105756
2,4,105667,105756
2,1,105844,105932
2,2,105844,105932
2,1,106020,107697
2,4,106020,107697
