1,4,804,0
2,1,1167,2258
1,3,2258,0
1,2,2440,0
1,1,3167,0
1,3,3349,0
1,2,3713,0
1,4,4076,0
1,1,4440,0
1,2,4804,0
1,3,5167,0
1,4,5531,0
1,1,6258,0
1,3,6622,0
2,2,6985,7713
1,4,8076,0
1,1,8440,0
1,2,8804,0
1,4,9167,0
1,1,9713,0
1,3,9894,0
1,1,10694,0
1,3,11551,0
1,2,12512,0
2,4,12512,15914
1,2,17458,0
1,1,17458,0
1,4,17639,0
1,3,17821,0
1,2,18185,0
1,1,18185,0
1,4,18730,0
1,1,19094,0
1,3,19276,0
1,2,19639,0
1,4,19639,0
1,3,20003,0
1,1,20548,0
1,4,20730,0
1,3,21094,0
1,2,21094,0
1,1,21639,0
1,4,22003,0
1,2,22185,0
1,3,22548,0
1,1,22730,0
1,4,23276,0
1,3,23276,0
1,2,23458,0
1,4,23639,0
1,2,24003,0
1,1,24003,0
1,3,24548,0
1,1,24912,0
1,4,25094,0
1,2,25458,0
1,3,25458,0
1,1,25821,0
1,4,26185,0
1,2,26548,0
1,3,26730,0
1,1,26912,0
1,2,27094,0
1,4,27276,0
1,1,27639,0
1,2,27639,0
1,3,28003,0
1,1,28367,0
1,4,28730,0
1,3,28912,0
1,2,29094,0
1,1,29094,0
1,4,29458,0
1,1,29639,0
1,3,29821,0
1,2,30185,0
1,4,30367,0
1,1,30730,0
1,3,30912,0
1,2,31276,0
1,4,31639,0
1,1,32003,0
1,2,32185,0
1,4,32367,0
1,3,32548,0
1,1,33094,0
1,4,33458,0
1,3,33639,0
1,2,33821,0
1,1,34003,0
1,4,34367,0
1,1,34730,0
1,3,34912,0
1,2,34912,0
1,4,35276,0
1,1,35458,0
1,3,35639,0
1,2,35821,0
1,4,36003,0
1,1,36367,0
1,3,36730,0
1,2,37094,0
1,4,37276,0
1,1,37458,0
1,2,37639,0
1,3,37821,0
1,4,37821,0
1,2,38185,0
1,1,38185,0
1,3,38548,0
1,4,38548,0
1,2,38912,0
1,1,38912,0
1,3,39276,0
1,4,39276,0
1,1,39821,0
1,4,40185,0
1,3,40730,0
1,2,40730,0
1,1,40912,0
1,4,41094,0
1,2,41639,0
1,3,41821,0
1,1,42003,0
1,4,42185,0
1,3,42548,0
1,2,42730,0
1,4,42912,0
1,1,43094,0
1,3,43276,0
1,2,43821,0
1,4,44185,0
1,3,44367,0
1,1,44730,0
1,2,44912,0
1,4,45094,0
1,3,45458,0
1,1,45821,0
1,2,46003,0
1,3,46185,0
1,4,46367,0
1,2,46548,0
1,1,46548,0
1,3,46912,0
1,1,47276,0
1,1,47639,0
1,3,48003,0
1,2,48367,0
1,4,48730,0
1,2,49094,0
1,4,49458,0
1,3,49458,0
1,1,49639,0
1,3,49821,0
1,2,50185,0
1,1,50185,0
1,4,50367,0
1,2,50548,0
1,3,50730,0
1,1,50912,0
1,4,51276,0
1,2,51639,0
1,3,51821,0
1,4,52003,0
1,2,52367,0
1,1,52367,0
1,1,52730,0
1,3,53094,0
1,2,53458,0
1,3,53821,0
1,4,53821,0
1,4,54185,0
1,1,54548,0
1,3,54912,0
1,2,55276,0
1,4,55276,0
1,1,55458,0
1,3,55639,0
1,4,55821,0
1,1,56185,0
1,2,56367,0
1,3,56548,0
1,2,57094,0
1,3,57276,0
1,1,57458,0
1,4,57821,0
1,3,58003,0
1,2,58185,0
1,1,58185,0
1,2,58548,0
1,4,58912,0
1,1,59276,0
1,3,59639,0
1,4,59639,0
1,3,60003,0
1,2,60367,0
1,4,60730,0
1,3,61094,0
1,1,61094,0
1,2,61458,0
1,4,61821,0
1,3,61821,0
1,1,62185,0
1,2,62548,0
1,4,62548,0
1,3,62912,0
1,1,63276,0
1,4,63639,0
1,2,64003,0
1,3,64185,0
1,1,64367,0
1,4,64730,0
1,3,65094,0
1,1,65276,0
1,2,65639,0
1,4,65821,0
1,1,66185,0
1,3,66548,0
1,2,66912,0
2,1,66912,68003
1,4,68003,0
1,2,68185,0
1,3,68730,0
1,1,68912,0
1,4,69094,0
1,2,69458,0
1,3,69821,0
1,4,69821,0
1,1,70185,0
1,4,70548,0
1,3,70912,0
1,2,71276,0
1,4,71639,0
1,1,72003,0
1,2,72367,0
1,3,72730,0
2,4,72730,73458
1,2,73458,0
1,1,73821,0
1,3,74185,0
1,2,74548,0
1,4,74912,0
1,1,75276,0
1,2,75458,0
1,4,75639,0
1,3,75821,0
1,2,76003,0
1,4,76367,0
1,1,76367,0
1,3,76730,0
2,2,77094,77821
1,1,77094,0
1,4,77821,0
1,1,78185,0
1,4,78548,0
2,3,78548,79639
1,2,79639,0
1,1,80003,0
1,4,80367,0
1,2,80548,0
1,3,80730,0
1,1,80912,0
1,4,81094,0
1,2,81458,0
1,3,81458,0
1,1,81821,0
1,4,82185,0
1,3,82548,0
1,1,82912,0
1,4,83276,0
1,3,83639,0
1,2,84003,0
2,1,84367,85458
1,4,84367,0
1,3,85458,0
1,2,85821,0
1,4,86548,0
1,1,86912,0
1,3,87094,0
1,2,87276,0
1,4,87458,0
1,1,87821,0
1,3,88185,0
1,2,88548,0
1,4,88912,0
1,2,89276,0
1,3,89458,0
1,1,89821,0
1,4,90185,0
1,2,90912,0
1,3,91094,0
1,1,91458,0
1,4,91458,0
1,2,92003,0
1,3,92367,0
1,4,92367,0
1,1,92548,0
1,2,93094,0
1,3,93094,0
1,1,93276,0
1,4,93458,0
1,1,93821,0
1,2,93821,0
1,3,94003,0
1,2,94367,0
1,4,94912,0
1,1,95276,0
1,3,95458,0
1,4,96003,0
1,2,96003,0
1,3,96185,0
1,1,96367,0
1,3,96730,0
1,4,96730,0
1,2,97094,0
1,3,97458,0
1,1,97458,0
1,4,97821,0
1,2,98185,0
1,1,98185,0
1,3,98548,0
1,4,98912,0
1,1,98912,0
1,2,99276,0
1,3,99639,0
1,4,99639,0
1,1,100003,0
1,2,100367,0
1,4,100367,0
1,3,100730,0
1,2,101094,0
1,1,101094,0
1,4,101458,0
2,2,101821,105458
1,3,101821,0
1,4,106367,0
1,1,106730,0
1,3,106912,0
1,2,107458,0
1,1,107458,0
1,4,107821,0
1,2,108003,0
1,3,108185,0
1,1,108367,0
1,4,108730,0
1,2,109094,0
1,3,109458,0
1,2,109639,0
1,4,110003,0
1,1,110367,0
1,3,110730,0
1,2,110912,0
1,1,111094,0
1,4,111276,0
1,1,111639,0
1,2,111821,0
1,4,112003,0
1,3,112003,0
1,2,112367,0
1,1,112367,0
1,3,112730,0
1,4,112730,0
1,1,113094,0
1,2,113094,0
1,4,113458,0
1,3,113458,0
1,1,113821,0
1,3,114185,0
1,2,114548,0
1,4,114912,0
1,3,115094,0
1,1,115276,0
1,2,115458,0
1,4,115821,0
1,1,116367,0
1,3,116548,0
1,2,116730,0
1,4,117094,0
1,1,117276,0
1,3,117458,0
1,2,117639,0
1,4,118003,0
1,3,118185,0
1,1,118367,0
1,4,118730,0
1,2,119276,0
1,1,119276,0
1,3,119458,0
1,1,119639,0
1,4,120003,0
1,2,120367,0
1,3,120548,0
1,1,120730,0
1,4,121094,0
1,3,121276,0
1,1,121639,0
1,4,122003,0
1,2,122185,0
1,3,122367,0
1,1,122912,0
1,2,123276,0
1,4,123639,0
1,1,124003,0
1,3,124185,0
1,4,124548,0
1,1,125094,0
1,3,125639,0
1,2,125821,0
1,1,126367,0
1,4,126548,0
1,2,127094,0
1,3,127276,0
1,2,128003,0
1,1,128003,0
1,4,128185,0
1,2,128367,0
1,3,128730,0
1,4,128730,0
1,1,129094,0
1,4,129276,0
1,3,129639,0
1,2,129821,0
1,1,130185,0
1,2,130548,0
2,4,130912,132003
1,3,130912,0
1,1,132003,0
1,3,132185,0
1,2,132730,0
1,4,132912,0
1,1,133094,0
1,3,133458,0
1,2,133639,0
1,1,133821,0
1,4,133821,0
1,3,134185,0
1,1,134548,0
1,2,134912,0
1,3,135276,0
1,1,135639,0
1,4,136003,0
1,3,136367,0
2,1,136730,137458
1,2,136730,0
1,4,137821,0
1,2,138185,0
1,3,138548,0
1,2,138730,0
1,1,138912,0
1,4,139276,0
1,3,139458,0
1,1,139639,0
1,2,140003,0
1,3,140185,0
1,4,140367,0
1,1,140367,0
1,2,140730,0
2,3,141094,141821
1,4,141094,0
1,1,141821,0
1,4,142185,0
2,2,142548,143276
1,1,142548,0
1,3,143276,0
1,1,143639,0
1,2,143821,0
1,4,144003,0
1,1,144367,0
1,3,144548,0
1,2,144730,0
1,4,145094,0
1,1,145458,0
1,3,145458,0
1,2,145821,0
1,4,146185,0
1,3,146548,0
1,2,146912,0
1,1,147276,0
1,2,147639,0
1,3,148003,0
1,1,148367,0
2,4,148367,149094
1,3,149094,0
1,1,149458,0
1,4,149639,0
1,2,149821,0
1,3,150185,0
1,1,150548,0
1,4,150912,0
1,3,151094,0
1,2,151276,0
1,1,151276,0
1,4,151639,0
1,1,151821,0
1,3,152003,0
1,2,152003,0
1,4,152367,0
1,3,152548,0
1,2,152730,0
1,1,152730,0
1,4,153094,0
1,1,153276,0
2,3,153458,154185
1,2,154185,0
1,4,154548,0
1,3,154912,0
1,2,155276,0
1,1,155639,0
1,4,155821,0
1,3,156003,0
1,1,156185,0
1,2,156367,0
1,4,156730,0
1,3,156912,0
1,2,157094,0
1,1,157094,0
1,4,157276,0
1,1,157458,0
1,3,157821,0
1,2,157821,0
1,4,158367,0
1,1,158730,0
1,3,158912,0
1,4,159276,0
1,2,159276,0
1,3,159639,0
1,1,160185,0
1,4,160367,0
1,2,160730,0
1,3,160730,0
1,1,161276,0
1,4,161639,0
1,2,161821,0
1,3,162185,0
1,1,162367,0
1,2,162548,0
1,3,162912,0
1,4,162912,0
1,2,163112,0
1,4,163312,0
1,1,163712,0
1,2,163712,0
1,3,164312,0
1,1,164734,0
1,4,164956,0
1,2,165400,0
1,1,165400,0
1,3,165945,0
1,4,165945,0
2,1,166807,168703
1,4,168703,0
1,2,169176,0
1,3,169408,0
1,1,169639,0
2,4,169870,170562
1,2,170562,0
1,3,171023,0
1,2,171254,0
1,1,171485,0
1,4,171716,0
1,3,171947,0
1,1,172408,0
1,4,172639,0
2,1,174229,175176
1,4,175176,0
1,2,175650,0
