2,1,1325,1501
1,1,1678,0
1,2,1854,0
1,3,1854,0
1,4,2031,0
1,3,2207,0
2,1,2384,2913
1,2,2384,0
1,3,2560,0
1,4,2737,0
1,2,2913,0
2,4,3089,3619
2,3,3089,3442
1,1,3795,0
2,3,3795,4325
1,2,3972,0
1,4,4325,0
1,4,4501,0
1,2,4501,0
1,3,4678,0
1,1,4854,0
1,2,5031,0
2,3,5207,5384
2,1,5560,5737
1,4,5737,0
2,3,6089,6266
1,3,6442,0
1,4,6619,0
1,2,6619,0
1,2,6972,0
1,3,6972,0
1,1,7325,0
1,2,7325,0
1,2,7678,0
1,3,7678,0
2,3,8031,8384
1,2,8031,0
1,1,8207,0
1,2,8384,0
2,3,8560,8913
1,4,8560,0
1,2,8737,0
1,4,8913,0
1,3,9089,0
1,4,9089,0
1,3,9442,0
1,2,9442,0
1,2,9795,0
1,1,9795,0
1,1,10148,0
1,3,10501,0
1,4,10501,0
1,2,10854,0
1,3,10854,0
2,1,11031,11913
1,2,11207,0
1,4,11384,0
1,2,11560,0
1,4,11737,0
1,2,11913,0
1,4,12089,0
1,1,12266,0
1,2,12266,0
1,3,12442,0
1,4,12795,0
1,3,12795,0
1,3,12972,0
1,2,12972,0
1,1,13325,0
1,3,13325,0
1,4,13325,0
1,1,13501,0
1,1,13589,0
1,3,13678,0
1,4,13678,0
1,2,13678,0
1,2,13854,0
1,1,13854,0
1,4,14031,0
2,3,14031,14207
1,2,14207,0
1,1,14207,0
1,2,14384,0
2,3,14384,14560
1,4,14560,0
1,2,14737,0
2,3,14737,14913
1,2,14913,0
2,1,14913,15266
1,2,15266,0
2,4,15266,15442
1,2,15442,0
2,3,15442,15619
1,2,15619,0
1,1,15619,0
1,3,15795,0
2,4,15795,15972
1,2,15972,0
1,3,15972,0
2,3,16148,16325
1,2,16148,0
1,1,16325,0
1,1,16678,0
2,2,16678,16854
1,4,16854,0
2,3,16854,17031
1,2,17031,0
2,1,17031,17207
1,2,17207,0
2,3,17207,17384
2,4,17384,17560
1,2,17384,0
2,3,17560,17737
1,1,17560,0
2,1,17737,18089
1,2,17737,0
2,4,18089,18266
1,3,18089,0
2,3,18266,18442
1,2,18442,0
2,1,18442,18619
1,3,18619,0
2,4,18619,18795
1,2,18795,0
2,3,18795,18972
2,2,18972,19148
1,1,19148,0
1,4,19501,0
2,1,19501,19678
1,3,19678,0
2,2,19678,19854
1,4,19854,0
2,1,19854,20031
1,2,20031,0
2,3,20031,20207
2,4,20207,20384
2,3,20384,20560
1,2,20384,0
1,1,20560,0
2,2,20560,20913
1,4,20913,0
1,3,20913,0
1,3,21089,0
1,1,21089,0
1,1,21266,0
1,2,21266,0
1,4,21442,0
1,3,21442,0
1,3,21619,0
1,2,21619,0
1,1,21795,0
1,3,21795,0
1,1,21972,0
1,2,21972,0
1,2,22325,0
1,1,22325,0
1,4,22501,0
1,3,22501,0
1,2,22678,0
1,1,22678,0
1,2,22854,0
1,3,22854,0
1,4,23031,0
1,3,23031,0
1,3,23207,0
1,2,23207,0
1,2,23384,0
1,1,23384,0
2,1,23560,24795
1,2,23560,0
1,4,23648,0
1,2,23737,0
1,4,23825,0
1,2,23913,0
1,4,24001,0
1,2,24089,0
1,4,24178,0
1,2,24266,0
1,3,24266,0
1,2,24531,0
1,4,24531,0
1,3,24531,0
1,2,24707,0
1,4,24795,0
1,2,24884,0
1,3,24972,0
1,4,24972,0
1,1,25148,0
1,3,25148,0
1,4,25325,0
1,2,25325,0
1,1,25501,0
1,3,25501,0
1,4,25678,0
1,3,25678,0
1,3,25854,0
1,2,25854,0
1,1,26031,0
1,2,26031,0
1,2,26207,0
1,3,26207,0
2,3,26384,26737
1,4,26737,0
1,3,26913,0
1,2,26913,0
1,2,27266,0
1,4,27266,0
1,1,27442,0
1,3,27442,0
1,2,27619,0
1,4,27619,0
1,2,27972,0
1,3,28148,0
1,4,28148,0
1,2,28325,0
1,4,28501,0
1,3,28678,0
1,1,28854,0
1,2,29031,0
2,3,29207,29560
1,4,29560,0
1,3,29737,0
1,2,30089,0
1,4,30089,0
1,1,30266,0
1,2,30442,0
1,3,30442,0
1,3,30795,0
1,1,30795,0
1,4,30972,0
1,2,30972,0
1,4,31148,0
1,2,31148,0
2,4,31325,31854
2,2,31325,31854
1,2,32207,0
1,3,32207,0
1,1,32384,0
1,4,32560,0
1,3,32737,0
1,2,32737,0
1,4,33089,0
1,3,33089,0
2,3,33442,33972
2,4,34148,35384
1,1,34678,0
1,3,34678,0
1,1,35031,0
1,3,35207,0
1,2,35384,0
1,1,35384,0
1,3,35472,0
1,4,35472,0
1,1,35560,0
1,2,35560,0
1,4,35737,0
1,3,35737,0
1,1,35825,0
1,2,35825,0
1,3,35913,0
1,4,35913,0
1,1,36089,0
1,2,36089,0
1,2,36442,0
1,1,36442,0
1,3,36619,0
1,2,36619,0
1,3,36795,0
1,2,36795,0
1,4,36972,0
1,3,36972,0
1,3,37148,0
1,2,37148,0
1,1,37325,0
1,2,37501,0
2,3,37678,38031
1,4,38031,0
2,2,38207,38384
1,1,38560,0
1,3,38560,0
1,4,38737,0
1,3,38737,0
1,2,38913,0
1,3,39266,0
1,4,39442,0
1,4,39619,0
1,2,39795,0
1,1,39972,0
1,4,40148,0
1,3,40148,0
1,2,40325,0
2,3,40501,40854
1,4,40854,0
2,3,41119,41384
1,4,41384,0
1,2,41560,0
1,1,41737,0
1,2,42089,0
1,1,42089,0
1,4,42266,0
1,4,42442,0
2,4,42619,43126
1,1,43501,0
1,3,43678,0
1,4,43678,0
1,1,43854,0
1,2,44031,0
1,4,44384,0
2,2,44737,45089
1,3,45266,0
2,2,45442,46325
1,3,45619,0
1,1,45707,0
1,3,45795,0
1,3,45972,0
1,4,45972,0
1,3,46325,0
1,4,46501,0
1,1,46678,0
1,4,46766,0
1,2,46854,0
1,4,46942,0
1,1,47031,0
1,3,47119,0
1,1,47207,0
1,4,47295,0
1,2,47384,0
1,4,47472,0
2,2,47560,47913
1,1,47560,0
1,3,47913,0
1,1,48089,0
1,3,48442,0
1,2,48619,0
1,1,48619,0
1,3,48795,0
2,4,48972,49325
1,3,49325,0
1,2,49501,0
1,1,49501,0
1,4,49854,0
1,2,49854,0
1,1,50031,0
1,3,50031,0
1,2,50207,0
1,4,50207,0
2,1,50384,50737
1,3,50737,0
1,1,50913,0
1,4,51266,0
1,3,51442,0
1,2,51619,0
1,1,51619,0
1,4,51795,0
1,3,51972,0
1,1,52148,0
1,2,52325,0
1,3,52325,0
2,3,52678,52854
1,3,53031,0
1,2,53207,0
1,1,53384,0
1,3,53560,0
1,4,53737,0
1,2,54266,0
1,1,54266,0
1,2,54442,0
1,1,54442,0
1,3,54619,0
1,3,54795,0
1,4,54795,0
1,4,55148,0
1,4,55501,0
1,2,55501,0
1,1,55678,0
1,3,55678,0
1,2,55854,0
1,4,55854,0
1,1,56031,0
1,2,56031,0
1,2,56384,0
1,3,56384,0
2,1,56560,57442
1,3,56913,0
1,3,57089,0
1,2,57266,0
1,4,57266,0
1,2,57619,0
1,4,57619,0
1,2,57972,0
1,4,57972,0
1,1,58148,0
1,2,58325,0
1,3,58325,0
1,4,58501,0
1,3,58678,0
1,1,58678,0
2,2,58854,59031
1,4,59207,0
2,3,59384,59737
1,2,59737,0
1,1,59913,0
1,2,60089,0
2,3,60266,60442
1,4,60619,0
1,3,60795,0
1,4,61148,0
1,3,61148,0
1,2,61325,0
1,1,61325,0
1,4,61501,0
1,3,61501,0
2,2,61678,61854
1,4,62031,0
1,2,62207,0
1,1,62207,0
1,4,62560,0
1,3,62737,0
1,2,62913,0
1,1,62913,0
1,4,63089,0
1,3,63266,0
1,1,63442,0
1,2,63619,0
1,3,63619,0
2,3,63972,64148
1,3,64325,0
1,2,64501,0
1,1,64678,0
1,1,65031,0
1,4,65384,0
1,3,65384,0
1,2,65737,0
1,1,65825,0
2,2,65913,66089
1,4,66266,0
1,3,66442,0
1,2,66442,0
1,1,66795,0
1,2,66795,0
1,2,67148,0
1,4,67148,0
1,2,67501,0
1,3,67589,0
1,2,67678,0
1,2,67854,0
1,4,68031,0
1,3,68031,0
1,2,68207,0
1,1,68384,0
1,3,68560,0
1,4,68913,0
1,2,68913,0
2,4,69089,69619
2,2,69089,69619
1,1,69442,0
1,3,69531,0
1,1,69619,0
1,3,69707,0
1,1,69795,0
1,4,69884,0
1,1,69972,0
1,4,70060,0
2,3,70148,70854
1,4,70854,0
1,2,71031,0
1,4,71119,0
1,2,71207,0
1,4,71295,0
1,2,71384,0
1,1,71384,0
1,1,71560,0
1,3,71560,0
1,1,71913,0
1,3,71913,0
1,2,72266,0
1,1,72442,0
1,3,72442,0
1,2,72619,0
2,4,72795,72972
1,3,73148,0
1,2,73148,0
1,1,73325,0
1,2,73501,0
1,4,73501,0
1,2,73854,0
1,3,73854,0
1,1,74031,0
1,3,74207,0
1,4,74384,0
1,2,74384,0
1,4,74737,0
1,2,74737,0
1,4,74913,0
1,2,74913,0
1,2,75266,0
1,1,75266,0
1,3,75442,0
1,4,75619,0
1,3,75795,0
1,1,75795,0
1,2,76148,0
1,3,76148,0
1,2,76325,0
1,3,76325,0
1,1,76678,0
1,3,76678,0
1,2,77031,0
2,2,77207,77737
1,1,77560,0
1,3,77737,0
1,3,78089,0
1,1,78266,0
1,2,78266,0
1,3,78442,0
1,4,78619,0
1,3,78795,0
1,1,78972,0
1,2,79148,0
1,3,79148,0
1,3,79501,0
1,1,79501,0
1,3,79678,0
1,1,79678,0
1,3,79854,0
1,1,79854,0
1,2,80031,0
1,1,80207,0
1,3,80560,0
1,4,80913,0
1,3,81001,0
1,2,81001,0
1,4,81089,0
1,4,81266,0
2,3,81442,81619
1,4,81795,0
1,3,81972,0
1,2,81972,0
1,2,82325,0
1,1,82325,0
1,1,82501,0
1,4,82589,0
1,2,82678,0
1,4,82766,0
2,3,82854,83384
1,1,82854,0
1,2,83207,0
1,2,83384,0
1,4,83560,0
1,3,83737,0
1,1,83913,0
1,2,84089,0
1,3,84089,0
1,4,84266,0
1,3,84442,0
1,1,84442,0
1,2,84619,0
1,1,84795,0
1,3,84795,0
1,2,85148,0
1,1,85325,0
1,3,85325,0
1,2,85501,0
1,4,85678,0
1,3,85678,0
1,4,86031,0
1,3,86031,0
2,4,86207,86384
2,3,86207,86384
1,1,86560,0
1,3,86560,0
1,2,86737,0
1,4,86737,0
1,3,86913,0
2,2,87089,87442
1,1,87442,0
2,1,87619,87795
1,1,87972,0
1,2,88325,0
1,1,88325,0
1,4,88501,0
1,3,88854,0
1,1,88854,0
1,4,89031,0
1,2,89384,0
1,3,89384,0
1,1,89472,0
1,3,89560,0
1,4,89560,0
1,3,89737,0
1,4,89913,0
1,2,89913,0
1,3,90089,0
1,1,90266,0
1,2,90442,0
1,4,90442,0
1,3,90795,0
1,1,90795,0
1,3,90972,0
1,1,90972,0
1,3,91148,0
1,1,91148,0
2,2,91325,91678
1,1,91501,0
1,1,91854,0
1,2,92207,0
1,3,92207,0
1,4,92295,0
1,1,92384,0
1,2,92384,0
1,2,92560,0
1,3,92737,0
1,4,92737,0
1,1,92913,0
1,2,92913,0
1,3,93001,0
1,4,93001,0
1,2,93089,0
1,1,93089,0
1,4,93266,0
1,3,93266,0
1,1,93354,0
1,2,93354,0
1,3,93442,0
1,4,93442,0
1,2,93619,0
1,1,93619,0
1,3,93707,0
1,4,93707,0
1,2,93795,0
1,1,93795,0
2,1,93972,94325
1,3,93972,0
1,4,93972,0
1,2,94060,0
1,3,94148,0
1,4,94148,0
1,3,94501,0
1,1,94501,0
1,3,94678,0
1,1,94678,0
1,3,95031,0
1,1,95031,0
1,4,95207,0
1,2,95207,0
1,3,95384,0
1,1,95560,0
1,4,95560,0
1,2,95913,0
1,3,95913,0
1,1,96266,0
1,2,96266,0
1,2,96619,0
1,3,96619,0
2,1,96972,98207
1,4,97854,0
1,3,97854,0
1,2,98031,0
1,4,98031,0
1,3,98119,0
1,4,98207,0
1,2,98295,0
1,4,98384,0
1,3,98384,0
1,3,98648,0
1,2,98648,0
1,1,98913,0
1,3,98913,0
1,1,99089,0
1,2,99089,0
1,3,99354,0
1,4,99354,0
1,2,99619,0
1,1,99795,0
1,1,99972,0
1,3,99972,0
1,4,100148,0
1,2,100148,0
1,1,100325,0
1,3,100325,0
1,3,100501,0
1,2,100501,0
1,4,100678,0
1,3,100678,0
1,3,100854,0
1,2,100854,0
1,2,101031,0
1,1,101031,0
1,1,101384,0
1,4,101384,0
1,3,101560,0
1,1,101737,0
1,2,101737,0
1,4,101913,0
1,3,101913,0
1,3,102089,0
1,2,102089,0
1,1,102266,0
1,3,102266,0
1,1,102442,0
1,2,102442,0
1,2,102795,0
1,1,102795,0
1,3,102972,0
1,4,102972,0
1,2,103148,0
1,1,103148,0
1,2,103325,0
1,3,103325,0
1,4,103501,0
1,3,103501,0
1,3,103678,0
1,2,103678,0
1,2,103854,0
1,1,103854,0
1,4,104207,0
1,1,104207,0
1,3,104384,0
1,2,104560,0
1,1,104560,0
1,4,104737,0
1,3,104737,0
1,3,104913,0
1,2,104913,0
1,3,105089,0
1,1,105089,0
1,1,105266,0
1,2,105266,0
1,1,105619,0
1,2,105619,0
1,3,105795,0
1,4,105795,0
1,1,105972,0
1,2,105972,0
1,2,106148,0
1,4,106325,0
1,3,106325,0
1,3,106501,0
1,2,106501,0
1,2,106678,0
1,1,106678,0
1,4,107031,0
1,2,107031,0
1,3,107207,0
1,2,107207,0
1,1,107384,0
1,2,107384,0
1,4,107560,0
1,2,107560,0
1,3,107737,0
1,1,107737,0
1,2,107913,0
1,3,107913,0
1,1,108089,0
1,2,108089,0
1,2,108442,0
1,1,108442,0
1,3,108619,0
1,4,108619,0
1,2,108795,0
1,1,108795,0
1,3,108972,0
1,2,108972,0
1,4,109148,0
1,3,109148,0
1,3,109325,0
1,1,109325,0
1,2,109501,0
2,1,109678,110913
1,2,109678,0
1,4,109766,0
1,3,109854,0
1,4,109942,0
1,2,110031,0
1,4,110119,0
1,2,110207,0
1,3,110295,0
1,2,110384,0
1,4,110384,0
1,2,110648,0
1,4,110648,0
1,3,110648,0
1,2,110913,0
1,4,111001,0
1,1,111089,0
1,3,111178,0
1,1,111266,0
1,2,111266,0
1,2,111442,0
1,2,111619,0
1,3,111619,0
1,4,111795,0
1,3,111972,0
1,2,111972,0
1,1,112148,0
1,2,112325,0
1,3,112325,0
2,3,112501,112678
1,4,112854,0
1,2,112854,0
1,3,113031,0
1,1,113031,0
1,2,113384,0
1,4,113384,0
1,1,113560,0
1,2,113737,0
1,3,113737,0
1,1,114089,0
1,2,114266,0
1,2,114442,0
1,3,114442,0
1,4,114619,0
1,3,114795,0
1,2,114795,0
1,1,114972,0
1,2,115148,0
2,3,115325,115501
1,4,115678,0
1,2,115854,0
1,1,115854,0
1,1,116207,0
1,2,116207,0
1,3,116295,0
1,4,116295,0
1,2,116384,0
1,1,116384,0
1,3,116472,0
1,4,116472,0
1,1,116560,0
1,2,116560,0
1,3,116648,0
1,4,116648,0
1,2,116913,0
1,3,117089,0
1,1,117089,0
1,3,117266,0
1,1,117266,0
2,3,117442,117795
2,1,117442,117795
1,1,118325,0
1,2,118325,0
1,3,118501,0
1,4,118501,0
1,1,118678,0
1,2,118854,0
1,3,118854,0
1,4,119207,0
1,2,119207,0
2,3,119560,119913
1,4,120089,0
2,4,120266,121325
1,1,120795,0
1,3,120795,0
1,2,121148,0
1,3,121325,0
1,2,121501,0
1,1,121501,0
1,3,121589,0
1,4,121589,0
1,2,121678,0
1,1,121678,0
1,4,121854,0
1,3,121854,0
1,2,121942,0
1,1,121942,0
1,4,122031,0
1,3,122031,0
1,1,122207,0
1,3,122207,0
1,2,122207,0
1,2,122560,0
1,4,122737,0
1,3,122737,0
1,2,122913,0
1,4,123089,0
1,3,123266,0
1,2,123266,0
1,1,123442,0
1,2,123619,0
2,3,123795,124148
1,4,124148,0
1,3,124325,0
1,2,124678,0
1,4,124678,0
1,1,124854,0
1,2,125031,0
1,3,125031,0
1,1,125384,0
1,2,125560,0
1,3,125560,0
1,2,125737,0
1,3,125737,0
1,4,125913,0
1,3,126089,0
1,1,126089,0
1,2,126266,0
1,4,126442,0
2,3,126619,126795
1,4,126972,0
1,2,127148,0
1,1,127148,0
1,4,127501,0
1,3,127678,0
1,1,127854,0
1,2,127854,0
1,1,128207,0
1,3,128207,0
1,2,128384,0
1,4,128384,0
1,3,128560,0
2,3,128737,129266
1,3,129619,0
1,1,129619,0
1,4,129795,0
1,2,129972,0
1,1,129972,0
1,3,130148,0
2,4,130501,130678
1,3,130854,0
1,2,130854,0
1,3,131384,0
1,2,131384,0
2,3,131560,132619
1,1,131737,0
1,4,131825,0
1,1,131913,0
1,1,132089,0
1,2,132089,0
1,2,132442,0
1,4,132619,0
1,2,132795,0
1,1,132795,0
1,3,132884,0
1,4,132884,0
1,1,132972,0
1,2,132972,0
1,3,133148,0
1,4,133148,0
1,2,133237,0
1,1,133237,0
1,4,133325,0
1,3,133325,0
1,3,133501,0
1,1,133501,0
2,2,133678,133854
1,4,134031,0
1,3,134207,0
1,1,134207,0
1,2,134560,0
1,1,134560,0
1,3,134737,0
1,4,134737,0
1,2,134913,0
1,1,134913,0
2,1,135089,135266
1,4,135442,0
1,3,135442,0
1,3,135619,0
1,2,135619,0
1,3,135972,0
1,1,136148,0
1,2,136148,0
1,4,136325,0
1,2,136501,0
1,3,136501,0
1,4,136854,0
1,3,137031,0
1,1,137031,0
1,4,137384,0
1,3,137560,0
1,2,137560,0
1,1,137737,0
1,4,137913,0
1,3,138089,0
1,1,138266,0
1,2,138442,0
1,3,138442,0
1,3,138795,0
1,1,138795,0
1,3,139148,0
1,1,139148,0
1,2,139325,0
1,1,139501,0
1,3,139678,0
1,4,139854,0
1,2,140207,0
1,3,140384,0
1,4,140384,0
1,3,140560,0
1,4,140560,0
1,1,140737,0
1,3,140913,0
1,2,140913,0
1,4,141266,0
1,3,141266,0
1,3,141619,0
1,1,141795,0
1,2,141795,0
1,3,141972,0
2,2,142148,142325
1,3,142501,0
2,1,142678,143737
1,2,143031,0
1,3,143119,0
1,4,143119,0
1,2,143207,0
1,2,143384,0
1,4,143384,0
1,3,143384,0
1,2,143737,0
1,4,143737,0
1,2,144089,0
1,4,144089,0
1,1,144266,0
1,3,144442,0
1,4,144442,0
1,2,144531,0
1,1,144531,0
1,3,144619,0
1,4,144619,0
1,2,144707,0
1,1,144707,0
1,3,144795,0
1,4,144795,0
1,1,144884,0
1,2,144884,0
2,3,144972,145148
1,4,145325,0
1,3,145501,0
1,2,145501,0
1,4,145854,0
1,3,146031,0
1,1,146031,0
1,4,146207,0
2,1,146384,146560
1,3,146737,0
1,4,146737,0
1,2,146913,0
1,1,146913,0
1,3,147266,0
1,2,147442,0
1,1,147442,0
1,3,147619,0
2,1,147795,147972
1,4,148148,0
1,2,148325,0
1,1,148325,0
1,3,148325,0
1,4,148678,0
1,3,148854,0
1,2,149031,0
1,1,149031,0
1,4,149207,0
1,3,149384,0
1,1,149560,0
1,2,149737,0
1,4,149737,0
1,3,149737,0
2,1,150089,150266
1,1,150442,0
1,4,150619,0
2,3,150795,150972
1,1,151148,0
1,2,151148,0
1,4,151501,0
1,3,151501,0
1,3,151854,0
1,3,151942,0
2,2,152031,152384
1,4,152384,0
1,3,152560,0
1,2,152560,0
1,1,152913,0
1,3,152913,0
1,2,153266,0
1,4,153266,0
1,3,153619,0
1,2,153707,0
1,4,153795,0
1,4,153972,0
1,2,153972,0
1,3,154148,0
1,1,154148,0
1,2,154325,0
1,1,154501,0
1,3,154678,0
1,2,154678,0
1,3,155031,0
1,2,155031,0
2,3,155207,155737
2,2,155207,155737
1,1,155560,0
1,4,155648,0
1,1,155737,0
1,4,155825,0
1,1,155913,0
1,4,156001,0
1,1,156089,0
1,4,156178,0
2,4,156266,157148
1,1,156266,0
1,2,156266,0
1,1,156619,0
1,3,156619,0
1,1,156972,0
1,3,156972,0
1,1,157148,0
1,2,157148,0
1,3,157237,0
1,4,157237,0
1,1,157325,0
1,2,157325,0
1,3,157413,0
1,4,157413,0
1,1,157501,0
1,2,157501,0
1,3,157589,0
1,4,157589,0
1,2,157678,0
1,1,157678,0
1,2,158031,0
1,4,158031,0
1,2,158207,0
1,4,158207,0
1,4,158384,0
1,2,158560,0
1,1,158560,0
1,4,158737,0
2,3,158913,159089
1,2,159266,0
1,1,159442,0
1,3,159442,0
1,2,159619,0
1,4,159972,0
1,2,160148,0
1,1,160148,0
1,4,160325,0
1,3,160501,0
1,2,160501,0
1,3,160854,0
1,1,160854,0
1,3,161031,0
1,1,161031,0
1,2,161384,0
1,1,161384,0
1,3,161560,0
1,4,161737,0
1,3,161913,0
1,1,161913,0
1,2,162266,0
1,3,162266,0
1,1,162442,0
1,2,162442,0
1,1,162795,0
1,2,162795,0
1,2,163148,0
1,3,163148,0
1,4,163325,0
1,3,163678,0
1,1,163678,0
1,4,163854,0
1,3,164207,0
1,1,164207,0
1,2,164295,0
1,3,164384,0
1,1,164384,0
1,3,164560,0
1,4,164737,0
1,3,164913,0
1,1,165089,0
1,2,165266,0
1,3,165619,0
1,1,165619,0
1,3,165795,0
1,1,165795,0
1,3,165972,0
1,1,165972,0
1,2,166148,0
1,1,166325,0
1,1,166678,0
1,2,167031,0
1,1,167119,0
1,2,167207,0
1,3,167384,0
2,3,167560,167913
1,1,167737,0
1,2,167825,0
1,4,167913,0
1,1,167913,0
1,2,168001,0
1,3,168089,0
1,1,168089,0
2,1,168442,168619
1,2,168619,0
1,3,168707,0
1,4,168707,0
1,2,168795,0
1,3,168884,0
2,4,168972,169501
1,2,168972,0
1,1,168972,0
1,3,169325,0
1,1,169325,0
1,3,169501,0
1,1,169501,0
1,2,169678,0
1,1,169854,0
1,2,170031,0
1,3,170031,0
1,4,170207,0
1,3,170384,0
1,2,170560,0
1,1,170737,0
1,2,170913,0
1,4,170913,0
1,3,171266,0
1,1,171442,0
1,2,171442,0
1,3,171619,0
2,4,171795,171972
1,4,172148,0
1,3,172148,0
1,4,172325,0
1,3,172325,0
1,2,172678,0
1,1,172678,0
1,3,172854,0
1,4,173031,0
1,3,173207,0
1,1,173207,0
1,2,173560,0
1,3,173560,0
1,1,173737,0
1,2,173737,0
1,1,174089,0
1,3,174442,0
1,4,174442,0
2,2,174619,174795
1,3,174972,0
1,2,175148,0
1,1,175148,0
1,4,175501,0
1,3,175589,0
1,2,175589,0
1,4,175678,0
1,1,175678,0
1,4,175854,0
1,1,176031,0
1,2,176207,0
1,3,176207,0
1,4,176384,0
1,3,176560,0
1,1,176560,0
2,3,176913,177089
1,3,177266,0
1,2,177442,0
1,1,177619,0
1,1,177972,0
1,2,178325,0
1,3,178413,0
1,4,178413,0
1,2,178501,0
1,3,178678,0
1,4,178678,0
1,1,178854,0
1,2,178854,0
1,3,178942,0
1,4,178942,0
1,2,179031,0
1,1,179031,0
1,3,179119,0
1,4,179119,0
1,2,179207,0
1,1,179207,0
1,3,179295,0
1,4,179295,0
1,2,179384,0
1,1,179384,0
1,3,179472,0
1,4,179472,0
1,2,179560,0
1,1,179560,0
1,3,179648,0
1,4,179648,0
1,1,179737,0
1,2,179737,0
1,1,179913,0
1,3,179913,0
1,4,179913,0
1,1,180089,0
1,3,180089,0
1,1,180266,0
1,3,180266,0
1,2,180619,0
1,4,180619,0
1,2,180795,0
1,4,180795,0
1,2,181148,0
1,3,181325,0
1,1,181325,0
1,4,181501,0
1,2,181501,0
2,4,181678,181854
2,3,182031,182207
2,1,182384,182560
2,2,182737,182913
2,1,183089,184148
1,2,183972,0
1,4,183972,0
1,3,184148,0
1,4,184237,0
1,1,184325,0
1,3,184325,0
1,2,184413,0
1,4,184501,0
1,3,184766,0
1,1,184766,0
1,2,185031,0
1,3,185207,0
1,4,185472,0
1,3,185472,0
1,2,185737,0
1,1,185913,0
1,2,186089,0
1,3,186266,0
1,4,186442,0
1,2,186619,0
1,3,186795,0
1,1,186972,0
1,2,187148,0
1,4,187148,0
1,3,187237,0
1,2,187325,0
1,4,187325,0
1,4,187501,0
1,2,187501,0
1,3,187678,0
1,1,187678,0
1,2,187854,0
1,4,188031,0
1,3,188207,0
1,2,188384,0
1,1,188560,0
1,3,188737,0
1,4,188737,0
1,2,188913,0
1,1,189089,0
1,2,189266,0
1,3,189266,0
1,4,189442,0
1,3,189531,0
1,2,189619,0
1,1,189707,0
1,4,189795,0
1,3,189884,0
1,2,189972,0
1,1,190060,0
1,2,190148,0
1,3,190148,0
1,4,190237,0
1,3,190325,0
1,2,190413,0
1,1,190501,0
1,4,190589,0
1,3,190678,0
1,2,190766,0
1,3,190854,0
1,1,190942,0
1,2,191031,0
1,3,191119,0
1,4,191207,0
1,1,191295,0
1,2,191384,0
1,4,191472,0
1,3,191560,0
1,1,191648,0
1,2,191737,0
1,3,191825,0
1,4,191913,0
1,1,192001,0
1,2,192089,0
1,3,192178,0
1,4,192266,0
1,1,192354,0
1,2,192442,0
1,3,192531,0
1,4,192619,0
1,1,192707,0
1,2,192795,0
1,3,192884,0
1,1,192972,0
1,2,193060,0
1,3,193148,0
1,4,193237,0
1,3,193325,0
1,2,193413,0
1,1,193501,0
1,2,193589,0
2,4,193678,194207
1,1,193854,0
1,3,193854,0
1,1,194031,0
1,3,194031,0
1,3,194384,0
1,4,194560,0
1,3,194737,0
1,2,194913,0
2,1,195089,195442
1,1,195619,0
1,2,195707,0
1,4,195795,0
1,3,195884,0
1,2,195972,0
1,1,196060,0
1,4,196148,0
1,3,196237,0
1,2,196325,0
1,1,196413,0
2,4,196501,197384
1,3,196501,0
1,1,197207,0
1,3,197207,0
1,1,197560,0
1,4,197737,0
1,2,197737,0
2,2,198089,198266
1,4,198442,0
1,3,198619,0
1,1,198619,0
1,2,198972,0
1,4,198972,0
1,3,199148,0
1,2,199501,0
1,1,199501,0
1,3,199854,0
1,4,200031,0
1,2,200031,0
1,1,200384,0
1,2,200560,0
1,4,200560,0
2,3,200913,201089
1,3,201266,0
1,2,201442,0
1,1,201442,0
2,4,201795,202148
2,3,201972,202325
2,2,202325,202678
1,1,202854,0
1,4,202854,0
1,2,203207,0
1,3,203384,0
1,4,203384,0
2,2,203737,203913
1,3,204089,0
1,2,204266,0
1,1,204266,0
1,4,204619,0
1,3,204795,0
1,1,205148,0
1,3,205148,0
1,1,205325,0
1,3,205325,0
1,1,205501,0
1,3,205501,0
2,2,205678,206031
2,4,205678,206031
1,2,206207,0
1,4,206207,0
1,2,206560,0
1,4,206560,0
1,2,206913,0
1,4,206913,0
1,3,207089,0
1,4,207442,0
1,3,207619,0
1,2,207619,0
2,1,207972,208325
1,3,208148,0
1,4,208148,0
1,2,208237,0
1,3,208325,0
1,4,208325,0
1,1,208413,0
1,2,208413,0
1,3,208501,0
1,4,208501,0
1,2,208854,0
1,3,209031,0
1,4,209031,0
1,1,209384,0
1,2,209384,0
1,4,209737,0
1,1,209913,0
1,3,209913,0
1,3,210266,0
1,4,210266,0
1,1,210442,0
1,2,210442,0
1,3,210795,0
1,2,210795,0
1,2,211148,0
1,1,211148,0
1,3,211325,0
1,2,211678,0
1,3,211854,0
1,4,211854,0
1,3,212207,0
1,3,212560,0
1,2,212737,0
1,1,212737,0
1,4,213089,0
1,3,213266,0
1,2,213266,0
2,1,213619,213972
1,1,214148,0
1,3,214148,0
1,2,214501,0
1,3,214678,0
1,4,214678,0
1,2,215031,0
1,4,215384,0
1,3,215560,0
1,1,215560,0
1,4,215913,0
1,2,216089,0
1,1,216089,0
1,3,216442,0
1,1,216442,0
1,3,216619,0
1,1,216619,0
1,3,216795,0
1,1,216795,0
1,2,216972,0
1,1,216972,0
1,1,217325,0
1,2,217501,0
1,4,217501,0
1,1,217854,0
1,4,217854,0
1,1,218031,0
1,4,218031,0
1,1,218207,0
1,4,218207,0
1,3,218384,0
1,4,218737,0
1,2,218737,0
1,3,218913,0
1,1,218913,0
1,2,219266,0
1,1,219266,0
1,3,219354,0
1,4,219354,0
1,2,219442,0
1,1,219442,0
1,3,219531,0
1,4,219531,0
1,2,219619,0
1,1,219619,0
1,4,219795,0
1,3,219795,0
1,4,220148,0
1,2,220148,0
1,3,220501,0
1,2,220501,0
1,1,220854,0
1,2,220854,0
1,2,221207,0
1,3,221207,0
1,1,221560,0
1,2,221560,0
1,2,221913,0
1,3,221913,0
1,3,222266,0
1,4,222266,0
2,4,222619,223854
1,1,222619,0
1,3,222619,0
1,1,222972,0
1,3,222972,0
1,1,223325,0
1,3,223325,0
1,2,223501,0
1,3,223589,0
1,1,223678,0
1,2,223766,0
1,3,223854,0
1,4,223942,0
1,1,224031,0
1,3,224031,0
1,2,224737,0
1,1,224737,0
1,4,224913,0
1,3,224913,0
1,2,225001,0
1,1,225001,0
1,3,225089,0
1,4,225089,0
1,2,225178,0
1,1,225178,0
1,4,225266,0
1,3,225266,0
1,2,225442,0
1,2,225795,0
1,4,225795,0
1,2,225972,0
1,4,225972,0
1,3,226148,0
1,1,226325,0
1,3,226501,0
1,2,226501,0
1,4,226678,0
1,3,227031,0
1,2,227207,0
1,1,227207,0
1,3,227384,0
1,2,227737,0
1,4,227737,0
1,1,227913,0
1,2,228089,0
1,3,228266,0
1,4,228266,0
1,3,228619,0
1,2,228619,0
1,3,228795,0
1,2,228795,0
1,1,229148,0
1,2,229325,0
1,3,229325,0
1,4,229501,0
1,3,229678,0
1,1,229678,0
1,2,230031,0
1,1,230207,0
1,1,230560,0
1,2,230560,0
1,3,230913,0
1,2,231089,0
1,1,231089,0
1,4,231442,0
1,1,231619,0
1,3,231619,0
1,2,231972,0
1,4,231972,0
1,1,232060,0
1,2,232148,0
1,4,232148,0
1,2,232325,0
1,4,232501,0
1,3,232678,0
1,2,232678,0
1,1,232854,0
1,2,233031,0
1,3,233031,0
1,1,233384,0
1,4,233384,0
1,1,233737,0
1,4,233737,0
1,3,233913,0
1,2,234089,0
1,1,234089,0
1,4,234442,0
1,2,234442,0
1,3,234795,0
1,1,234884,0
1,2,234884,0
1,3,234972,0
1,3,235148,0
1,4,235325,0
1,2,235325,0
1,3,235678,0
1,4,235678,0
1,2,235854,0
1,1,235854,0
1,1,236207,0
1,3,236207,0
1,4,236384,0
1,3,236384,0
1,1,236472,0
1,2,236472,0
1,3,236560,0
1,4,236560,0
1,2,236648,0
1,1,236648,0
1,3,236737,0
1,4,236737,0
1,3,237089,0
1,1,237089,0
1,3,237266,0
1,1,237266,0
1,4,237442,0
1,3,237619,0
1,1,237619,0
1,2,237795,0
1,4,237972,0
1,3,237972,0
1,1,238148,0
1,3,238325,0
1,2,238501,0
1,1,238501,0
1,4,238678,0
1,3,239031,0
1,1,239207,0
1,2,239207,0
1,3,239384,0
1,4,239560,0
1,2,239560,0
1,4,239913,0
1,3,239913,0
1,4,240089,0
1,3,240089,0
1,2,240442,0
1,1,240442,0
1,3,240619,0
1,4,240795,0
1,3,240972,0
1,1,240972,0
1,2,241325,0
1,4,241325,0
1,1,241501,0
1,1,241854,0
1,2,241854,0
1,2,242207,0
1,1,242207,0
1,4,242384,0
1,3,242737,0
1,1,242737,0
1,4,242913,0
1,3,243266,0
1,1,243266,0
1,2,243354,0
1,3,243442,0
1,1,243442,0
1,3,243619,0
1,4,243795,0
1,3,243972,0
1,1,244148,0
1,2,244148,0
1,4,244325,0
1,3,244325,0
1,2,244678,0
1,3,244678,0
1,2,244854,0
1,3,244854,0
1,2,245031,0
1,3,245031,0
1,4,245207,0
2,3,245384,245560
1,3,245737,0
1,2,246089,0
1,1,246266,0
1,3,246266,0
1,2,246442,0
1,3,246619,0
1,1,246795,0
1,2,246795,0
1,3,246884,0
1,4,246884,0
1,1,246972,0
1,2,246972,0
1,3,247060,0
1,4,247060,0
1,2,247148,0
1,1,247148,0
1,3,247237,0
1,4,247237,0
1,1,247325,0
1,2,247325,0
1,3,247413,0
1,4,247413,0
1,1,247501,0
1,2,247501,0
1,3,247589,0
1,4,247589,0
1,1,247678,0
1,2,247678,0
1,3,247766,0
1,4,247766,0
1,2,247854,0
1,1,247854,0
1,3,248031,0
1,4,248031,0
1,2,248031,0
1,3,248384,0
1,3,248560,0
1,1,248560,0
1,2,248737,0
1,2,248913,0
1,4,248913,0
1,3,249089,0
1,4,249266,0
1,3,249619,0
1,1,249795,0
1,2,249795,0
1,3,249972,0
1,2,250325,0
1,4,250325,0
1,1,250501,0
1,3,250678,0
1,4,250678,0
1,2,250854,0
1,2,251207,0
1,2,251384,0
1,3,251384,0
1,1,251737,0
1,2,251913,0
1,3,252089,0
1,4,252266,0
1,2,252266,0
1,3,252619,0
1,1,252619,0
1,2,252795,0
1,1,253148,0
1,2,253501,0
1,3,253678,0
1,4,253678,0
1,1,254031,0
1,4,254207,0
1,2,254207,0
1,4,254560,0
1,2,254560,0
1,3,254648,0
1,4,254737,0
1,2,254737,0
1,4,254913,0
1,4,255089,0
1,3,255266,0
1,2,255266,0
1,1,255442,0
1,2,255619,0
1,3,255619,0
1,3,255972,0
1,3,256325,0
1,4,256325,0
1,2,256501,0
1,1,256678,0
1,3,256678,0
1,2,257031,0
1,1,257031,0
1,3,257384,0
1,2,257472,0
1,1,257472,0
1,3,257560,0
1,3,257737,0
1,4,257913,0
1,1,258089,0
1,2,258089,0
1,3,258178,0
1,4,258178,0
1,2,258266,0
1,1,258266,0
1,3,258354,0
1,4,258354,0
1,2,258442,0
1,1,258442,0
1,3,258531,0
1,4,258531,0
1,2,258619,0
1,1,258619,0
1,3,258707,0
1,4,258707,0
1,1,258795,0
1,2,258795,0
1,3,258884,0
1,4,258884,0
1,2,258972,0
1,1,258972,0
1,3,259060,0
1,4,259060,0
1,2,259148,0
1,1,259148,0
1,3,259237,0
1,4,259237,0
1,2,259325,0
1,1,259325,0
1,3,259678,0
1,4,259678,0
1,3,259854,0
1,4,259854,0
1,2,260207,0
1,3,260384,0
1,4,260560,0
1,3,260737,0
1,1,260737,0
1,2,261089,0
1,1,261442,0
1,2,261795,0
1,3,261795,0
2,1,262148,263384
1,2,263031,0
1,4,263031,0
1,3,263207,0
1,4,263295,0
1,2,263384,0
1,3,263472,0
1,4,263560,0
1,3,263825,0
1,1,263825,0
1,2,264089,0
1,1,264266,0
1,4,264442,0
1,3,264442,0
1,3,264707,0
1,2,264707,0
1,2,264972,0
1,1,265148,0
1,2,265148,0
1,3,265325,0
1,4,265325,0
1,1,265501,0
1,2,265501,0
1,3,265678,0
1,2,265678,0
1,4,265854,0
1,3,265854,0
1,3,266031,0
1,2,266031,0
1,2,266207,0
1,1,266207,0
1,4,266560,0
1,2,266560,0
1,3,266737,0
1,2,266913,0
1,1,266913,0
1,4,267089,0
1,3,267089,0
1,3,267266,0
1,2,267266,0
1,1,267442,0
1,3,267442,0
1,1,267619,0
1,2,267619,0
1,1,267972,0
1,2,267972,0
1,3,268148,0
1,4,268148,0
1,1,268325,0
1,2,268325,0
1,2,268501,0
1,3,268501,0
1,4,268678,0
1,3,268678,0
1,3,268854,0
1,2,268854,0
1,2,269031,0
1,1,269031,0
1,4,269384,0
1,3,269384,0
1,2,269560,0
1,3,269560,0
1,1,269737,0
1,2,269737,0
1,4,269913,0
1,2,269913,0
1,3,270089,0
1,1,270089,0
1,2,270266,0
1,3,270266,0
1,1,270442,0
1,2,270442,0
1,2,270795,0
1,1,270795,0
1,3,270972,0
1,4,270972,0
1,2,271148,0
1,1,271148,0
1,3,271325,0
1,2,271325,0
1,4,271501,0
1,3,271501,0
1,3,271678,0
1,2,271678,0
1,2,271854,0
1,1,271854,0
1,3,272207,0
1,1,272207,0
1,2,272384,0
1,1,272560,0
1,3,272560,0
1,4,272737,0
1,3,272737,0
1,3,272913,0
1,2,272913,0
1,3,273089,0
1,1,273089,0
1,1,273266,0
1,2,273266,0
1,1,273619,0
1,3,273619,0
1,2,273795,0
1,4,273795,0
1,1,273972,0
1,3,273972,0
1,2,274148,0
1,3,274148,0
1,4,274325,0
1,3,274325,0
1,3,274501,0
1,2,274501,0
1,2,274678,0
1,1,274678,0
1,2,275031,0
1,3,275031,0
1,4,275207,0
1,2,275384,0
1,1,275384,0
