2,1,374,540
1,3,540,0
1,4,707,0
1,2,873,0
1,3,1040,0
1,1,1207,0
2,2,1373,1540
1,4,1540,0
2,3,1707,1873
1,1,1873,0
1,4,2040,0
1,2,2207,0
1,3,2373,0
1,1,2540,0
2,4,2707,2873
1,2,2873,0
2,1,3040,3207
1,3,3207,0
1,2,3373,0
1,4,3540,0
1,3,3707,0
1,1,3873,0
2,2,4040,4207
1,4,4207,0
2,3,4373,4540
1,1,4540,0
1,4,4707,0
2,1,4873,5040
2,3,5040,5207
1,4,5207,0
2,2,5373,5540
1,4,5540,0
2,1,5707,5873
1,3,5873,0
1,4,6040,0
1,2,6207,0
1,3,6290,0
1,1,6373,0
1,2,6540,0
2,4,6707,7040
1,1,6873,0
2,2,7040,7207
1,3,7207,0
1,1,7373,0
1,3,7540,0
1,2,7623,0
1,4,7707,0
1,3,7873,0
2,1,8040,8207
1,3,8207,0
2,2,8373,8540
1,4,8540,0
1,3,8707,0
1,1,8873,0
1,3,8957,0
1,2,9040,0
1,4,9207,0
2,1,9373,10040
1,3,9540,0
2,4,9707,10207
1,2,9873,0
1,3,10040,0
2,1,10207,10373
2,3,10373,10540
1,1,10707,0
1,4,10707,0
1,2,10790,0
1,3,10873,0
1,2,10957,0
1,3,11040,0
1,4,11040,0
1,1,11040,0
1,1,11207,0
1,2,11373,0
1,4,11373,0
1,4,11540,0
1,2,11707,0
1,1,11707,0
1,1,11873,0
1,3,12040,0
1,4,12040,0
1,3,12207,0
1,4,12373,0
1,1,12373,0
1,2,12540,0
1,3,12707,0
1,4,12707,0
1,1,12873,0
1,3,12957,0
1,1,13040,0
1,2,13040,0
1,3,13207,0
1,4,13207,0
1,2,13373,0
1,1,13373,0
1,4,13373,0
1,2,13540,0
1,3,13707,0
1,4,13707,0
1,1,13707,0
1,4,13873,0
1,3,14040,0
1,1,14040,0
1,1,14207,0
1,3,14373,0
1,4,14373,0
1,4,14540,0
1,2,14707,0
1,1,14707,0
1,2,14873,0
1,4,14957,0
1,1,15040,0
1,3,15040,0
1,3,15207,0
1,2,15207,0
1,2,15373,0
1,4,15373,0
1,1,15540,0
1,2,15623,0
1,3,15707,0
1,2,15873,0
1,4,15957,0
1,3,16040,0
1,1,16123,0
1,2,16207,0
1,3,16290,0
1,2,16373,0
1,4,16373,0
1,1,16373,0
1,1,16540,0
1,2,16707,0
1,4,16707,0
1,4,16873,0
1,2,17040,0
1,1,17040,0
1,1,17207,0
1,3,17373,0
1,4,17373,0
1,3,17540,0
1,2,17707,0
1,1,17707,0
1,2,17873,0
1,4,18040,0
1,3,18040,0
1,3,18207,0
1,1,18290,0
1,2,18373,0
1,4,18373,0
1,1,18540,0
1,3,18540,0
1,4,18707,0
1,3,18707,0
1,1,18707,0
1,2,18873,0
1,4,19040,0
1,3,19040,0
1,1,19040,0
1,3,19207,0
1,2,19373,0
1,4,19373,0
1,2,19540,0
1,4,19707,0
1,1,19707,0
1,4,19873,0
1,3,20040,0
1,1,20040,0
1,1,20207,0
1,4,20373,0
1,2,20457,0
1,3,20623,0
1,1,20707,0
1,4,20873,0
1,3,20957,0
1,2,21040,0
1,3,21207,0
1,1,21290,0
1,2,21373,0
1,4,21457,0
1,3,21540,0
1,2,21623,0
2,4,21707,21873
1,3,21707,0
1,1,21707,0
1,2,21873,0
2,3,22040,22207
1,1,22207,0
2,4,22373,22540
1,1,22540,0
1,2,22540,0
2,3,22707,22873
1,4,22873,0
1,1,22873,0
2,2,23040,23207
1,4,23207,0
2,1,23373,23540
1,3,23540,0
2,1,23707,23873
1,4,23873,0
1,2,24040,0
2,4,24207,24373
1,3,24207,0
2,1,24373,24540
1,3,24540,0
2,2,24707,24873
1,4,24873,0
2,1,25040,25207
1,4,25207,0
1,3,25207,0
2,2,25373,25540
1,1,25540,0
1,4,25540,0
2,3,25707,25873
1,2,25873,0
1,3,26040,0
2,4,26040,26207
1,2,26207,0
1,1,26207,0
2,4,26373,26540
1,1,26540,0
1,3,26707,0
1,2,26790,0
1,1,26873,0
1,4,26957,0
2,1,27040,27207
1,3,27040,0
1,4,27207,0
2,2,27373,27540
1,3,27540,0
2,1,27707,27873
1,4,27873,0
1,3,27873,0
2,2,28040,28207
1,1,28207,0
1,4,28207,0
2,3,28373,28540
1,1,28540,0
2,4,28707,28873
1,3,28707,0
1,2,28873,0
2,4,29040,29207
1,1,29040,0
1,3,29207,0
1,2,29373,0
2,3,29540,29707
1,4,29540,0
2,1,29707,29873
1,3,29873,0
2,2,30040,30373
1,4,30207,0
2,4,30373,30540
1,2,30540,0
1,1,30540,0
2,1,30707,30873
1,4,30873,0
1,3,30873,0
2,3,31040,31207
1,2,31207,0
1,1,31373,0
2,2,31373,31540
1,4,31540,0
1,1,31707,0
1,2,31790,0
1,3,31873,0
1,4,31957,0
1,1,32040,0
1,2,32207,0
1,4,32373,0
1,1,32373,0
1,3,32707,0
1,2,32873,0
2,4,33040,33373
1,2,33373,0
1,3,33540,0
2,1,33707,34040
1,4,34040,0
1,2,34207,0
2,3,34373,34707
1,2,34540,0
2,1,34707,35040
1,3,34873,0
1,2,35040,0
1,4,35040,0
2,2,35373,35707
1,4,35540,0
2,1,35707,36040
1,3,35873,0
2,4,36040,36373
1,2,36207,0
2,3,36373,36707
2,2,36707,37040
1,1,36873,0
1,3,37040,0
1,4,37123,0
1,1,37207,0
1,3,37373,0
1,2,37540,0
1,3,37707,0
1,4,37707,0
2,1,37707,38040
1,3,38040,0
1,2,38207,0
2,4,38373,38707
1,3,38707,0
1,2,38873,0
2,3,39040,39373
1,1,39373,0
1,3,39540,0
1,2,39707,0
1,4,39873,0
1,1,40040,0
1,2,40123,0
1,3,40207,0
1,4,40290,0
1,2,40373,0
1,1,40373,0
1,1,40540,0
1,3,40707,0
1,3,40873,0
1,2,41040,0
1,4,41207,0
1,4,41373,0
1,4,41540,0
1,2,41707,0
1,3,41873,0
1,2,42040,0
1,1,42207,0
1,3,42373,0
1,2,42540,0
1,2,42707,0
1,3,42873,0
1,1,43040,0
1,2,43040,0
1,4,43040,0
1,3,43207,0
1,2,43373,0
1,4,43540,0
1,1,43707,0
1,3,43873,0
2,2,44040,44373
2,4,44207,44373
1,2,44540,0
1,3,44623,0
1,1,44707,0
1,4,44707,0
1,2,44873,0
1,3,45040,0
1,2,45123,0
1,1,45207,0
1,4,45290,0
1,3,45373,0
1,1,45373,0
1,1,45707,0
2,2,45707,46040
1,4,45707,0
1,3,46040,0
1,4,46040,0
2,1,46207,46373
1,3,46373,0
2,4,46373,46707
1,2,46707,0
1,1,46707,0
2,3,46873,47040
1,4,47040,0
2,2,47040,47373
2,4,47373,47707
1,3,47373,0
1,2,47707,0
1,1,47707,0
1,3,47873,0
1,4,47873,0
2,1,48040,48373
1,2,48040,0
2,3,48373,48707
1,4,48373,0
1,1,48707,0
1,2,48707,0
2,4,48873,49040
2,2,49040,49373
1,1,49040,0
1,3,49373,0
1,4,49373,0
2,1,49540,49706
2,4,49706,50040
1,2,49706,0
2,2,50040,50373
1,1,50040,0
1,4,50290,0
2,3,50373,50706
1,2,50540,0
1,1,50706,0
1,4,50790,0
1,3,50873,0
1,2,50956,0
1,4,51040,0
2,3,51040,51373
1,1,51040,0
1,2,51373,0
1,1,51373,0
2,4,51540,51706
1,2,51706,0
2,1,51706,52040
1,3,52040,0
1,4,52040,0
2,2,52206,52373
1,1,52373,0
2,3,52373,52706
2,1,52706,53040
1,2,52706,0
1,4,53040,0
1,2,53206,0
1,1,53290,0
1,4,53373,0
1,3,53456,0
1,2,53540,0
1,4,53706,0
2,1,53706,54040
1,3,53706,0
1,4,54040,0
1,3,54040,0
2,2,54206,54373
2,3,54373,54706
1,1,54373,0
1,2,54706,0
1,1,54706,0
1,4,54873,0
1,3,54956,0
1,2,55040,0
2,1,55040,55206
1,4,55206,0
2,3,55373,55540
1,1,55540,0
1,2,55623,0
1,4,55706,0
1,3,55873,0
1,2,55956,0
1,1,56040,0
1,4,56123,0
1,3,56206,0
1,2,56290,0
1,3,56373,0
1,4,56373,0
1,1,56373,0
1,4,56540,0
1,2,56873,0
1,4,57206,0
1,2,57373,0
1,4,57540,0
1,2,57873,0
1,4,58206,0
1,2,58373,0
1,4,58540,0
1,2,58706,0
1,3,58873,0
1,1,59040,0
1,1,59206,0
1,3,59540,0
1,1,59873,0
1,3,60040,0
1,1,60206,0
1,3,60540,0
1,1,60873,0
1,3,61040,0
1,1,61206,0
1,3,61373,0
1,2,61540,0
1,4,61706,0
1,4,61873,0
1,1,62206,0
1,4,62540,0
1,1,62706,0
1,4,62873,0
1,1,63206,0
1,4,63540,0
1,1,63706,0
1,4,63873,0
1,1,64040,0
1,3,64206,0
1,2,64373,0
1,2,64540,0
1,3,64873,0
1,2,65206,0
1,4,65373,0
1,1,65540,0
1,2,65623,0
1,3,65706,0
1,2,65873,0
1,1,65956,0
1,4,66040,0
1,3,66123,0
1,2,66206,0
1,1,66373,0
1,3,66540,0
1,4,66540,0
1,2,66706,0
1,3,66873,0
1,4,66873,0
2,1,67040,67206
1,2,67040,0
1,4,67040,0
2,1,67373,67540
1,3,67540,0
2,4,67706,67873
1,1,67873,0
1,2,67873,0
2,4,68040,68206
1,1,68206,0
1,3,68206,0
2,2,68373,68540
1,4,68540,0
2,3,68706,68873
1,2,68873,0
2,1,69040,69206
1,4,69206,0
1,3,69373,0
1,2,69540,0
1,1,69540,0
2,4,69706,69873
1,1,69873,0
2,4,70040,70206
1,2,70206,0
2,1,70373,70540
1,4,70540,0
1,3,70540,0
2,1,70706,70873
1,4,70873,0
1,2,70873,0
2,3,71040,71206
1,1,71206,0
1,4,71373,0
2,2,71373,71540
1,3,71540,0
2,1,71706,71873
1,2,71873,0
1,1,72040,0
1,4,72040,0
1,3,72123,0
1,2,72206,0
1,3,72290,0
1,4,72373,0
1,2,72373,0
2,1,72373,72540
2,1,72706,72873
1,3,72873,0
2,4,73040,73206
1,2,73206,0
1,1,73206,0
2,4,73373,73540
1,3,73540,0
1,1,73540,0
2,2,73706,73873
1,4,73873,0
2,3,74040,74206
1,2,74206,0
2,1,74373,74540
1,4,74540,0
2,3,74706,74873
1,1,74873,0
1,2,74873,0
2,4,75040,75206
1,3,75040,0
1,1,75206,0
1,2,75373,0
2,3,75540,75706
2,1,75706,75873
2,4,75873,76040
1,3,75873,0
1,2,76040,0
1,3,76206,0
1,2,76290,0
1,1,76373,0
1,3,76540,0
1,4,76540,0
1,1,76706,0
1,4,76706,0
1,3,76873,0
1,2,76956,0
1,1,77040,0
1,4,77123,0
1,3,77206,0
1,1,77206,0
1,2,77373,0
1,3,77456,0
1,4,77540,0
1,1,77623,0
2,4,77706,77873
1,3,77706,0
1,2,77706,0
1,2,77873,0
1,4,78040,0
2,1,78040,78206
1,3,78206,0
2,4,78373,78540
1,2,78540,0
1,1,78706,0
2,3,78706,78873
1,4,78873,0
2,2,79040,79206
1,1,79206,0
1,4,79373,0
2,3,79373,79540
1,2,79540,0
2,4,79706,79873
1,3,79873,0
1,4,80040,0
1,1,80040,0
2,2,80206,80373
2,4,80373,80540
1,1,80373,0
1,3,80373,0
1,2,80540,0
2,3,80706,80873
1,1,80706,0
1,4,80873,0
2,1,81040,81206
1,3,81206,0
1,4,81373,0
2,2,81373,81540
1,1,81540,0
2,3,81706,81873
1,2,81873,0
1,1,82040,0
2,4,82040,82206
1,3,82206,0
2,2,82373,82540
1,1,82540,0
1,4,82540,0
1,2,82706,0
1,1,82706,0
1,4,82706,0
1,3,82873,0
1,2,82956,0
2,1,83040,83206
1,4,83040,0
1,3,83206,0
1,1,83373,0
2,4,83373,83540
1,2,83540,0
2,3,83706,83873
1,1,83873,0
1,4,84040,0
2,2,84040,84206
1,3,84206,0
2,1,84373,84540
1,2,84540,0
1,4,84706,0
2,3,84706,84873
1,1,84873,0
2,2,85040,85206
1,1,85206,0
1,3,85373,0
2,4,85373,85540
1,2,85540,0
2,3,85706,85873
1,1,85706,0
1,4,85706,0
1,2,85873,0
2,1,86040,86373
1,4,86040,0
2,4,86373,86540
1,3,86540,0
2,1,86706,86873
1,4,86706,0
1,2,86873,0
1,3,86956,0
2,4,87040,87540
1,1,87040,0
1,2,87206,0
1,3,87373,0
1,1,87540,0
1,2,87623,0
1,3,87706,0
1,1,87818,0
1,4,87929,0
1,2,88040,0
1,3,88151,0
1,1,88262,0
2,4,88373,88540
1,2,88373,0
1,3,88373,0
1,1,88540,0
1,3,88706,0
1,4,88873,0
1,2,89040,0
1,3,89206,0
1,1,89290,0
2,4,89373,89540
2,2,89540,89706
2,1,89706,89873
1,4,89706,0
1,3,89873,0
1,1,90040,0
1,2,90206,0
1,3,90290,0
1,4,90373,0
1,1,90456,0
1,2,90540,0
1,3,90623,0
2,1,90706,90873
1,4,90706,0
1,1,91040,0
1,2,91040,0
1,4,91040,0
1,3,91206,0
2,4,91373,91540
2,1,91540,91706
2,3,91706,91873
1,2,91873,0
1,4,91956,0
1,1,92040,0
1,3,92206,0
2,2,92373,92540
1,4,92373,0
2,1,92540,92706
2,4,92706,92873
1,2,92873,0
1,3,92956,0
1,1,93040,0
1,2,93123,0
1,3,93206,0
1,4,93373,0
1,1,93373,0
1,3,93456,0
1,2,93540,0
1,3,93623,0
1,2,93706,0
2,4,93706,93873
1,1,93706,0
1,1,93873,0
1,3,94040,0
1,2,94206,0
2,4,94373,94540
1,2,94540,0
1,3,94623,0
1,4,94706,0
2,1,94706,94873
1,2,94873,0
2,4,95040,95206
1,3,95040,0
1,2,95206,0
1,1,95373,0
1,3,95540,0
1,2,95623,0
1,1,95706,0
1,4,95790,0
1,3,95873,0
1,2,95956,0
2,4,96040,96206
1,1,96040,0
2,1,96373,96540
1,4,96373,0
1,3,96373,0
2,3,96706,96873
1,2,96873,0
2,4,97040,97206
1,1,97206,0
1,2,97290,0
2,3,97373,97540
1,1,97540,0
2,2,97706,97873
1,1,97706,0
1,4,97706,0
1,3,98040,0
1,3,98206,0
1,2,98290,0
1,1,98373,0
1,4,98373,0
1,2,98540,0
1,3,98623,0
1,4,98706,0
1,1,98790,0
1,2,98873,0
1,3,98956,0
2,1,99040,100040
1,2,99040,0
1,4,99040,0
1,4,99373,0
1,3,99373,0
1,2,99706,0
1,4,99873,0
1,3,99873,0
2,4,100040,100540
1,1,100206,0
1,1,100373,0
1,2,100373,0
1,3,100540,0
2,1,100706,100873
1,4,100706,0
1,3,100873,0
1,2,100956,0
1,1,101040,0
1,3,101206,0
1,1,101373,0
1,3,101373,0
1,4,101373,0
1,2,101540,0
2,4,101706,101873
1,1,101706,0
1,2,101706,0
1,3,102040,0
2,2,102040,102206
2,1,102373,102540
1,4,102540,0
1,3,102540,0
2,4,102706,103206
1,2,102873,0
1,1,102873,0
1,2,103040,0
1,3,103206,0
2,1,103373,103540
1,4,103373,0
1,3,103540,0
1,2,103623,0
1,1,103706,0
1,3,103873,0
1,1,104040,0
1,4,104040,0
1,3,104040,0
1,2,104206,0
1,3,104290,0
2,4,104373,104540
1,2,104373,0
1,1,104373,0
1,1,104706,0
1,3,104706,0
2,1,104873,105040
2,4,105040,105206
2,3,105206,105373
1,1,105206,0
2,2,105373,105540
2,1,105540,105706
1,4,105540,0
1,3,105706,0
1,2,105873,0
1,4,106040,0
1,1,106040,0
1,2,106206,0
1,3,106290,0
2,1,106373,106540
1,2,106373,0
2,3,106540,106706
1,4,106706,0
1,1,106706,0
1,2,106790,0
1,3,106873,0
1,4,106956,0
1,2,107040,0
1,1,107040,0
1,1,107206,0
1,4,107373,0
1,3,107373,0
2,3,107540,107706
2,4,107706,107873
1,2,107873,0
1,1,107873,0
2,3,108040,108206
1,4,108206,0
1,1,108206,0
2,1,108373,108873
1,3,108540,0
1,3,108706,0
1,4,108706,0
1,2,108873,0
1,3,108956,0
1,1,109040,0
1,4,109040,0
1,1,109206,0
1,2,109290,0
1,3,109373,0
1,4,109373,0
1,4,109540,0
1,3,109623,0
1,2,109706,0
1,1,109706,0
1,1,109873,0
1,3,110040,0
1,2,110206,0
1,4,110373,0
1,1,110540,0
1,1,110706,0
1,1,110873,0
1,4,111040,0
1,2,111206,0
1,3,111373,0
1,1,111540,0
1,2,111706,0
1,3,111873,0
2,3,112040,112373
2,1,112373,113706
1,4,112706,0
1,4,113040,0
1,2,113206,0
1,4,113373,0
1,4,113706,0
1,2,113873,0
1,3,113956,0
1,4,114040,0
1,1,114040,0
1,3,114206,0
1,2,114290,0
1,4,114373,0
1,1,114373,0
1,2,114540,0
1,3,114623,0
1,4,114706,0
1,1,114790,0
1,2,114873,0
1,3,114956,0
1,1,115040,0
2,2,115040,115373
1,4,115040,0
1,3,115373,0
1,4,115373,0
2,1,115540,115706
1,3,115706,0
2,4,115706,116040
1,2,116040,0
1,1,116040,0
2,3,116206,116373
1,4,116373,0
2,2,116373,116706
2,4,116706,117040
1,3,116706,0
1,2,117040,0
1,1,117040,0
1,3,117206,0
1,4,117206,0
2,1,117373,117706
1,2,117373,0
2,3,117706,118040
1,4,117706,0
1,1,118040,0
1,2,118040,0
2,4,118206,118373
2,2,118373,118706
1,1,118373,0
1,3,118706,0
1,4,118706,0
2,1,118873,119040
2,4,119040,119373
1,2,119040,0
2,2,119373,119706
1,1,119373,0
1,4,119623,0
2,3,119706,120040
1,2,119873,0
1,1,120040,0
1,4,120123,0
1,3,120206,0
1,2,120290,0
1,4,120373,0
2,3,120373,120706
1,1,120373,0
1,2,120706,0
1,1,120706,0
2,4,120873,121040
1,2,121040,0
2,1,121040,121373
1,3,121373,0
1,4,121373,0
2,2,121540,121706
1,1,121706,0
2,3,121706,122040
2,1,122040,122373
1,2,122040,0
1,4,122373,0
1,2,122540,0
1,1,122623,0
1,4,122706,0
1,3,122790,0
1,2,122873,0
1,4,123040,0
2,1,123040,123373
1,3,123040,0
1,4,123373,0
1,3,123373,0
2,2,123540,123706
2,3,123706,124040
1,1,123706,0
1,2,124040,0
1,1,124040,0
1,3,124206,0
1,2,124290,0
1,4,124373,0
2,1,124373,124540
1,3,124373,0
1,4,124540,0
2,3,124706,124873
1,1,124873,0
1,2,124956,0
1,4,125040,0
1,3,125206,0
1,2,125290,0
1,1,125373,0
1,4,125456,0
1,3,125540,0
1,2,125623,0
1,3,125706,0
1,4,125706,0
1,1,125706,0
1,4,125873,0
1,2,126040,0
1,3,126206,0
1,1,126373,0
1,2,126540,0
1,3,126706,0
1,4,126873,0
1,1,127040,0
1,1,127206,0
1,3,127373,0
1,2,127540,0
1,4,127706,0
1,3,127873,0
1,2,128040,0
1,1,128206,0
1,4,128373,0
1,4,128540,0
1,2,128706,0
1,3,128873,0
1,1,129040,0
1,2,129206,0
1,3,129373,0
1,4,129540,0
1,1,129706,0
1,1,129873,0
1,3,130040,0
1,2,130206,0
1,4,130373,0
1,3,130540,0
1,2,130706,0
1,1,130873,0
1,4,131040,0
1,4,131206,0
1,2,131373,0
1,3,131540,0
1,1,131706,0
1,2,131873,0
1,3,132040,0
1,4,132206,0
1,1,132373,0
1,1,132540,0
1,3,132706,0
1,2,132873,0
1,4,133040,0
1,3,133206,0
1,2,133373,0
1,1,133540,0
1,4,133706,0
1,4,133873,0
1,2,134040,0
1,3,134206,0
1,1,134373,0
1,2,134540,0
1,3,134706,0
1,4,134873,0
1,1,135040,0
2,1,135206,135873
1,3,135373,0
1,2,135540,0
1,4,135706,0
1,3,135873,0
1,1,136040,0
1,2,136040,0
1,4,136373,0
1,1,136373,0
1,2,136373,0
1,2,136540,0
1,3,136706,0
1,4,136706,0
1,4,136873,0
1,1,137040,0
1,2,137040,0
1,1,137206,0
1,3,137373,0
1,4,137373,0
1,3,137540,0
1,2,137706,0
1,1,137706,0
1,2,137873,0
1,3,138040,0
1,4,138040,0
1,4,138206,0
1,1,138290,0
1,3,138373,0
1,2,138373,0
1,4,138540,0
1,2,138540,0
1,4,138706,0
1,1,138706,0
1,2,138873,0
1,3,139040,0
1,1,139040,0
1,4,139040,0
1,3,139206,0
1,1,139373,0
1,2,139373,0
1,1,139540,0
1,4,139706,0
1,3,139706,0
1,4,139873,0
1,1,140040,0
1,2,140040,0
1,2,140206,0
1,4,140290,0
1,1,140373,0
1,3,140373,0
1,2,140540,0
1,3,140540,0
1,2,140706,0
1,4,140706,0
1,1,140873,0
1,2,140956,0
1,3,141040,0
1,2,141206,0
1,3,141290,0
1,4,141373,0
1,1,141456,0
1,2,141540,0
1,3,141623,0
1,4,141706,0
1,1,141706,0
1,2,141706,0
1,3,141873,0
1,2,142040,0
1,1,142040,0
1,1,142206,0
1,4,142373,0
1,3,142373,0
1,4,142540,0
1,2,142706,0
1,1,142706,0
1,2,142873,0
1,3,143040,0
1,4,143040,0
1,3,143206,0
1,2,143373,0
1,1,143373,0
1,1,143540,0
1,3,143623,0
1,4,143706,0
1,2,143706,0
1,1,143873,0
1,3,143873,0
1,4,144040,0
1,1,144040,0
1,3,144040,0
1,2,144206,0
1,2,144373,0
1,4,144373,0
1,1,144373,0
1,1,144540,0
1,4,144706,0
1,3,144706,0
1,4,144873,0
1,1,145040,0
1,2,145040,0
1,1,145206,0
1,4,145373,0
1,3,145373,0
1,3,145540,0
1,4,145706,0
1,2,145706,0
1,1,145790,0
1,3,145956,0
1,2,146040,0
1,4,146206,0
1,3,146290,0
1,2,146373,0
1,3,146540,0
1,2,146623,0
1,1,146706,0
1,4,146790,0
1,2,146873,0
1,1,147040,0
1,3,147040,0
1,4,147040,0
1,1,147206,0
1,4,147373,0
1,3,147373,0
1,4,147540,0
1,1,147706,0
1,2,147706,0
1,2,147873,0
1,4,148040,0
1,3,148040,0
1,3,148206,0
1,1,148373,0
1,2,148373,0
1,1,148540,0
1,4,148706,0
1,3,148706,0
1,4,148873,0
1,2,148956,0
1,3,149040,0
1,1,149040,0
1,2,149206,0
1,1,149206,0
1,4,149373,0
1,3,149456,0
1,2,149540,0
1,1,149623,0
1,4,149706,0
1,3,149706,0
1,3,149873,0
1,2,150040,0
1,1,150040,0
1,1,150206,0
1,3,150373,0
1,4,150373,0
1,4,150540,0
1,2,150706,0
1,1,150706,0
1,2,150873,0
1,1,151040,0
1,4,151040,0
1,3,151040,0
1,3,151206,0
1,4,151290,0
1,2,151456,0
1,3,151540,0
1,1,151706,0
1,2,151790,0
1,3,151873,0
1,1,152040,0
1,4,152206,0
1,2,152290,0
1,4,152373,0
1,3,152373,0
1,1,152373,0
1,3,152540,0
1,2,152706,0
1,1,152706,0
1,1,152873,0
1,4,153040,0
1,3,153040,0
1,3,153206,0
1,4,153373,0
1,1,153373,0
1,2,153373,0
1,3,153540,0
1,4,153623,0
1,1,153706,0
1,2,153790,0
1,3,153873,0
1,2,154040,0
1,1,154123,0
1,4,154206,0
1,3,154290,0
1,2,154373,0
1,3,154540,0
1,4,154623,0
1,1,154706,0
1,2,154790,0
1,3,154873,0
1,2,154956,0
1,4,155040,0
1,1,155040,0
1,2,155206,0
1,3,155290,0
1,4,155373,0
1,1,155373,0
1,2,155540,0
1,1,155540,0
1,4,155540,0
1,3,155706,0
1,2,155873,0
1,3,155956,0
1,4,156040,0
1,1,156040,0
1,3,156206,0
1,2,156290,0
1,1,156373,0
1,4,156373,0
1,3,156540,0
1,4,156623,0
1,1,156706,0
1,2,156790,0
1,3,156873,0
1,4,156956,0
1,1,157040,0
1,2,157206,0
1,1,157290,0
1,4,157373,0
1,3,157456,0
1,2,157540,0
1,1,157623,0
1,4,157706,0
1,3,157706,0
1,2,158206,0
1,1,158373,0
1,3,158540,0
1,2,158706,0
1,4,158873,0
1,3,159040,0
1,3,159373,0
1,2,159706,0
1,2,160040,0
1,1,160373,0
1,2,160873,0
1,4,161040,0
1,2,161540,0
1,3,161706,0
1,1,162040,0
1,2,162373,0
1,4,162706,0
1,1,162706,0
1,1,163040,0
2,2,163040,163373
1,3,163040,0
1,3,163373,0
1,4,163373,0
2,1,163540,163706
1,3,163706,0
2,4,163706,164040
1,2,164040,0
1,1,164040,0
2,3,164206,164373
1,4,164373,0
2,2,164373,164706
2,4,164706,165040
1,3,164706,0
1,2,165040,0
1,1,165040,0
1,3,165206,0
1,4,165206,0
2,1,165373,165706
1,2,165373,0
2,3,165706,166040
1,4,165706,0
1,1,166040,0
1,2,166040,0
2,4,166206,166373
2,2,166373,166706
1,1,166373,0
1,3,166706,0
1,4,166706,0
2,1,166873,167040
2,4,167040,167373
1,2,167040,0
2,2,167373,167706
1,1,167373,0
1,4,167623,0
2,3,167706,168040
1,2,167873,0
1,1,168040,0
1,4,168123,0
1,3,168206,0
1,2,168290,0
1,4,168373,0
2,3,168373,168706
1,1,168373,0
1,2,168706,0
1,1,168706,0
2,4,168873,169040
1,2,169040,0
2,1,169040,169373
1,3,169373,0
1,4,169373,0
2,2,169540,169706
1,1,169706,0
2,3,169706,170040
2,1,170040,170373
1,2,170040,0
1,4,170373,0
1,3,170373,0
1,2,170540,0
1,1,170623,0
1,4,170706,0
1,3,170790,0
1,2,170873,0
1,4,171040,0
2,1,171040,171373
1,3,171040,0
1,4,171373,0
1,3,171373,0
2,2,171540,171706
2,3,171706,172040
1,1,171706,0
1,2,172040,0
1,1,172040,0
1,4,172206,0
1,3,172290,0
1,2,172373,0
2,1,172373,172540
1,4,172540,0
2,3,172706,172873
1,1,172873,0
1,2,172956,0
1,4,173040,0
1,3,173206,0
1,2,173290,0
1,1,173373,0
1,4,173456,0
1,3,173540,0
1,2,173623,0
1,1,173706,0
2,3,173706,174040
1,4,173706,0
1,2,173873,0
1,1,174040,0
1,2,174040,0
2,4,174206,174373
2,1,174373,174706
1,2,174373,0
1,3,174540,0
1,4,174706,0
1,3,174706,0
2,2,174873,175040
2,4,175040,175373
1,1,175040,0
1,3,175206,0
1,3,175373,0
2,1,175373,175706
1,2,175540,0
1,4,175706,0
1,3,175706,0
1,1,175873,0
1,2,175873,0
1,3,176040,0
2,4,176040,176373
1,1,176373,0
2,2,176373,176706
1,3,176540,0
1,3,176706,0
1,4,176706,0
2,1,176873,177040
1,4,177040,0
2,3,177040,177373
1,2,177206,0
1,1,177373,0
1,2,177373,0
2,4,177540,177706
1,3,177706,0
2,1,177706,178040
1,3,177873,0
1,2,178040,0
2,4,178040,178373
1,2,178206,0
1,1,178373,0
1,3,178373,0
1,2,178540,0
1,4,178623,0
1,3,178706,0
1,1,178790,0
1,2,178873,0
1,3,178956,0
1,4,179040,0
2,2,179040,179373
1,1,179040,0
1,3,179206,0
1,4,179373,0
1,3,179373,0
2,1,179540,179706
2,4,179706,180040
1,3,179706,0
1,2,179873,0
1,1,180040,0
1,2,180040,0
2,3,180206,180373
2,1,180373,180706
1,4,180373,0
1,2,180540,0
1,2,180706,0
2,4,180706,181040
1,3,180873,0
1,2,181040,0
1,1,181040,0
1,3,181206,0
1,4,181290,0
1,1,181373,0
1,2,181456,0
1,3,181540,0
1,2,181623,0
2,4,181706,182040
1,3,181706,0
1,1,181706,0
1,2,181873,0
1,2,182040,0
2,3,182206,182373
2,1,182373,182706
1,4,182373,0
1,2,182540,0
1,3,182706,0
2,4,182873,183040
2,2,183040,183373
1,1,183040,0
1,3,183206,0
2,4,183373,183706
1,2,183540,0
1,1,183706,0
1,3,183818,0
1,2,183929,0
1,4,184040,0
1,1,184151,0
1,3,184262,0
2,1,184373,184706
1,4,184373,0
1,2,184373,0
1,3,184540,0
1,2,184706,0
1,3,184873,0
1,1,184956,0
1,4,185040,0
1,2,185040,0
1,1,185206,0
2,3,185373,185540
1,2,185540,0
1,4,185623,0
2,1,185706,185873
1,3,185706,0
1,2,185873,0
2,4,186040,186206
1,1,186206,0
1,2,186290,0
1,3,186373,0
1,4,186373,0
1,2,186540,0
1,3,186623,0
2,1,186706,187040
1,4,186706,0
2,4,187040,187373
1,3,187040,0
1,2,187040,0
1,1,187206,0
1,3,187373,0
1,2,187540,0
1,3,187623,0
1,1,187706,0
1,4,187706,0
2,1,187873,188040
1,3,188040,0
1,2,188206,0
1,3,188290,0
1,1,188373,0
2,4,188373,188540
1,1,188540,0
2,2,188706,188873
1,4,188873,0
1,3,188956,0
2,1,189040,189206
1,2,189040,0
1,3,189206,0
1,2,189290,0
1,1,189373,0
1,4,189456,0
1,3,189540,0
1,2,189623,0
2,1,189706,190040
1,3,189706,0
1,4,189706,0
1,4,189873,0
1,2,190040,0
1,3,190206,0
1,2,190290,0
1,4,190373,0
1,1,190373,0
2,3,190540,190706
2,2,190706,190873
1,3,190873,0
1,4,190956,0
2,1,191040,191206
1,2,191040,0
1,3,191206,0
2,2,191373,191540
1,4,191540,0
1,3,191706,0
1,2,191790,0
1,1,191873,0
1,3,191956,0
1,2,192040,0
2,4,192040,192206
1,4,192373,0
1,2,192373,0
2,1,192373,192540
1,4,192540,0
2,2,192706,192873
1,3,192873,0
1,1,193040,0
2,4,193040,193206
1,1,193206,0
2,3,193373,193540
1,2,193540,0
2,1,193706,193873
1,4,193706,0
1,3,193706,0
1,4,193873,0
2,2,194040,194206
1,4,194206,0
2,3,194373,194540
1,1,194540,0
2,4,194706,194873
1,2,194873,0
2,1,194873,195790
1,4,195790,0
1,3,196003,0
1,2,196225,0
1,1,196447,0
