1,4,1125,0
1,3,1525,0
1,1,1925,0
1,3,2125,0
1,2,2325,0
1,4,2525,0
1,1,2725,0
1,4,3125,0
1,2,3525,0
1,3,3925,0
1,4,4325,0
1,2,4725,0
1,3,5125,0
1,4,5325,0
1,1,5525,0
1,3,5725,0
1,2,5925,0
1,4,6325,0
1,4,6525,0
1,1,6725,0
1,3,7125,0
1,4,7325,0
1,2,7525,0
1,1,7925,0
1,3,8125,0
1,2,8325,0
1,4,8525,0
1,1,8725,0
1,3,8925,0
1,4,9125,0
1,2,9525,0
1,3,9925,0
1,4,10325,0
1,3,10725,0
1,2,11525,0
1,2,12325,0
1,4,13125,0
1,1,13525,0
1,2,13725,0
1,3,13925,0
1,3,14325,0
1,3,14725,0
1,4,14925,0
1,2,15125,0
1,3,15325,0
1,1,15525,0
1,2,15925,0
1,2,16325,0
1,3,16725,0
1,4,17125,0
1,2,17525,0
1,3,17925,0
1,1,18325,0
1,4,18725,0
1,3,19125,0
1,3,19525,0
1,4,19925,0
1,2,20325,0
1,1,20725,0
1,3,21125,0
1,2,21525,0
1,4,21925,0
1,2,22325,0
1,1,22725,0
1,3,23125,0
1,4,23525,0
1,2,23925,0
1,3,24325,0
1,1,24725,0
1,3,25125,0
1,2,25982,0
1,1,26825,0
1,4,26825,0
1,3,26908,0
1,2,26991,0
1,1,27075,0
1,2,27158,0
1,3,27241,0
1,1,27325,0
1,2,27408,0
1,4,27491,0
1,3,27575,0
1,2,27658,0
1,1,27741,0
1,3,27825,0
1,4,27825,0
2,2,27908,28075
1,3,28075,0
1,2,28158,0
1,1,28241,0
1,3,28325,0
1,2,28408,0
1,1,28491,0
1,2,28575,0
1,3,28658,0
1,4,28741,0
1,3,28825,0
2,1,28825,28991
1,2,28991,0
2,4,29075,29241
1,3,29241,0
1,4,29325,0
1,1,29408,0
1,2,29491,0
1,3,29575,0
1,2,29658,0
1,3,29741,0
1,1,29825,0
1,4,29825,0
1,2,29908,0
1,4,29991,0
1,3,30075,0
1,2,30158,0
1,3,30241,0
2,4,30325,30491
1,2,30491,0
1,4,30575,0
1,2,30658,0
1,1,30741,0
1,3,30825,0
1,4,30825,0
1,2,30908,0
1,1,30991,0
1,4,31075,0
1,3,31158,0
1,2,31241,0
1,3,31325,0
1,1,31325,0
2,4,31408,31575
1,2,31575,0
1,4,31658,0
1,3,31741,0
1,1,31825,0
1,2,31825,0
1,3,31908,0
1,4,31991,0
1,1,32075,0
1,2,32158,0
1,3,32241,0
1,2,32325,0
1,4,32325,0
1,1,32408,0
1,3,32491,0
1,2,32575,0
1,1,32658,0
1,2,32741,0
1,3,32825,0
2,4,32825,32991
1,2,32991,0
1,4,33075,0
1,3,33158,0
1,2,33241,0
1,1,33325,0
1,4,33325,0
1,2,33408,0
1,3,33491,0
1,4,33575,0
1,2,33658,0
1,1,33741,0
1,3,33825,0
1,4,33825,0
1,2,33908,0
1,3,33991,0
1,4,34075,0
1,1,34158,0
1,2,34241,0
1,1,34325,0
1,3,34325,0
1,4,34408,0
1,3,34491,0
1,2,34575,0
1,4,34658,0
1,3,34741,0
1,1,34825,0
1,4,34825,0
1,2,34908,0
1,1,34991,0
1,4,35075,0
1,3,35158,0
1,2,35241,0
1,4,35325,0
1,1,35325,0
1,3,35408,0
1,4,35491,0
1,1,35575,0
1,2,35658,0
1,3,35741,0
1,2,35825,0
2,1,35825,35991
1,4,35991,0
1,1,36075,0
1,2,36158,0
1,3,36241,0
1,4,36325,0
1,1,36325,0
1,3,36408,0
1,4,36491,0
1,1,36575,0
1,2,36658,0
1,3,36741,0
1,2,36825,0
1,4,36825,0
1,1,36908,0
1,2,36991,0
1,4,37075,0
1,3,37158,0
1,2,37241,0
1,3,37325,0
1,4,37325,0
1,1,37408,0
1,2,37491,0
1,4,37575,0
1,3,37658,0
1,4,37741,0
1,1,37825,0
1,2,37825,0
1,4,37908,0
1,3,37991,0
1,1,38075,0
1,2,38158,0
1,3,38241,0
1,1,38325,0
1,4,38325,0
1,2,38408,0
1,1,38491,0
1,4,38575,0
1,3,38658,0
1,2,38741,0
1,1,38825,0
1,3,38825,0
1,4,38908,0
1,3,38991,0
1,1,39075,0
1,4,39158,0
1,2,39241,0
1,3,39325,0
1,4,39325,0
1,1,39408,0
1,2,39491,0
1,3,39575,0
1,4,39658,0
1,3,39741,0
1,1,39825,0
1,2,39825,0
1,4,39908,0
1,3,39991,0
1,1,40075,0
1,2,40158,0
1,3,40241,0
1,4,40325,0
1,3,40408,0
1,4,40491,0
1,1,40575,0
1,2,40658,0
1,1,40741,0
1,4,40825,0
2,3,40825,41075
2,1,41075,41241
1,4,41075,0
1,3,41241,0
1,1,41325,0
1,2,41325,0
1,3,41408,0
1,4,41491,0
1,1,41575,0
1,2,41658,0
1,1,41741,0
1,3,41825,0
1,4,41825,0
1,2,41908,0
1,3,41991,0
1,1,42075,0
1,2,42075,0
1,4,42158,0
1,3,42241,0
2,4,42325,42491
1,1,42325,0
1,2,42491,0
1,4,42575,0
1,1,42575,0
1,3,42658,0
1,2,42741,0
1,4,42825,0
1,3,42825,0
1,1,42950,0
1,2,43075,0
1,4,43075,0
1,3,43075,0
1,1,43200,0
1,2,43325,0
1,4,43325,0
1,3,43450,0
1,1,43575,0
1,2,43575,0
1,4,43575,0
1,3,43700,0
1,1,43825,0
1,4,43825,0
1,2,43950,0
1,1,44075,0
1,4,44075,0
1,3,44075,0
1,2,44200,0
1,1,44325,0
1,3,44325,0
1,2,44450,0
1,4,44575,0
1,1,44575,0
1,3,44637,0
1,2,44700,0
1,3,44825,0
1,4,44825,0
1,1,44825,0
1,2,44950,0
1,4,45075,0
1,3,45075,0
1,1,45200,0
1,2,45325,0
1,3,45325,0
1,4,45325,0
1,1,45450,0
1,2,45575,0
1,4,45575,0
1,3,45700,0
1,4,45825,0
1,2,45825,0
1,1,45825,0
1,3,45950,0
1,1,46075,0
1,2,46075,0
1,4,46200,0
1,1,46325,0
1,3,46325,0
1,2,46325,0
1,4,46450,0
1,1,46575,0
1,2,46637,0
1,3,46700,0
1,4,46762,0
1,1,46825,0
1,2,46825,0
1,3,46950,0
1,4,46950,0
1,1,47075,0
1,2,47075,0
1,3,47200,0
1,4,47325,0
1,1,47325,0
1,2,47325,0
1,3,47450,0
1,2,47575,0
1,1,47575,0
1,4,47700,0
1,1,47825,0
1,3,47825,0
1,2,47825,0
1,4,47950,0
1,1,48075,0
1,3,48075,0
1,4,48200,0
1,3,48325,0
1,2,48450,0
1,4,48575,0
1,1,48575,0
1,2,48700,0
1,3,48700,0
2,4,48825,49325
1,1,48825,0
1,3,48950,0
1,2,49075,0
1,3,49200,0
2,2,49325,49825
1,1,49325,0
1,4,49450,0
1,3,49575,0
1,4,49700,0
1,1,49825,0
1,3,49825,0
1,3,50075,0
1,4,50075,0
1,2,50075,0
1,3,50325,0
1,1,50325,0
1,2,50325,0
1,4,50575,0
1,1,50575,0
1,2,50575,0
1,3,50700,0
2,1,50825,51075
1,4,50825,0
1,2,50950,0
2,3,51075,51325
1,2,51200,0
2,2,51325,51575
1,3,51450,0
1,1,51575,0
2,4,51575,51825
1,2,51700,0
2,1,51825,52075
1,3,51825,0
1,4,51950,0
1,2,52075,0
1,4,52200,0
2,3,52325,52575
1,1,52450,0
2,4,52575,52825
1,2,52700,0
1,1,52825,0
2,3,52825,53325
1,2,52950,0
1,4,53075,0
1,2,53200,0
1,4,53325,0
2,1,53325,53825
1,3,53450,0
1,2,53575,0
1,3,53700,0
2,2,53825,54325
1,4,53825,0
1,3,53950,0
1,4,54075,0
1,1,54200,0
2,4,54325,54825
1,1,54450,0
1,2,54575,0
1,3,54700,0
1,2,54825,0
2,1,54825,55325
1,3,54950,0
1,2,55075,0
1,4,55075,0
1,3,55200,0
1,4,55325,0
2,2,55325,55575
1,3,55450,0
2,4,55575,55825
1,1,55575,0
1,2,55700,0
2,3,55825,56075
1,1,55825,0
1,4,55950,0
1,1,56075,0
2,2,56075,56325
1,4,56200,0
1,3,56325,0
2,1,56325,56575
1,2,56450,0
2,3,56575,56825
1,4,56575,0
1,2,56700,0
2,1,56825,57325
1,4,56825,0
1,2,57075,0
1,3,57075,0
2,4,57325,57825
1,2,57325,0
1,1,57575,0
1,3,57575,0
1,1,57825,0
1,2,57825,0
1,3,57825,0
1,1,58075,0
1,3,58075,0
1,4,58075,0
1,1,58325,0
1,2,58387,0
1,3,58450,0
1,4,58512,0
1,1,58575,0
1,2,58637,0
1,3,58700,0
1,4,58762,0
2,1,58825,59825
1,3,59075,0
1,4,59075,0
1,4,59325,0
1,2,59325,0
1,3,59450,0
1,4,59575,0
1,2,59575,0
2,4,59825,60325
1,2,59825,0
1,3,59950,0
1,1,60075,0
1,2,60075,0
1,3,60200,0
2,2,60325,60825
1,1,60325,0
1,3,60450,0
1,1,60575,0
1,4,60575,0
1,3,60700,0
1,1,60825,0
2,4,60825,61825
1,2,61075,0
1,3,61075,0
1,1,61325,0
1,2,61325,0
1,3,61450,0
1,1,61575,0
1,2,61575,0
2,3,61825,62325
1,1,61825,0
1,2,61950,0
1,1,62075,0
1,4,62075,0
1,2,62200,0
2,1,62325,62825
1,4,62325,0
1,3,62450,0
1,2,62575,0
1,4,62575,0
1,3,62700,0
1,4,62825,0
2,2,62825,63825
1,3,62950,0
1,1,63075,0
1,4,63075,0
1,3,63325,0
1,4,63325,0
1,1,63450,0
1,3,63575,0
1,4,63575,0
2,1,63825,64325
1,4,63825,0
1,3,63950,0
1,2,64075,0
1,4,64075,0
1,3,64200,0
2,4,64325,64825
1,2,64325,0
1,3,64450,0
1,2,64575,0
1,1,64575,0
1,3,64700,0
2,2,64825,65325
2,1,64825,65825
1,4,65075,0
2,3,65325,65825
1,2,65575,0
2,4,65825,66825
2,2,65825,66325
1,3,66075,0
2,3,66325,66825
1,1,66575,0
1,1,66700,0
2,2,66825,67825
1,1,67075,0
1,4,67075,0
1,3,67325,0
1,4,67325,0
1,1,67450,0
1,3,67575,0
1,4,67575,0
2,3,67825,68825
1,1,67825,0
1,2,67950,0
1,1,68075,0
1,4,68075,0
1,2,68325,0
1,4,68325,0
1,1,68450,0
1,2,68575,0
1,4,68575,0
2,1,68825,69200
1,4,68825,0
1,2,69075,0
1,4,69075,0
2,3,69200,69575
1,1,69325,0
1,2,69450,0
1,1,69575,0
2,4,69575,70075
1,1,69825,0
1,2,69825,0
1,3,69950,0
1,1,70075,0
2,2,70075,70325
1,3,70200,0
2,1,70325,70575
1,4,70325,0
1,3,70450,0
2,4,70575,70825
1,2,70575,0
1,1,70700,0
2,3,70825,71825
1,2,70825,0
1,1,70950,0
1,2,71075,0
1,4,71075,0
1,1,71325,0
1,2,71325,0
1,4,71450,0
1,1,71575,0
1,2,71575,0
2,2,71825,72325
1,4,71825,0
1,3,71950,0
1,1,72075,0
1,4,72075,0
2,1,72325,72825
1,3,72325,0
1,4,72450,0
1,2,72575,0
1,3,72575,0
1,4,72700,0
2,3,72825,74575
1,2,72825,0
1,1,72950,0
1,2,73075,0
1,4,73075,0
1,1,73325,0
1,4,73325,0
1,2,73450,0
1,1,73575,0
1,4,73575,0
2,2,73825,74575
2,1,74325,74575
1,4,74575,0
1,3,74637,0
1,2,74700,0
1,1,74762,0
1,3,74825,0
1,4,74825,0
1,2,74950,0
1,1,75075,0
1,3,75075,0
1,1,75325,0
1,2,75325,0
1,3,75450,0
1,1,75575,0
1,4,75575,0
1,4,75825,0
1,2,75825,0
1,1,75950,0
1,3,75950,0
1,4,76075,0
1,2,76075,0
1,1,76200,0
1,3,76200,0
1,4,76325,0
1,2,76450,0
1,1,76575,0
1,4,76575,0
1,3,76825,0
1,1,76825,0
1,2,76950,0
1,3,77075,0
1,4,77075,0
1,2,77200,0
1,1,77325,0
1,4,77325,0
1,3,77450,0
1,2,77575,0
1,4,77575,0
1,3,77825,0
1,4,77825,0
1,2,77950,0
1,1,77950,0
1,3,78075,0
1,4,78075,0
1,2,78200,0
1,1,78200,0
1,4,78325,0
1,3,78450,0
1,4,78575,0
1,1,78575,0
1,4,78825,0
1,3,78825,0
1,2,78950,0
1,3,79075,0
1,1,79075,0
1,1,79325,0
1,2,79325,0
1,3,79450,0
1,4,79575,0
1,2,79575,0
1,1,79825,0
1,2,79825,0
1,3,79950,0
1,4,79950,0
1,1,80075,0
1,2,80075,0
1,3,80200,0
1,4,80200,0
1,1,80325,0
1,2,80450,0
1,1,80575,0
1,4,80575,0
1,3,80700,0
1,2,80825,0
2,4,80825,81825
1,3,80950,0
1,1,81075,0
1,2,81075,0
1,3,81325,0
1,1,81325,0
1,2,81450,0
1,3,81575,0
1,1,81575,0
2,3,81825,82325
1,2,81825,0
1,1,81950,0
1,4,82075,0
1,2,82075,0
2,1,82325,82575
1,2,82325,0
1,2,82450,0
1,4,82575,0
1,3,82637,0
1,2,82700,0
1,1,82762,0
1,3,82825,0
1,4,82825,0
1,2,82950,0
1,1,83075,0
1,4,83075,0
1,2,83325,0
1,3,83325,0
1,1,83450,0
1,2,83575,0
1,4,83575,0
1,3,83825,0
1,4,83825,0
1,1,83950,0
1,2,83950,0
1,3,84075,0
1,4,84075,0
1,1,84200,0
1,2,84200,0
1,3,84325,0
1,2,84450,0
1,4,84575,0
1,1,84575,0
1,3,84825,0
1,2,84825,0
1,1,84950,0
1,3,85075,0
1,4,85075,0
1,2,85200,0
1,1,85325,0
1,4,85325,0
1,3,85450,0
1,2,85575,0
1,4,85575,0
1,1,85825,0
1,4,85825,0
1,2,85950,0
1,3,85950,0
1,1,86075,0
1,4,86075,0
1,2,86200,0
1,3,86200,0
1,4,86325,0
1,1,86450,0
1,2,86575,0
1,4,86575,0
1,1,86825,0
1,2,86825,0
1,4,86950,0
1,1,87075,0
1,3,87075,0
1,2,87325,0
1,4,87325,0
1,3,87450,0
1,1,87575,0
1,4,87575,0
1,1,87825,0
1,3,87825,0
1,2,87950,0
1,4,87950,0
1,1,88075,0
1,3,88075,0
1,2,88200,0
1,4,88200,0
1,1,88325,0
1,3,88450,0
1,1,88575,0
1,4,88575,0
1,2,88700,0
2,3,88825,89825
1,4,88825,0
1,1,88950,0
1,2,89075,0
1,4,89075,0
1,1,89325,0
1,2,89325,0
1,4,89450,0
1,1,89575,0
1,2,89575,0
1,4,89825,0
2,2,89825,90325
1,1,89950,0
1,3,90075,0
1,4,90075,0
2,1,90325,90575
1,3,90325,0
1,2,90450,0
1,4,90575,0
2,3,90575,91075
1,1,91075,0
1,2,91075,0
1,4,91075,0
1,3,91200,0
1,2,91325,0
1,4,91325,0
1,3,91575,0
1,4,91575,0
1,2,91575,0
1,1,91700,0
1,4,91825,0
1,3,91825,0
1,1,92075,0
1,2,92075,0
1,3,92075,0
1,4,92200,0
1,3,92325,0
1,1,92325,0
1,3,92575,0
1,1,92575,0
1,4,92575,0
1,2,92700,0
1,3,92825,0
1,4,92825,0
1,1,93075,0
1,2,93075,0
1,4,93075,0
1,3,93200,0
1,1,93325,0
1,2,93325,0
1,1,93575,0
1,3,93575,0
1,4,93575,0
1,2,93700,0
1,1,93825,0
1,3,93825,0
1,2,94075,0
1,3,94075,0
1,4,94075,0
1,1,94200,0
1,4,94325,0
1,3,94325,0
1,1,94575,0
1,2,94575,0
1,3,94575,0
1,4,94700,0
1,1,94825,0
1,3,94825,0
1,2,95075,0
1,4,95075,0
1,3,95075,0
1,1,95200,0
1,2,95325,0
1,3,95325,0
1,1,95575,0
1,3,95575,0
1,4,95575,0
1,2,95700,0
1,1,95825,0
1,4,95825,0
1,1,96075,0
1,2,96075,0
1,3,96075,0
1,4,96200,0
1,2,96325,0
1,3,96325,0
1,4,96575,0
1,2,96575,0
1,1,96575,0
1,3,96700,0
1,1,96825,0
1,4,96825,0
1,1,97075,0
1,4,97075,0
1,3,97075,0
1,2,97200,0
1,4,97325,0
1,1,97325,0
1,3,97450,0
1,2,97575,0
1,1,97575,0
1,4,97575,0
1,2,97825,0
1,4,97825,0
1,1,97950,0
1,2,98075,0
1,3,98075,0
1,4,98075,0
1,1,98200,0
1,3,98325,0
1,4,98325,0
1,2,98450,0
1,1,98575,0
1,3,98575,0
1,4,98575,0
1,3,98825,0
1,4,98825,0
1,3,98950,0
1,4,98950,0
1,1,99075,0
1,2,99075,0
1,1,99325,0
1,3,99325,0
1,1,99450,0
1,3,99450,0
1,2,99575,0
1,4,99575,0
1,1,99825,0
1,4,99825,0
1,3,99950,0
1,2,100075,0
1,1,100075,0
1,3,100200,0
1,1,100325,0
1,4,100325,0
1,1,100450,0
1,4,100450,0
1,2,100575,0
1,3,100575,0
1,1,100825,0
1,3,100825,0
1,4,100825,0
1,1,101075,0
1,2,101075,0
1,3,101200,0
1,4,101200,0
1,1,101325,0
1,2,101325,0
1,3,101450,0
1,4,101450,0
1,1,101575,0
1,2,101575,0
1,3,101700,0
1,4,101700,0
1,1,101825,0
1,2,101825,0
1,3,101950,0
1,4,101950,0
1,1,102075,0
1,2,102075,0
1,4,102325,0
1,2,102325,0
1,2,102450,0
1,4,102450,0
1,1,102575,0
1,3,102575,0
1,2,102825,0
1,3,102825,0
1,4,102825,0
1,1,103075,0
1,3,103075,0
1,4,103200,0
1,1,103325,0
1,2,103325,0
1,1,103450,0
1,2,103450,0
1,3,103575,0
1,4,103575,0
1,1,103825,0
1,2,103825,0
1,4,103825,0
1,4,104075,0
1,1,104075,0
1,3,104200,0
1,2,104325,0
1,4,104325,0
1,2,104450,0
1,4,104450,0
1,1,104575,0
1,3,104575,0
1,2,104825,0
1,3,104825,0
1,4,104825,0
1,1,105200,0
1,2,105200,0
1,3,105200,0
1,4,105325,0
1,3,105387,0
1,1,105450,0
1,2,105512,0
1,4,105575,0
1,3,105637,0
1,1,105700,0
1,2,105762,0
1,4,105825,0
1,3,105887,0
1,1,105950,0
1,2,106012,0
2,4,106075,106825
2,1,106325,106825
2,2,106575,106825
1,3,106825,0
1,2,106950,0
1,1,107075,0
1,4,107075,0
1,3,107200,0
1,1,107325,0
1,2,107325,0
1,4,107450,0
1,1,107575,0
1,3,107575,0
1,2,107700,0
1,1,107825,0
1,3,107825,0
1,4,107825,0
1,2,107950,0
1,3,108075,0
1,4,108075,0
1,1,108200,0
1,2,108325,0
1,4,108325,0
1,3,108450,0
1,1,108575,0
1,2,108575,0
1,4,108700,0
1,1,108825,0
1,2,108825,0
1,3,108825,0
1,4,108950,0
1,2,109075,0
1,1,109075,0
1,3,109200,0
1,1,109325,0
1,2,109325,0
1,4,109325,0
1,3,109450,0
1,4,109575,0
1,2,109575,0
1,1,109700,0
1,2,109825,0
1,3,109825,0
1,4,109825,0
1,1,109950,0
1,3,110075,0
1,4,110075,0
1,2,110200,0
1,1,110325,0
1,4,110325,0
1,3,110325,0
1,2,110450,0
1,1,110575,0
1,4,110575,0
1,3,110700,0
1,4,110825,0
1,1,110825,0
1,2,110825,0
1,4,110950,0
1,3,110950,0
1,1,111075,0
1,2,111075,0
1,4,111200,0
1,3,111325,0
1,1,111325,0
1,2,111450,0
1,4,111575,0
1,3,111575,0
1,1,111700,0
1,2,111825,0
1,3,111825,0
1,4,111825,0
1,1,111950,0
1,3,111950,0
1,2,112075,0
1,4,112075,0
1,3,112200,0
1,1,112325,0
1,2,112325,0
1,4,112450,0
1,1,112575,0
2,3,112575,112825
1,2,112700,0
1,1,112825,0
1,4,112825,0
1,2,112950,0
1,3,113075,0
1,4,113075,0
1,2,113200,0
1,1,113325,0
1,3,113325,0
1,4,113325,0
1,2,113450,0
1,1,113575,0
1,3,113575,0
1,4,113700,0
1,1,113825,0
1,2,113825,0
1,3,113825,0
1,4,113950,0
1,2,114075,0
1,1,114075,0
1,3,114200,0
1,4,114325,0
1,3,114387,0
1,2,114450,0
1,1,114512,0
1,4,114575,0
1,3,114637,0
1,2,114700,0
1,1,114762,0
1,3,114825,0
1,4,114825,0
1,2,114950,0
1,1,115075,0
1,4,115075,0
1,3,115200,0
1,1,115325,0
1,2,115325,0
1,3,115450,0
1,4,115575,0
1,2,115575,0
1,1,115700,0
1,2,115825,0
1,3,115825,0
1,4,115825,0
1,1,115950,0
1,3,116075,0
1,4,116075,0
1,2,116200,0
1,1,116325,0
1,3,116325,0
1,4,116450,0
1,1,116575,0
1,2,116575,0
1,3,116700,0
1,1,116825,0
1,2,116825,0
1,4,116825,0
1,3,116950,0
1,4,117075,0
1,1,117075,0
1,2,117200,0
1,1,117325,0
1,3,117325,0
1,4,117325,0
1,2,117450,0
1,3,117575,0
1,4,117575,0
1,1,117700,0
1,2,117825,0
1,3,117825,0
1,4,117825,0
1,1,117950,0
1,2,118075,0
1,3,118075,0
1,4,118200,0
1,1,118325,0
1,2,118325,0
1,3,118325,0
1,4,118450,0
1,1,118575,0
1,3,118575,0
1,2,118700,0
1,1,118825,0
1,3,118825,0
1,4,118825,0
1,2,118950,0
1,4,118950,0
1,1,119075,0
1,3,119075,0
1,2,119200,0
1,4,119325,0
1,1,119325,0
1,3,119450,0
1,2,119575,0
1,4,119575,0
1,1,119700,0
1,2,119825,0
1,3,119825,0
1,4,119825,0
1,3,119950,0
1,4,119950,0
1,1,120075,0
1,2,120075,0
1,3,120200,0
1,1,120325,0
1,4,120325,0
1,2,120450,0
1,3,120575,0
1,4,120575,0
1,2,120700,0
1,1,120825,0
1,3,120825,0
1,4,120825,0
1,2,120950,0
1,1,121075,0
1,3,121075,0
1,4,121200,0
1,2,121325,0
1,3,121325,0
1,1,121325,0
1,4,121450,0
1,1,121575,0
1,2,121575,0
1,3,121700,0
1,2,121825,0
1,4,121825,0
1,1,121950,0
1,3,122075,0
1,4,122075,0
1,2,122200,0
1,4,122325,0
1,3,122387,0
1,2,122450,0
1,1,122512,0
1,4,122575,0
1,3,122637,0
1,2,122700,0
1,1,122762,0
1,3,122825,0
1,4,122825,0
1,2,122950,0
1,1,123075,0
1,4,123075,0
1,3,123200,0
1,2,123325,0
1,4,123325,0
1,3,123450,0
1,1,123575,0
1,2,123637,0
1,3,123700,0
1,1,123825,0
1,2,123825,0
1,4,123950,0
1,1,124075,0
1,2,124137,0
1,3,124200,0
1,4,124325,0
1,3,124387,0
1,2,124450,0
1,1,124575,0
1,2,124637,0
1,3,124700,0
1,2,124825,0
1,4,124825,0
1,3,124908,0
1,4,124991,0
1,3,125075,0
1,2,125158,0
1,1,125241,0
1,4,125325,0
1,3,125408,0
1,2,125491,0
2,1,125575,125741
1,3,125741,0
1,4,125825,0
1,1,125825,0
1,2,125908,0
1,3,125991,0
1,4,126075,0
1,3,126158,0
1,2,126241,0
2,4,126325,126491
1,3,126491,0
1,1,126575,0
1,2,126658,0
1,3,126741,0
1,1,126825,0
1,2,126825,0
1,4,126887,0
1,3,126950,0
1,1,127075,0
1,2,127158,0
1,3,127241,0
1,4,127325,0
1,3,127408,0
1,2,127491,0
1,4,127575,0
1,3,127658,0
1,4,127741,0
1,1,127825,0
1,3,127825,0
1,2,127908,0
1,4,127991,0
1,3,128075,0
1,1,128158,0
1,2,128241,0
1,3,128325,0
1,4,128408,0
1,3,128491,0
1,2,128575,0
1,1,128658,0
1,2,128741,0
1,1,128825,0
1,4,128825,0
1,3,128908,0
1,2,128991,0
1,1,129075,0
1,4,129158,0
1,2,129241,0
1,3,129325,0
1,4,129408,0
1,3,129491,0
2,1,129575,129741
1,3,129741,0
1,4,129825,0
1,1,129825,0
1,3,130075,0
1,1,130200,0
1,2,130200,0
1,4,130200,0
1,2,130450,0
1,1,130575,0
1,3,130575,0
1,4,130575,0
1,1,130825,0
1,4,130825,0
1,3,130908,0
1,2,130991,0
1,3,131075,0
1,1,131158,0
1,2,131241,0
1,4,131325,0
1,1,131325,0
1,3,131408,0
1,2,131491,0
2,4,131575,131741
1,1,131741,0
1,2,131825,0
1,4,131825,0
1,3,131908,0
1,4,131991,0
1,1,132075,0
1,2,132158,0
1,3,132241,0
1,2,132325,0
1,1,132325,0
1,4,132408,0
1,3,132491,0
2,2,132575,132741
1,4,132741,0
1,1,132825,0
1,2,132825,0
1,3,132908,0
1,4,132991,0
1,1,133075,0
1,2,133158,0
1,1,133241,0
1,4,133325,0
1,2,133325,0
1,3,133408,0
1,2,133491,0
1,3,133575,0
1,1,133658,0
1,2,133741,0
1,3,133825,0
1,4,133825,0
1,2,133908,0
1,1,133991,0
2,4,134075,134241
1,3,134241,0
1,2,134325,0
1,4,134325,0
1,3,134408,0
1,2,134491,0
2,1,134575,134741
1,3,134741,0
1,1,134825,0
1,4,134825,0
1,3,134908,0
1,2,134991,0
1,1,135075,0
1,3,135158,0
1,2,135241,0
1,4,135325,0
1,1,135325,0
1,3,135408,0
1,4,135491,0
1,1,135575,0
1,2,135658,0
1,3,135741,0
1,1,135825,0
1,2,135825,0
1,4,135908,0
1,3,135991,0
1,1,136075,0
1,2,136158,0
1,1,136241,0
2,4,136325,136491
1,3,136325,0
1,2,136491,0
1,4,136575,0
1,3,136658,0
1,4,136741,0
1,1,136825,0
1,2,136825,0
1,3,136908,0
1,2,136991,0
1,1,137075,0
1,2,137158,0
1,4,137158,0
1,3,137241,0
1,4,137325,0
1,1,137408,0
1,2,137491,0
1,1,137575,0
1,4,137575,0
1,3,137658,0
1,2,137741,0
1,3,137825,0
1,4,137825,0
1,1,137908,0
1,2,137991,0
1,1,138075,0
1,3,138075,0
1,4,138158,0
1,3,138241,0
1,1,138325,0
1,2,138325,0
1,4,138408,0
1,3,138491,0
1,2,138575,0
2,4,138825,144825
1,1,139325,0
1,2,139325,0
1,1,139825,0
1,3,139825,0
1,2,140325,0
1,3,140325,0
1,1,140825,0
1,3,140825,0
1,1,141325,0
1,2,141325,0
1,2,141825,0
1,3,141825,0
1,1,142325,0
1,2,142325,0
1,1,142825,0
1,3,142825,0
1,1,143325,0
1,2,143325,0
1,2,143825,0
1,3,143825,0
1,1,144325,0
1,3,144325,0
1,1,144825,0
2,2,144825,145825
1,3,145325,0
1,4,145325,0
1,4,145825,0
2,1,145825,146825
1,2,146325,0
1,3,146325,0
1,2,146825,0
1,4,146825,0
1,3,146950,0
1,1,147075,0
1,4,147075,0
1,2,147200,0
1,1,147325,0
1,3,147325,0
1,4,147325,0
1,2,147450,0
1,4,147575,0
1,3,147575,0
1,1,147700,0
1,2,147825,0
1,3,147825,0
1,4,147825,0
1,1,147950,0
1,3,148075,0
1,4,148075,0
1,2,148200,0
1,1,148325,0
1,4,148325,0
1,3,148450,0
1,1,148575,0
1,2,148637,0
1,3,148700,0
1,4,148762,0
1,1,148825,0
1,2,148825,0
1,3,148950,0
1,1,149075,0
1,4,149075,0
1,2,149200,0
1,1,149325,0
1,4,149325,0
1,3,149325,0
1,2,149450,0
1,1,149575,0
1,3,149575,0
1,4,149700,0
1,1,149825,0
1,2,149825,0
1,3,149825,0
1,4,149950,0
1,2,150075,0
1,3,150075,0
1,1,150200,0
1,2,150325,0
1,3,150325,0
1,4,150325,0
1,1,150450,0
1,4,150575,0
1,3,150637,0
1,2,150700,0
1,1,150762,0
1,3,150825,0
1,4,150825,0
1,2,150950,0
1,1,151075,0
1,3,151075,0
1,4,151200,0
1,2,151325,0
1,3,151325,0
1,1,151450,0
1,3,151575,0
1,4,151575,0
1,2,151700,0
1,1,151825,0
1,3,151825,0
1,4,151825,0
1,2,151950,0
1,1,152075,0
1,3,152075,0
1,4,152200,0
1,2,152325,0
1,3,152325,0
1,4,152450,0
1,2,152575,0
1,1,152575,0
1,4,152700,0
1,1,152825,0
1,2,152825,0
1,3,152825,0
1,4,152950,0
1,3,153075,0
1,1,153075,0
1,2,153200,0
1,1,153325,0
1,3,153325,0
1,4,153325,0
1,2,153450,0
1,3,153575,0
1,4,153575,0
1,1,153700,0
1,2,153825,0
1,4,153825,0
1,3,153825,0
1,1,153950,0
2,2,154075,154325
2,4,154075,154325
2,1,154325,154575
2,3,154325,154575
2,2,154575,154825
2,4,154575,154825
1,1,154825,0
1,3,154825,0
1,2,154950,0
1,1,155075,0
1,4,155075,0
1,3,155200,0
1,1,155325,0
1,2,155325,0
1,4,155325,0
1,3,155450,0
1,4,155575,0
1,2,155575,0
1,1,155700,0
1,2,155825,0
1,3,155825,0
1,4,155825,0
1,1,155950,0
1,3,156075,0
1,4,156075,0
1,2,156200,0
1,1,156325,0
1,4,156325,0
1,3,156450,0
1,1,156575,0
1,2,156637,0
1,3,156700,0
1,4,156762,0
1,1,156825,0
1,2,156825,0
1,3,156950,0
1,2,157075,0
1,4,157075,0
1,1,157200,0
1,2,157325,0
1,3,157325,0
1,4,157325,0
1,1,157450,0
1,4,157575,0
1,3,157575,0
1,2,157700,0
1,1,157825,0
1,3,157825,0
1,4,157825,0
1,2,157950,0
1,1,158075,0
1,4,158075,0
1,3,158200,0
1,1,158325,0
1,2,158325,0
1,4,158325,0
1,3,158450,0
1,1,158575,0
1,2,158637,0
1,3,158700,0
1,4,158762,0
1,1,158825,0
1,2,158825,0
1,3,158950,0
1,1,159075,0
1,4,159075,0
1,2,159200,0
1,3,159325,0
1,1,159325,0
1,2,159450,0
1,3,159575,0
1,4,159575,0
1,1,159700,0
1,2,159825,0
1,3,159825,0
1,4,159825,0
1,1,159950,0
1,2,160075,0
1,4,160075,0
1,3,160200,0
1,1,160325,0
1,2,160325,0
1,4,160450,0
1,1,160575,0
1,3,160575,0
1,2,160700,0
1,1,160825,0
1,3,160825,0
1,4,160825,0
1,2,160950,0
1,1,161075,0
1,4,161075,0
1,3,161200,0
1,1,161325,0
1,2,161325,0
1,4,161325,0
1,3,161450,0
1,1,161575,0
1,2,161575,0
1,4,161700,0
1,1,161825,0
1,2,161825,0
1,3,161825,0
1,2,161950,0
1,1,162075,0
1,3,162075,0
1,4,162075,0
1,3,162200,0
1,1,162325,0
1,2,162387,0
1,3,162450,0
1,4,162512,0
1,1,162575,0
1,2,162637,0
1,3,162700,0
1,4,162762,0
1,2,162825,0
2,1,162825,163825
1,4,163075,0
1,3,163075,0
1,4,163325,0
1,2,163325,0
1,3,163450,0
1,4,163575,0
1,2,163575,0
2,4,163825,164325
1,3,163825,0
1,2,163950,0
1,3,164075,0
1,1,164075,0
1,2,164200,0
1,3,164325,0
2,1,164325,164825
1,4,164450,0
1,2,164575,0
1,3,164575,0
2,3,164825,165825
1,2,164825,0
1,1,165075,0
1,2,165075,0
1,1,165325,0
1,4,165325,0
1,2,165450,0
1,1,165575,0
1,4,165575,0
1,2,165825,0
2,1,165825,166325
1,3,165950,0
1,2,166075,0
1,4,166075,0
1,3,166200,0
2,2,166325,166575
1,4,166325,0
1,3,166450,0
1,1,166575,0
2,4,166575,166825
1,2,166700,0
1,1,166825,0
2,3,166825,167825
1,2,166950,0
1,1,167075,0
1,4,167075,0
1,1,167325,0
1,2,167325,0
1,4,167450,0
1,1,167575,0
1,2,167575,0
1,2,167825,0
2,4,167825,168325
1,3,167950,0
1,1,168075,0
1,2,168075,0
1,3,168200,0
2,1,168325,168825
1,2,168325,0
1,3,168450,0
1,2,168575,0
1,4,168575,0
1,4,168700,0
2,3,168825,169325
2,2,168825,169325
1,1,168950,0
1,4,169075,0
2,1,169325,169825
2,4,169325,169825
1,3,169450,0
1,2,169575,0
2,2,169825,170325
2,3,169825,170325
1,1,169950,0
1,4,170075,0
2,1,170325,170825
1,4,170325,0
1,2,170450,0
1,4,170575,0
1,3,170575,0
1,3,170700,0
2,4,170825,171825
1,2,170825,0
1,1,171075,0
1,2,171075,0
1,1,171325,0
1,3,171325,0
1,2,171450,0
1,1,171575,0
1,3,171575,0
2,2,171825,172825
1,1,171825,0
1,3,171950,0
1,1,172075,0
1,4,172075,0
1,3,172325,0
1,4,172325,0
1,1,172450,0
1,3,172575,0
1,4,172575,0
2,1,172825,173200
1,3,172825,0
1,3,173075,0
1,4,173075,0
2,2,173200,173575
1,4,173325,0
1,3,173450,0
2,4,173575,174075
1,1,173575,0
1,1,173825,0
1,3,173825,0
1,2,173950,0
1,3,174075,0
2,1,174075,174325
1,4,174200,0
1,2,174325,0
2,3,174325,174575
1,1,174450,0
1,4,174575,0
2,2,174575,174825
1,3,174700,0
2,1,174825,175825
1,4,174825,0
1,3,174950,0
1,2,175075,0
1,4,175075,0
1,3,175325,0
1,4,175325,0
1,2,175450,0
1,3,175575,0
1,4,175575,0
2,3,175825,176325
1,2,175825,0
1,4,175950,0
1,1,176075,0
1,2,176075,0
1,4,176200,0
1,1,176325,0
2,2,176325,176825
1,3,176450,0
1,1,176575,0
1,4,176575,0
1,4,176700,0
2,3,176825,177825
1,1,176825,0
1,2,176950,0
1,1,177075,0
1,4,177075,0
1,2,177325,0
1,1,177325,0
1,4,177450,0
1,1,177575,0
1,2,177575,0
2,4,177825,178325
1,1,177825,0
1,2,177950,0
1,3,178075,0
1,1,178075,0
1,1,178325,0
2,2,178325,178575
1,4,178450,0
1,1,178575,0
1,2,178637,0
1,3,178700,0
1,4,178762,0
1,1,178825,0
1,2,178825,0
1,3,178950,0
1,1,179075,0
1,4,179075,0
1,3,179325,0
1,4,179325,0
1,1,179450,0
1,4,179575,0
1,2,179575,0
1,1,179825,0
1,4,179825,0
1,2,179950,0
1,3,179950,0
1,1,180075,0
1,4,180075,0
1,2,180200,0
1,3,180200,0
1,1,180325,0
1,4,180450,0
1,1,180575,0
1,3,180575,0
1,3,180825,0
1,4,180825,0
1,1,180950,0
1,2,181075,0
1,4,181075,0
1,3,181200,0
1,4,181325,0
1,1,181325,0
1,2,181450,0
1,1,181575,0
1,3,181575,0
1,3,181825,0
1,4,181825,0
1,1,181950,0
1,2,181950,0
1,3,182075,0
1,4,182075,0
1,1,182200,0
1,2,182200,0
1,4,182325,0
1,3,182450,0
1,1,182575,0
1,4,182575,0
1,2,182825,0
1,3,182825,0
1,1,182950,0
1,2,183075,0
1,4,183075,0
1,1,183325,0
1,4,183325,0
1,3,183450,0
1,1,183575,0
1,2,183575,0
1,2,183825,0
1,4,183825,0
1,1,183950,0
1,3,183950,0
1,2,184075,0
1,4,184075,0
1,1,184200,0
1,3,184200,0
1,4,184325,0
1,2,184450,0
1,3,184575,0
1,4,184575,0
1,2,184700,0
2,1,184825,185825
1,4,184825,0
1,3,184950,0
1,2,185075,0
1,4,185075,0
1,3,185325,0
1,4,185325,0
1,2,185450,0
1,3,185575,0
1,4,185575,0
2,2,185825,186325
1,3,185825,0
1,4,185950,0
1,1,186075,0
1,3,186075,0
2,4,186325,186575
1,1,186325,0
1,3,186450,0
1,1,186575,0
1,2,186637,0
1,3,186700,0
1,4,186762,0
1,1,186825,0
1,2,186825,0
1,3,186950,0
1,2,187075,0
1,4,187075,0
1,1,187325,0
1,3,187325,0
1,2,187450,0
1,1,187575,0
1,4,187575,0
1,3,187825,0
1,4,187825,0
1,1,187950,0
1,2,187950,0
1,3,188075,0
1,4,188075,0
1,2,188200,0
1,1,188200,0
1,4,188325,0
1,1,188450,0
1,2,188575,0
1,4,188575,0
1,1,188825,0
1,3,188825,0
1,4,188825,0
1,2,188950,0
1,1,189075,0
1,3,189075,0
1,4,189200,0
1,1,189325,0
1,2,189325,0
1,3,189450,0
1,4,189575,0
1,1,189575,0
1,1,189825,0
1,3,189825,0
1,2,189950,0
1,4,189950,0
1,1,190075,0
1,3,190075,0
1,2,190200,0
1,4,190200,0
1,3,190325,0
1,1,190450,0
1,3,190575,0
1,4,190575,0
1,1,190825,0
1,2,190825,0
1,3,190825,0
1,4,190950,0
1,3,191075,0
1,2,191075,0
1,3,191325,0
1,4,191325,0
1,2,191450,0
1,1,191575,0
1,4,191575,0
1,3,191825,0
1,4,191825,0
1,1,191950,0
1,2,191950,0
1,3,192075,0
1,4,192075,0
1,1,192200,0
1,2,192200,0
1,3,192325,0
1,4,192450,0
1,1,192575,0
1,3,192575,0
1,2,192700,0
2,4,192825,193825
2,3,192825,193825
1,1,192825,0
1,2,192950,0
1,1,193075,0
1,2,193325,0
1,1,193450,0
1,2,193575,0
2,1,193825,195075
2,2,193825,194575
1,3,193950,0
1,4,194075,0
1,4,194325,0
1,3,194450,0
2,4,194575,195075
1,2,195075,0
1,3,195075,0
1,1,195200,0
1,2,195325,0
1,4,195325,0
1,1,195575,0
1,3,195575,0
1,4,195575,0
1,2,195700,0
1,1,195825,0
1,3,195825,0
1,2,196075,0
1,3,196075,0
1,4,196075,0
1,1,196200,0
1,3,196325,0
1,4,196325,0
1,1,196575,0
1,2,196575,0
1,4,196575,0
1,3,196700,0
1,1,196825,0
1,2,196825,0
1,1,197075,0
1,3,197075,0
1,4,197075,0
1,2,197200,0
1,1,197325,0
1,4,197325,0
1,2,197575,0
1,3,197575,0
1,1,197575,0
1,4,197700,0
1,3,197825,0
1,1,197825,0
1,4,198075,0
1,2,198075,0
1,3,198075,0
1,1,198200,0
1,2,198325,0
1,3,198325,0
1,1,198575,0
1,2,198575,0
1,4,198575,0
1,3,198700,0
1,1,198825,0
1,4,198825,0
1,1,199075,0
1,2,199075,0
1,3,199075,0
1,4,199200,0
1,1,199325,0
1,2,199325,0
1,3,199575,0
1,4,199575,0
1,1,199575,0
1,2,199700,0
1,3,199825,0
1,4,199825,0
1,1,200075,0
1,2,200075,0
1,3,200075,0
1,4,200200,0
1,1,200325,0
1,3,200325,0
1,2,200575,0
1,3,200575,0
1,4,200575,0
1,1,200700,0
1,3,200825,0
1,4,200825,0
1,1,201075,0
1,4,201075,0
1,3,201075,0
1,2,201200,0
1,3,201325,0
1,1,201325,0
1,4,201450,0
1,1,201575,0
1,2,201575,0
1,3,201575,0
1,4,201825,0
1,1,201825,0
1,3,201950,0
1,2,202075,0
1,4,202075,0
1,1,202075,0
1,3,202200,0
1,2,202325,0
1,4,202325,0
1,1,202450,0
1,2,202575,0
1,3,202575,0
1,4,202575,0
1,1,202825,0
1,2,202825,0
1,1,202950,0
1,2,202950,0
1,3,203075,0
1,4,203075,0
1,1,203325,0
1,4,203325,0
1,1,203450,0
1,4,203450,0
1,2,203575,0
1,3,203575,0
1,1,203825,0
1,3,203825,0
1,2,203950,0
1,1,204075,0
1,4,204075,0
1,3,204200,0
1,2,204325,0
1,4,204325,0
1,2,204450,0
1,4,204450,0
1,1,204575,0
1,3,204575,0
1,1,204825,0
1,2,204825,0
1,4,204825,0
1,3,205075,0
1,4,205075,0
1,1,205200,0
1,2,205200,0
1,3,205325,0
1,4,205325,0
1,1,205450,0
1,2,205450,0
1,3,205575,0
1,4,205575,0
1,1,205700,0
1,2,205700,0
1,3,205825,0
1,4,205825,0
1,2,205950,0
1,1,205950,0
1,4,206075,0
1,3,206075,0
1,3,206325,0
1,2,206325,0
1,3,206450,0
1,2,206450,0
1,4,206575,0
1,1,206575,0
1,2,206825,0
1,3,206825,0
1,4,206825,0
1,1,207075,0
1,3,207075,0
1,2,207200,0
1,3,207325,0
1,4,207325,0
1,3,207450,0
1,4,207450,0
1,1,207575,0
1,2,207575,0
1,1,207825,0
1,4,207825,0
1,3,207825,0
1,3,208075,0
1,4,208075,0
1,2,208200,0
1,1,208325,0
1,3,208325,0
1,1,208450,0
1,3,208450,0
1,2,208575,0
1,4,208575,0
1,1,208825,0
1,2,208825,0
1,3,208825,0
1,2,209200,0
1,3,209200,0
1,4,209200,0
1,1,209325,0
1,2,209387,0
1,4,209450,0
1,3,209512,0
1,1,209575,0
1,2,209637,0
1,4,209700,0
1,3,209762,0
1,1,209825,0
1,2,209887,0
1,4,209950,0
1,3,210012,0
2,1,210075,210825
2,4,210200,210325
2,3,210325,210450
2,4,210450,210575
2,2,210575,210825
1,3,210825,0
1,4,210825,0
1,2,210950,0
1,1,211075,0
1,4,211075,0
1,3,211200,0
1,2,211325,0
1,4,211325,0
1,3,211450,0
1,1,211575,0
1,2,211575,0
1,4,211700,0
1,1,211825,0
1,2,211825,0
1,3,211825,0
1,4,211950,0
1,1,212075,0
1,3,212075,0
1,2,212200,0
1,1,212325,0
1,4,212325,0
1,3,212450,0
1,2,212575,0
1,4,212575,0
1,1,212700,0
1,2,212825,0
1,3,212825,0
1,4,212825,0
1,1,212950,0
1,4,213075,0
1,3,213075,0
1,2,213200,0
1,1,213325,0
1,3,213325,0
1,4,213325,0
1,2,213450,0
1,1,213575,0
1,3,213575,0
1,4,213700,0
1,1,213825,0
1,2,213825,0
1,3,213825,0
1,4,213950,0
1,2,214075,0
1,3,214075,0
1,1,214200,0
1,2,214325,0
1,3,214325,0
1,4,214325,0
1,1,214450,0
1,4,214575,0
1,3,214575,0
1,3,214700,0
1,4,214700,0
1,2,214825,0
1,1,214825,0
1,4,214825,0
1,3,214950,0
1,1,215075,0
1,4,215075,0
1,2,215200,0
1,1,215325,0
1,3,215325,0
1,4,215450,0
1,2,215575,0
1,3,215575,0
1,1,215700,0
1,2,215825,0
1,3,215825,0
1,4,215825,0
1,1,215950,0
1,3,216075,0
1,4,216075,0
1,2,216200,0
1,1,216325,0
1,3,216325,0
1,4,216450,0
1,3,216575,0
2,2,216575,216825
1,4,216700,0
1,1,216825,0
1,3,216825,0
1,2,216950,0
1,1,217075,0
1,4,217075,0
1,3,217200,0
1,1,217325,0
1,2,217325,0
1,4,217325,0
1,3,217450,0
1,2,217575,0
1,4,217575,0
1,1,217700,0
1,2,217825,0
1,3,217825,0
1,4,217825,0
1,1,217950,0
1,3,218075,0
1,4,218075,0
1,2,218200,0
1,4,218325,0
1,3,218387,0
1,2,218450,0
1,1,218512,0
1,4,218575,0
1,3,218637,0
1,2,218700,0
1,1,218762,0
1,3,218825,0
1,4,218825,0
1,2,218950,0
1,1,219075,0
1,4,219075,0
1,3,219200,0
1,1,219325,0
1,2,219325,0
1,3,219450,0
1,2,219575,0
1,4,219575,0
1,1,219700,0
1,3,219825,0
1,4,219825,0
1,2,219825,0
1,1,219950,0
1,3,220075,0
1,4,220075,0
1,2,220200,0
1,1,220325,0
1,3,220325,0
1,4,220450,0
1,1,220575,0
1,2,220575,0
1,3,220700,0
1,4,220700,0
1,1,220825,0
1,3,220825,0
1,4,220825,0
1,2,220950,0
1,1,221075,0
1,3,221075,0
1,4,221200,0
1,1,221325,0
1,2,221325,0
1,3,221325,0
1,4,221450,0
1,2,221575,0
1,3,221575,0
1,1,221700,0
1,2,221825,0
1,3,221825,0
1,4,221825,0
1,1,221950,0
1,4,222075,0
1,2,222075,0
1,3,222200,0
1,1,222325,0
1,4,222325,0
1,2,222325,0
1,3,222450,0
1,1,222575,0
1,2,222575,0
1,3,222700,0
1,2,222825,0
1,4,222825,0
1,2,222950,0
1,4,222950,0
1,1,223075,0
1,3,223075,0
1,2,223200,0
1,1,223325,0
1,4,223325,0
1,3,223325,0
1,3,223450,0
1,1,223575,0
1,4,223575,0
1,2,223575,0
1,1,223700,0
1,2,223825,0
1,4,223825,0
1,3,223825,0
1,1,223950,0
1,4,224075,0
1,3,224075,0
1,2,224200,0
1,3,224325,0
1,1,224325,0
1,2,224450,0
1,4,224575,0
1,1,224575,0
1,3,224700,0
1,1,224825,0
1,2,224825,0
1,4,224825,0
1,1,224950,0
1,2,224950,0
1,3,225075,0
1,4,225075,0
1,3,225200,0
1,4,225200,0
1,1,225325,0
1,4,225325,0
1,2,225325,0
1,1,225450,0
1,2,225450,0
1,3,225575,0
1,4,225575,0
1,3,225700,0
1,4,225700,0
1,4,225825,0
1,1,225825,0
1,2,225825,0
1,3,225950,0
1,1,226075,0
1,4,226075,0
1,2,226200,0
1,4,226325,0
1,3,226387,0
1,2,226450,0
1,1,226512,0
1,4,226575,0
1,3,226637,0
1,2,226700,0
1,1,226762,0
1,3,226825,0
1,4,226825,0
1,2,226908,0
1,3,226991,0
1,1,227075,0
1,4,227075,0
1,2,227158,0
1,1,227241,0
1,3,227325,0
1,2,227408,0
1,1,227491,0
1,2,227575,0
1,4,227575,0
1,3,227658,0
1,2,227741,0
1,4,227825,0
1,1,227825,0
2,2,227908,228075
1,3,228075,0
1,4,228075,0
1,2,228158,0
1,1,228241,0
1,4,228325,0
1,3,228408,0
1,2,228491,0
1,3,228575,0
1,4,228575,0
1,1,228658,0
1,2,228741,0
1,1,228825,0
2,4,228825,228991
1,3,228991,0
2,1,229075,229241
1,4,229075,0
1,3,229241,0
1,1,229325,0
1,2,229408,0
1,3,229491,0
1,4,229575,0
1,1,229575,0
1,3,229658,0
1,2,229741,0
1,3,229825,0
1,4,229825,0
1,1,229908,0
1,2,229991,0
1,4,230075,0
1,1,230075,0
1,3,230158,0
1,2,230241,0
1,1,230325,0
2,4,230325,230491
1,2,230491,0
1,4,230575,0
1,3,230575,0
1,1,230658,0
1,2,230741,0
1,1,230825,0
1,3,230825,0
1,4,230908,0
1,2,230991,0
1,3,231075,0
1,4,231075,0
1,2,231158,0
1,1,231241,0
1,4,231325,0
2,3,231408,231575
1,1,231575,0
1,4,231575,0
1,3,231658,0
1,2,231741,0
1,3,231825,0
1,4,231825,0
1,1,231908,0
1,2,231991,0
1,1,232075,0
1,3,232075,0
1,4,232158,0
1,3,232241,0
1,1,232325,0
1,2,232408,0
1,3,232491,0
1,4,232575,0
1,1,232575,0
1,3,232658,0
1,2,232741,0
1,3,232825,0
2,1,232825,232991
1,4,232991,0
1,1,233075,0
1,2,233075,0
1,3,233158,0
1,2,233241,0
1,1,233325,0
1,4,233408,0
1,3,233491,0
1,2,233575,0
1,4,233575,0
1,1,233658,0
1,2,233741,0
1,4,233825,0
1,1,233825,0
1,2,234075,0
1,1,234200,0
1,3,234200,0
1,4,234200,0
1,3,234450,0
1,1,234575,0
1,2,234575,0
1,4,234575,0
1,1,234825,0
1,4,234825,0
1,2,234908,0
1,1,234991,0
1,4,235075,0
1,3,235075,0
1,2,235158,0
1,3,235241,0
1,1,235325,0
1,2,235408,0
1,3,235491,0
2,4,235575,235741
1,1,235575,0
1,2,235741,0
1,4,235825,0
1,3,235825,0
1,2,235908,0
1,1,235991,0
1,4,236075,0
1,2,236075,0
1,3,236158,0
1,4,236241,0
1,1,236325,0
1,2,236408,0
1,3,236491,0
1,1,236575,0
2,2,236575,236741
1,3,236741,0
1,4,236825,0
1,2,236825,0
1,1,236908,0
1,2,236991,0
1,4,237075,0
1,3,237075,0
1,1,237158,0
1,2,237241,0
1,4,237325,0
1,3,237408,0
1,2,237491,0
1,4,237575,0
1,1,237575,0
1,2,237658,0
1,1,237741,0
1,3,237825,0
1,4,237825,0
1,2,237908,0
1,1,237991,0
1,4,238075,0
2,2,238075,238241
1,3,238241,0
1,2,238325,0
1,3,238408,0
1,4,238491,0
1,2,238575,0
2,1,238575,238741
1,3,238741,0
1,1,238825,0
1,4,238825,0
1,2,238908,0
1,3,238991,0
1,2,239075,0
1,4,239075,0
1,1,239158,0
1,3,239241,0
1,4,239325,0
1,1,239408,0
1,2,239491,0
1,3,239575,0
1,4,239575,0
1,2,239658,0
1,3,239741,0
1,2,239825,0
1,1,239825,0
1,4,239908,0
1,3,239991,0
1,1,240075,0
1,4,240075,0
1,2,240158,0
1,3,240241,0
2,1,240325,240491
1,4,240491,0
1,1,240575,0
1,3,240575,0
1,2,240658,0
1,3,240741,0
1,4,240825,0
1,2,240825,0
1,1,240825,0
1,3,240908,0
1,4,240991,0
1,1,241075,0
1,2,241075,0
1,3,241200,0
1,4,241200,0
1,1,241325,0
1,2,241325,0
1,4,241450,0
1,3,241450,0
1,1,241575,0
1,2,241575,0
1,4,241700,0
1,3,241700,0
1,1,241825,0
1,4,241825,0
1,3,241825,0
1,1,242075,0
1,3,242075,0
1,2,242075,0
1,2,242325,0
1,3,242325,0
1,4,242325,0
1,4,242575,0
1,1,242575,0
1,3,242637,0
1,2,242700,0
1,1,242762,0
1,3,242825,0
1,4,242825,0
1,2,242908,0
1,3,242991,0
1,1,243075,0
1,4,243075,0
1,2,243158,0
1,1,243241,0
1,2,243325,0
1,4,243325,0
1,3,243408,0
1,4,243491,0
1,1,243575,0
1,2,243575,0
1,3,243658,0
1,1,243741,0
1,2,243825,0
1,4,243825,0
1,3,243908,0
1,2,243991,0
1,1,244075,0
1,4,244075,0
1,3,244158,0
1,4,244241,0
1,1,244325,0
1,2,244325,0
2,3,244408,244575
1,1,244575,0
1,4,244575,0
1,2,244658,0
1,1,244741,0
1,3,244825,0
1,4,244825,0
2,2,244908,245075
1,1,245075,0
1,4,245075,0
1,2,245158,0
1,3,245241,0
1,1,245325,0
1,2,245325,0
1,4,245408,0
1,3,245491,0
1,2,245575,0
1,4,245575,0
1,1,245658,0
1,2,245741,0
1,3,245825,0
1,4,245825,0
1,1,245908,0
1,2,245991,0
1,1,246075,0
1,4,246075,0
1,3,246158,0
1,2,246241,0
1,1,246325,0
1,3,246325,0
1,4,246408,0
1,2,246491,0
1,3,246575,0
1,4,246575,0
1,1,246658,0
1,2,246741,0
1,1,246825,0
1,4,246825,0
1,3,246908,0
1,2,246991,0
1,1,247075,0
1,3,247075,0
1,4,247158,0
1,3,247241,0
1,4,247325,0
1,2,247325,0
1,1,247408,0
1,3,247491,0
1,1,247575,0
1,2,247575,0
1,4,247658,0
2,3,247741,247908
1,1,247825,0
1,4,247825,0
1,2,247908,0
1,3,247991,0
1,2,248075,0
1,4,248075,0
1,1,248158,0
1,2,248241,0
1,3,248325,0
1,4,248325,0
1,1,248408,0
1,2,248491,0
1,1,248575,0
1,4,248575,0
1,3,248658,0
1,2,248741,0
1,1,248825,0
1,3,248825,0
1,4,248908,0
1,2,248991,0
1,3,249075,0
1,4,249075,0
1,1,249158,0
1,2,249241,0
1,1,249325,0
2,4,249325,249491
2,3,249491,249658
1,1,249575,0
1,2,249575,0
1,4,249658,0
1,3,249741,0
1,2,249825,0
1,4,249825,0
1,1,249825,0
1,1,250075,0
1,3,250075,0
1,4,250075,0
1,1,250325,0
1,2,250387,0
1,3,250450,0
1,4,250512,0
1,1,250575,0
1,2,250637,0
1,3,250700,0
1,4,250762,0
1,1,250825,0
1,2,250825,0
1,3,250908,0
1,2,250991,0
1,1,251075,0
1,4,251075,0
1,3,251158,0
1,4,251241,0
1,1,251325,0
1,2,251325,0
1,3,251408,0
1,4,251491,0
1,1,251575,0
1,3,251575,0
1,2,251658,0
1,4,251741,0
1,2,251825,0
1,3,251825,0
1,4,251908,0
1,1,251991,0
1,2,252075,0
1,4,252075,0
1,3,252158,0
1,2,252241,0
1,4,252325,0
2,1,252325,252491
2,2,252491,252658
1,3,252575,0
1,4,252575,0
1,1,252658,0
1,2,252741,0
1,1,252825,0
1,3,252825,0
1,4,252908,0
1,3,252991,0
1,1,253075,0
1,2,253075,0
1,4,253158,0
1,3,253241,0
1,4,253325,0
1,1,253325,0
1,2,253408,0
1,3,253491,0
1,2,253575,0
1,4,253575,0
1,1,253658,0
1,3,253741,0
1,1,253825,0
1,2,253825,0
1,3,253908,0
1,4,253991,0
1,1,254075,0
1,3,254075,0
1,2,254158,0
1,1,254241,0
1,3,254325,0
1,4,254325,0
1,2,254408,0
1,3,254491,0
1,1,254575,0
1,2,254575,0
1,4,254658,0
1,3,254741,0
1,1,254825,0
1,4,254825,0
1,2,254908,0
1,3,254991,0
1,2,255075,0
1,4,255075,0
1,1,255158,0
1,3,255241,0
1,1,255325,0
1,2,255325,0
1,3,255408,0
1,4,255491,0
1,1,255575,0
1,3,255575,0
1,2,255658,0
1,1,255741,0
1,3,255825,0
1,4,255825,0
1,2,255908,0
1,3,255991,0
1,1,256075,0
1,4,256075,0
1,2,256158,0
1,1,256241,0
1,2,256325,0
1,4,256325,0
1,3,256408,0
1,4,256491,0
1,1,256575,0
2,2,256575,256741
1,4,256741,0
1,2,256825,0
1,3,256825,0
1,4,256908,0
1,1,256991,0
1,2,257075,0
2,4,257075,257241
1,1,257241,0
1,3,257325,0
1,4,257325,0
1,2,257408,0
1,3,257491,0
1,1,257575,0
1,4,257575,0
1,2,257658,0
1,1,257741,0
1,2,257825,0
1,4,257825,0
1,3,257908,0
1,4,257991,0
1,1,258075,0
1,3,258075,0
1,2,258158,0
2,4,258241,258408
1,1,258325,0
1,2,258325,0
1,3,258408,0
1,4,258491,0
1,1,258575,0
1,3,258575,0
1,2,258658,0
1,1,258741,0
1,3,258825,0
2,4,258825,259075
2,1,259075,259325
2,3,259325,259575
2,2,259575,259825
1,4,259825,0
2,1,259825,260075
2,3,260075,260325
2,4,260325,260575
2,2,260575,260825
1,4,260825,0
2,3,260825,261075
2,1,261075,261325
2,2,261325,261825
2,4,261575,261825
2,1,261825,262075
1,3,261825,0
2,4,262075,262325
2,2,262325,262575
1,4,262575,0
1,3,262637,0
1,2,262700,0
1,1,262762,0
1,3,262825,0
1,4,262825,0
1,1,263075,0
1,2,263075,0
1,3,263325,0
1,4,263325,0
1,3,263450,0
1,4,263450,0
1,1,263575,0
1,2,263575,0
1,1,263825,0
1,3,263825,0
1,2,264075,0
1,4,264075,0
1,1,264325,0
1,3,264325,0
1,1,264450,0
1,3,264450,0
1,2,264575,0
1,4,264575,0
1,2,264825,0
1,3,264825,0
1,1,265075,0
1,4,265075,0
1,2,265325,0
1,3,265325,0
1,2,265450,0
1,3,265450,0
1,1,265575,0
1,4,265575,0
1,4,265825,0
1,2,265825,0
1,1,265950,0
1,3,265950,0
1,4,266075,0
1,2,266075,0
1,1,266200,0
1,3,266200,0
1,4,266325,0
1,3,266387,0
1,2,266450,0
1,1,266512,0
1,4,266575,0
1,3,266637,0
1,2,266700,0
1,1,266762,0
1,3,266887,0
1,4,266887,0
1,1,267012,0
1,2,267012,0
1,4,267137,0
1,3,267137,0
1,1,267262,0
1,2,267262,0
1,3,267387,0
1,4,267387,0
1,1,267512,0
1,2,267512,0
1,3,267637,0
1,4,267637,0
1,1,267762,0
1,3,267762,0
1,2,267887,0
1,4,267887,0
1,1,268012,0
1,3,268012,0
1,2,268137,0
1,4,268137,0
1,1,268262,0
1,3,268262,0
1,2,268387,0
1,4,268387,0
1,1,268512,0
1,3,268512,0
1,2,268637,0
1,4,268637,0
1,1,268762,0
1,4,268762,0
1,2,268887,0
1,3,268887,0
1,1,269012,0
1,4,269012,0
1,2,269137,0
1,3,269137,0
1,1,269262,0
1,4,269262,0
1,2,269387,0
1,3,269387,0
1,1,269512,0
1,4,269512,0
1,2,269637,0
1,3,269637,0
1,1,269762,0
1,2,269762,0
1,3,269887,0
1,4,269887,0
1,1,270012,0
1,2,270012,0
1,3,270137,0
1,4,270137,0
1,1,270262,0
1,2,270262,0
1,3,270387,0
1,4,270387,0
1,1,270512,0
1,2,270512,0
1,3,270637,0
1,4,270637,0
1,2,270762,0
1,4,270762,0
1,1,270887,0
1,3,270887,0
1,2,271012,0
1,4,271012,0
1,1,271137,0
1,3,271137,0
1,2,271262,0
1,4,271262,0
1,1,271387,0
1,3,271387,0
1,2,271512,0
1,4,271512,0
1,1,271637,0
1,3,271637,0
1,2,271762,0
1,3,271762,0
1,1,271887,0
1,4,271887,0
1,2,272012,0
1,3,272012,0
1,1,272137,0
1,4,272137,0
1,2,272262,0
1,3,272262,0
1,1,272387,0
1,4,272387,0
1,2,272512,0
1,3,272512,0
1,1,272637,0
1,4,272637,0
1,3,272762,0
1,4,272762,0
1,1,272887,0
1,2,272887,0
1,3,273012,0
1,4,273012,0
1,1,273137,0
1,2,273137,0
1,3,273262,0
1,4,273262,0
1,1,273387,0
1,2,273387,0
1,3,273512,0
1,4,273512,0
1,1,273637,0
1,2,273637,0
1,1,273762,0
1,4,273762,0
1,2,273887,0
1,3,273887,0
1,1,274012,0
1,4,274012,0
1,2,274137,0
1,3,274137,0
1,1,274262,0
1,4,274262,0
1,2,274387,0
1,3,274387,0
1,1,274512,0
1,4,274512,0
1,2,274575,0
1,3,274637,0
1,4,274700,0
1,3,274762,0
2,1,274825,279325
2,2,274825,279325
