1,4,374,0
1,3,374,0
1,2,540,0
1,1,707,0
1,4,707,0
1,3,873,0
1,2,957,0
1,3,1040,0
1,2,1207,0
1,1,1207,0
1,4,1373,0
1,1,1373,0
1,3,1540,0
1,1,1707,0
1,2,1707,0
1,3,1873,0
1,1,2040,0
1,4,2040,0
1,2,2207,0
1,3,2290,0
1,2,2373,0
1,3,2540,0
1,4,2540,0
1,1,2707,0
1,4,2707,0
1,2,2873,0
1,4,3040,0
1,3,3040,0
1,1,3207,0
1,4,3373,0
1,2,3373,0
1,3,3540,0
1,1,3623,0
1,3,3707,0
1,1,3873,0
1,2,3873,0
1,4,4040,0
1,2,4040,0
1,3,4207,0
1,2,4373,0
1,1,4373,0
1,3,4540,0
1,2,4707,0
1,4,4707,0
1,1,4873,0
1,4,4957,0
1,3,5040,0
1,2,5207,0
1,1,5207,0
1,4,5373,0
1,3,5373,0
1,2,5540,0
1,4,5707,0
1,1,5707,0
1,3,5873,0
1,4,6040,0
1,1,6040,0
1,2,6207,0
1,3,6290,0
1,2,6373,0
1,3,6540,0
1,4,6540,0
1,1,6707,0
1,4,6707,0
1,2,6873,0
1,4,7040,0
1,3,7040,0
1,2,7207,0
1,1,7373,0
1,4,7373,0
1,3,7540,0
1,2,7623,0
1,3,7707,0
1,2,7873,0
1,1,7873,0
1,4,8040,0
1,1,8040,0
1,3,8207,0
1,1,8373,0
1,2,8373,0
1,4,8540,0
1,3,8707,0
1,1,8707,0
1,2,8873,0
1,4,8957,0
1,2,9040,0
1,4,9207,0
1,3,9207,0
1,1,9373,0
1,3,9373,0
1,1,9540,0
1,3,9707,0
1,4,9707,0
1,4,9873,0
1,2,10040,0
1,1,10207,0
1,4,10373,0
1,1,10373,0
1,1,10707,0
1,3,10707,0
1,2,10790,0
1,4,10873,0
1,3,10957,0
1,2,11040,0
1,4,11040,0
1,1,11040,0
1,2,11207,0
1,1,11373,0
1,3,11373,0
1,4,11373,0
1,4,11540,0
1,2,11707,0
1,1,11707,0
1,1,11873,0
1,2,12040,0
1,3,12040,0
1,4,12040,0
1,3,12207,0
1,2,12373,0
1,1,12373,0
1,2,12540,0
1,1,12707,0
1,3,12707,0
1,4,12707,0
1,2,12873,0
1,3,12957,0
1,4,12957,0
1,2,13040,0
1,1,13040,0
1,3,13207,0
1,4,13207,0
1,2,13373,0
1,1,13373,0
1,4,13373,0
1,2,13540,0
1,3,13707,0
1,4,13707,0
1,1,13707,0
1,3,13873,0
1,2,14040,0
1,1,14040,0
1,4,14040,0
1,1,14207,0
1,3,14373,0
1,4,14373,0
1,3,14540,0
1,2,14707,0
1,1,14707,0
1,4,14707,0
1,3,14873,0
1,2,14957,0
1,1,14957,0
1,3,15040,0
1,4,15040,0
1,1,15207,0
1,2,15207,0
1,1,15373,0
1,2,15373,0
1,3,15540,0
1,2,15623,0
1,1,15707,0
1,4,15707,0
1,2,15873,0
1,1,15957,0
1,4,16040,0
1,3,16123,0
1,1,16207,0
1,2,16290,0
1,3,16373,0
1,4,16373,0
1,1,16373,0
1,3,16540,0
1,4,16707,0
1,2,16707,0
1,1,16707,0
1,1,16873,0
1,3,17040,0
1,4,17040,0
1,4,17207,0
1,3,17373,0
1,2,17373,0
1,1,17373,0
1,2,17540,0
1,3,17707,0
1,4,17707,0
1,3,17873,0
1,4,18040,0
1,2,18040,0
1,1,18040,0
1,3,18207,0
1,2,18290,0
1,1,18290,0
1,3,18373,0
1,4,18373,0
1,4,18540,0
1,1,18540,0
1,4,18707,0
1,1,18707,0
1,2,18873,0
1,3,19040,0
1,1,19040,0
1,4,19040,0
1,3,19207,0
1,2,19373,0
1,4,19373,0
1,1,19373,0
1,2,19540,0
1,4,19707,0
1,1,19707,0
1,3,19707,0
1,4,19873,0
1,3,20040,0
1,2,20040,0
1,1,20040,0
1,2,20207,0
1,4,20373,0
1,1,20373,0
1,3,20457,0
1,1,20623,0
1,4,20623,0
1,2,20707,0
1,3,20873,0
1,4,20873,0
1,2,20957,0
1,4,21040,0
1,1,21040,0
1,3,21123,0
1,2,21207,0
1,1,21290,0
1,4,21373,0
1,2,21457,0
1,3,21540,0
1,4,21623,0
1,1,21707,0
1,2,21707,0
1,3,21873,0
1,1,22040,0
1,4,22040,0
1,1,22207,0
1,4,22373,0
1,4,22540,0
1,3,22540,0
1,2,22707,0
1,1,22873,0
1,2,22873,0
1,4,23040,0
1,3,23040,0
1,3,23207,0
1,1,23373,0
1,2,23373,0
1,3,23540,0
1,1,23707,0
1,4,23707,0
1,1,23873,0
1,3,24040,0
1,4,24040,0
1,1,24207,0
1,4,24207,0
1,3,24373,0
1,2,24373,0
1,2,24540,0
1,3,24707,0
1,4,24707,0
1,3,24873,0
1,1,25040,0
1,1,25207,0
1,2,25207,0
1,4,25373,0
1,3,25540,0
1,4,25540,0
1,2,25707,0
1,1,25707,0
1,2,25873,0
1,4,26040,0
1,3,26040,0
1,4,26207,0
1,1,26207,0
1,2,26373,0
1,3,26373,0
1,2,26540,0
1,4,26707,0
1,1,26707,0
1,3,26790,0
1,2,26873,0
1,1,26957,0
1,3,27040,0
1,4,27040,0
1,4,27207,0
1,2,27373,0
1,1,27373,0
1,2,27540,0
1,4,27707,0
1,4,27873,0
1,3,27873,0
1,2,28040,0
1,2,28207,0
1,3,28207,0
1,1,28373,0
1,4,28373,0
1,1,28540,0
1,4,28707,0
1,3,28707,0
1,2,28873,0
1,4,29040,0
1,3,29040,0
1,3,29207,0
1,2,29373,0
1,1,29373,0
1,4,29540,0
1,1,29540,0
1,3,29707,0
1,2,29707,0
1,3,29873,0
1,2,30040,0
1,1,30040,0
1,2,30207,0
1,4,30373,0
1,3,30540,0
1,4,30540,0
1,2,30707,0
1,3,30873,0
1,2,30873,0
1,1,31040,0
1,4,31040,0
1,1,31207,0
1,4,31373,0
1,3,31373,0
1,1,31540,0
1,4,31540,0
1,3,31707,0
1,2,31707,0
1,1,31790,0
1,4,31873,0
1,3,31957,0
1,2,32040,0
1,1,32040,0
1,3,32207,0
1,4,32207,0
1,4,32373,0
1,1,32373,0
1,2,32373,0
1,2,32707,0
1,3,32873,0
1,4,32873,0
2,1,33040,33373
1,4,33373,0
1,2,33373,0
1,4,33540,0
1,3,33540,0
1,1,33707,0
2,2,33707,34040
1,3,34040,0
1,4,34207,0
1,1,34207,0
2,3,34373,34540
1,2,34540,0
1,1,34540,0
1,4,34707,0
1,1,34707,0
1,1,34873,0
1,4,34873,0
1,4,35040,0
1,2,35040,0
1,3,35040,0
2,2,35373,35707
1,3,35540,0
1,4,35540,0
2,1,35707,36040
1,3,35873,0
2,4,36040,36373
1,2,36040,0
1,1,36207,0
1,2,36207,0
2,3,36373,36707
1,2,36540,0
1,4,36707,0
1,1,36707,0
1,2,36873,0
1,3,36873,0
1,2,37040,0
1,3,37040,0
1,1,37123,0
1,4,37207,0
1,2,37373,0
1,2,37540,0
1,3,37707,0
1,1,37707,0
2,4,37707,38040
1,3,38040,0
1,2,38207,0
1,1,38207,0
2,4,38373,38707
1,3,38707,0
1,1,38707,0
1,2,38873,0
1,1,38873,0
2,3,39040,39373
1,4,39040,0
1,2,39207,0
1,1,39373,0
1,4,39373,0
1,3,39540,0
1,2,39540,0
1,3,39707,0
1,2,39707,0
1,4,39873,0
1,1,39873,0
1,4,40040,0
1,2,40040,0
1,1,40123,0
1,3,40207,0
1,4,40290,0
1,2,40373,0
1,1,40373,0
1,2,40540,0
1,3,40707,0
1,3,40873,0
1,1,41040,0
1,2,41040,0
1,4,41207,0
1,4,41373,0
1,4,41540,0
1,2,41707,0
1,1,41707,0
1,3,41873,0
1,4,42040,0
1,1,42040,0
1,2,42207,0
1,3,42373,0
1,4,42373,0
1,2,42540,0
1,2,42707,0
1,1,42707,0
1,3,42873,0
1,4,42873,0
1,2,43040,0
1,4,43040,0
2,1,43040,43207
1,3,43207,0
1,2,43373,0
1,1,43540,0
2,4,43540,43707
1,2,43707,0
1,3,43873,0
2,4,44040,44207
2,1,44207,44373
1,3,44540,0
1,2,44623,0
1,1,44707,0
1,4,44707,0
1,3,44873,0
1,1,45040,0
1,4,45040,0
1,2,45123,0
1,4,45207,0
1,3,45290,0
1,2,45373,0
1,1,45373,0
1,1,45707,0
1,3,45707,0
1,4,45707,0
1,1,45873,0
1,2,46040,0
1,3,46040,0
1,4,46040,0
1,1,46207,0
1,4,46373,0
1,1,46373,0
1,4,46540,0
1,3,46707,0
1,2,46707,0
1,1,46707,0
1,4,46873,0
1,4,47040,0
1,1,47040,0
1,1,47207,0
1,2,47373,0
1,4,47373,0
1,3,47373,0
1,3,47540,0
1,2,47707,0
1,1,47707,0
1,3,47873,0
1,4,47873,0
1,1,48040,0
1,4,48040,0
1,2,48040,0
1,2,48207,0
1,1,48373,0
1,3,48373,0
1,4,48373,0
1,1,48540,0
1,2,48707,0
1,3,48707,0
1,4,48707,0
1,1,48873,0
1,3,49040,0
1,1,49040,0
1,3,49207,0
1,4,49373,0
1,2,49373,0
1,1,49373,0
1,3,49540,0
1,4,49706,0
1,2,49706,0
1,2,49873,0
1,1,50040,0
1,4,50040,0
1,3,50040,0
1,2,50206,0
1,3,50290,0
1,2,50373,0
1,1,50373,0
1,4,50540,0
1,3,50540,0
1,2,50706,0
1,1,50706,0
1,4,50790,0
1,3,50873,0
1,2,50956,0
1,3,51040,0
1,4,51040,0
1,1,51040,0
1,3,51206,0
1,4,51373,0
1,2,51373,0
1,1,51373,0
1,3,51540,0
1,1,51706,0
1,3,51706,0
1,1,51873,0
1,2,52040,0
1,3,52040,0
1,4,52040,0
1,1,52206,0
1,1,52373,0
1,3,52373,0
1,3,52540,0
1,4,52706,0
1,1,52706,0
1,2,52706,0
1,2,52873,0
1,3,53040,0
1,4,53040,0
1,2,53206,0
1,1,53206,0
1,4,53290,0
1,3,53373,0
1,1,53456,0
1,2,53540,0
1,3,53623,0
1,4,53706,0
1,1,53706,0
1,2,53706,0
1,1,53873,0
1,2,54040,0
1,3,54040,0
1,4,54040,0
1,1,54206,0
1,1,54373,0
1,4,54373,0
1,4,54540,0
1,2,54706,0
1,1,54706,0
1,3,54706,0
1,2,54873,0
1,3,54956,0
1,4,54956,0
1,2,55040,0
1,1,55040,0
1,3,55206,0
1,4,55206,0
1,1,55373,0
1,4,55373,0
1,3,55540,0
1,2,55623,0
1,3,55706,0
1,4,55706,0
1,1,55873,0
1,2,55873,0
1,3,55956,0
1,4,56040,0
1,1,56123,0
1,2,56206,0
1,3,56290,0
1,2,56373,0
1,1,56373,0
1,4,56373,0
1,4,56540,0
1,4,56873,0
1,4,57206,0
1,2,57373,0
1,4,57540,0
1,4,57873,0
1,4,58206,0
1,2,58373,0
1,4,58540,0
1,3,58706,0
1,1,58873,0
1,4,59040,0
1,2,59040,0
1,2,59206,0
1,2,59540,0
1,2,59873,0
1,3,60040,0
1,2,60206,0
1,2,60540,0
1,2,60873,0
1,3,61040,0
1,2,61206,0
1,4,61373,0
1,1,61540,0
1,2,61706,0
1,3,61706,0
1,3,61873,0
1,3,62206,0
1,3,62540,0
1,1,62706,0
1,3,62873,0
1,3,63206,0
1,3,63540,0
1,1,63706,0
1,3,63873,0
1,4,64040,0
1,2,64206,0
1,3,64373,0
1,1,64373,0
1,1,64540,0
1,1,64873,0
1,1,65206,0
1,2,65373,0
1,2,65540,0
1,3,65623,0
1,1,65706,0
1,4,65706,0
1,2,65873,0
1,1,65956,0
1,4,66040,0
1,3,66123,0
1,2,66206,0
1,4,66373,0
1,3,66373,0
1,4,66540,0
1,2,66540,0
1,1,66706,0
1,2,66706,0
1,1,66873,0
1,4,66873,0
1,2,67040,0
1,3,67040,0
1,4,67040,0
1,2,67206,0
1,3,67373,0
1,3,67540,0
1,1,67706,0
1,1,67873,0
1,2,67873,0
1,4,68040,0
1,4,68206,0
1,3,68206,0
1,1,68373,0
1,2,68373,0
1,2,68540,0
1,4,68706,0
1,3,68706,0
1,2,68873,0
1,1,69040,0
1,4,69206,0
1,2,69373,0
1,4,69540,0
1,1,69540,0
1,2,69706,0
1,3,69706,0
1,3,69873,0
1,2,70040,0
1,1,70040,0
1,2,70206,0
1,4,70373,0
1,4,70540,0
1,3,70540,0
1,1,70706,0
1,2,70873,0
1,1,70873,0
1,3,71040,0
1,4,71040,0
1,3,71206,0
1,1,71373,0
1,2,71373,0
1,1,71540,0
1,4,71540,0
1,3,71706,0
1,2,71706,0
1,3,71873,0
1,1,72040,0
1,4,72040,0
1,2,72123,0
1,3,72206,0
1,4,72290,0
1,2,72373,0
1,1,72373,0
1,1,72540,0
1,3,72706,0
1,4,72706,0
1,3,72873,0
1,2,73040,0
1,1,73206,0
1,2,73206,0
1,4,73373,0
1,4,73540,0
1,1,73540,0
1,3,73706,0
1,2,73706,0
1,3,73873,0
1,1,74040,0
1,2,74040,0
1,3,74206,0
1,1,74373,0
1,2,74373,0
1,1,74540,0
1,3,74706,0
1,4,74706,0
1,1,74873,0
1,4,74873,0
1,2,75040,0
1,3,75040,0
1,2,75206,0
1,3,75373,0
1,4,75373,0
1,3,75540,0
1,1,75706,0
1,2,75873,0
1,1,75873,0
1,4,76040,0
1,3,76040,0
1,2,76206,0
1,3,76290,0
1,2,76373,0
1,1,76373,0
1,3,76540,0
1,4,76540,0
1,3,76706,0
1,4,76706,0
1,2,76873,0
1,1,76929,0
1,4,76984,0
1,3,77040,0
1,2,77123,0
1,4,77206,0
1,3,77206,0
1,1,77373,0
1,2,77456,0
1,4,77540,0
1,3,77623,0
1,2,77706,0
1,4,77706,0
1,1,77706,0
1,2,77873,0
1,1,78040,0
1,3,78040,0
1,4,78040,0
1,3,78206,0
1,2,78373,0
1,1,78373,0
2,3,78540,78706
1,2,78706,0
1,1,78706,0
1,4,78706,0
2,2,78873,79040
1,3,79040,0
1,4,79040,0
1,3,79206,0
1,1,79373,0
1,2,79373,0
2,4,79373,79540
2,1,79540,79706
1,4,79706,0
1,3,79706,0
2,3,79873,80040
1,1,80040,0
1,4,80040,0
2,1,80206,80373
1,2,80373,0
1,3,80373,0
1,4,80373,0
1,3,80540,0
1,2,80706,0
1,1,80706,0
1,4,80706,0
1,1,80873,0
1,3,81040,0
1,4,81040,0
2,2,81206,81373
1,1,81373,0
1,3,81373,0
1,4,81373,0
2,3,81540,81706
1,2,81706,0
1,1,81706,0
1,2,81873,0
1,3,82040,0
1,4,82040,0
2,1,82040,82206
2,4,82206,82373
1,2,82373,0
1,3,82373,0
1,1,82540,0
1,4,82540,0
1,1,82706,0
1,4,82706,0
1,2,82873,0
1,3,82956,0
1,2,83040,0
1,4,83040,0
1,1,83040,0
1,3,83206,0
1,4,83373,0
1,2,83373,0
1,1,83373,0
1,2,83540,0
1,3,83706,0
1,4,83706,0
2,2,83873,84040
1,3,84040,0
1,4,84040,0
1,1,84040,0
2,3,84206,84373
1,2,84373,0
1,1,84373,0
1,2,84540,0
1,3,84706,0
1,1,84706,0
1,4,84873,0
1,1,85040,0
1,2,85040,0
1,3,85040,0
2,2,85206,85373
1,4,85373,0
1,1,85373,0
2,4,85540,85706
1,3,85706,0
1,2,85706,0
1,1,85706,0
1,2,85873,0
1,3,86040,0
1,4,86040,0
1,1,86040,0
1,4,86206,0
1,2,86373,0
1,1,86373,0
1,2,86540,0
1,4,86706,0
1,3,86706,0
1,1,86706,0
1,2,86873,0
1,3,86956,0
1,4,87040,0
1,2,87040,0
1,1,87040,0
1,1,87206,0
1,4,87373,0
1,3,87540,0
1,2,87623,0
1,4,87706,0
1,1,87706,0
1,3,87818,0
1,2,87929,0
1,4,88040,0
1,1,88151,0
1,2,88262,0
1,3,88373,0
1,1,88373,0
1,4,88373,0
1,4,88540,0
1,2,88706,0
1,3,88873,0
1,2,89040,0
1,1,89040,0
1,4,89206,0
1,1,89290,0
1,3,89373,0
1,4,89373,0
1,2,89540,0
1,1,89706,0
1,4,89706,0
1,2,89873,0
1,3,90040,0
1,4,90040,0
1,2,90206,0
1,3,90290,0
1,4,90373,0
1,1,90373,0
1,2,90456,0
1,3,90540,0
1,4,90623,0
1,1,90706,0
1,2,90706,0
1,1,91040,0
1,4,91040,0
1,3,91040,0
1,1,91206,0
1,4,91373,0
1,2,91540,0
1,3,91706,0
1,4,91706,0
1,1,91873,0
1,3,91956,0
1,2,92040,0
1,1,92040,0
1,3,92206,0
1,1,92373,0
1,4,92373,0
1,3,92540,0
1,2,92706,0
1,1,92706,0
1,3,92873,0
1,2,92956,0
1,1,93040,0
1,4,93040,0
1,3,93123,0
1,2,93206,0
1,1,93290,0
1,4,93373,0
1,3,93373,0
1,2,93456,0
1,3,93540,0
1,2,93623,0
1,1,93706,0
1,4,93706,0
1,3,93873,0
1,2,94040,0
1,4,94206,0
1,2,94373,0
1,1,94373,0
1,3,94540,0
1,1,94623,0
1,3,94706,0
1,4,94706,0
1,2,94873,0
1,1,95040,0
1,4,95040,0
1,2,95206,0
1,3,95373,0
1,4,95373,0
1,2,95540,0
1,3,95623,0
1,4,95706,0
1,1,95706,0
1,2,95790,0
1,3,95873,0
1,4,95956,0
1,1,96040,0
1,2,96040,0
1,1,96373,0
1,4,96373,0
1,3,96373,0
1,1,96540,0
1,4,96706,0
1,2,96873,0
1,3,97040,0
1,4,97040,0
1,1,97206,0
1,3,97290,0
1,2,97373,0
1,1,97373,0
1,3,97540,0
1,1,97706,0
1,4,97706,0
1,3,97873,0
1,2,98040,0
1,1,98040,0
1,3,98206,0
1,2,98290,0
1,1,98373,0
1,4,98373,0
1,2,98540,0
1,3,98623,0
1,4,98706,0
1,1,98706,0
1,2,98790,0
1,3,98873,0
1,4,98873,0
1,1,99040,0
1,2,99040,0
1,3,99040,0
1,1,99206,0
1,3,99373,0
1,4,99373,0
1,3,99540,0
1,1,99706,0
1,4,99706,0
1,2,99873,0
1,1,99873,0
1,3,100040,0
1,4,100040,0
1,1,100206,0
1,4,100206,0
1,2,100373,0
1,3,100373,0
1,2,100540,0
1,1,100706,0
1,4,100706,0
1,3,100873,0
1,2,100956,0
1,3,101040,0
1,4,101040,0
1,2,101206,0
1,1,101373,0
1,3,101373,0
1,4,101373,0
1,3,101540,0
1,4,101706,0
1,1,101706,0
1,1,101873,0
1,4,102040,0
1,2,102040,0
1,4,102206,0
1,1,102373,0
1,2,102373,0
1,4,102540,0
1,2,102540,0
1,3,102706,0
1,1,102706,0
1,3,102873,0
1,4,102873,0
1,2,103040,0
1,1,103040,0
1,2,103206,0
1,1,103373,0
1,3,103373,0
1,4,103540,0
1,2,103623,0
1,3,103706,0
1,4,103706,0
1,2,103873,0
1,1,104040,0
1,3,104040,0
1,4,104040,0
1,2,104206,0
1,3,104290,0
1,1,104373,0
1,2,104373,0
1,4,104373,0
1,4,104540,0
1,2,104706,0
1,1,104706,0
1,2,104873,0
1,4,105040,0
1,1,105040,0
1,3,105206,0
1,4,105206,0
1,2,105373,0
1,1,105373,0
1,4,105540,0
1,1,105540,0
1,3,105706,0
1,2,105706,0
1,3,105873,0
1,4,106040,0
1,1,106040,0
1,2,106206,0
1,3,106290,0
1,2,106373,0
1,1,106373,0
1,3,106540,0
1,4,106706,0
1,1,106706,0
1,2,106790,0
1,3,106873,0
1,4,106956,0
1,2,107040,0
1,1,107040,0
1,1,107206,0
1,4,107373,0
1,3,107373,0
1,3,107540,0
1,4,107706,0
1,1,107706,0
1,1,107873,0
1,2,107873,0
1,4,108040,0
1,3,108040,0
1,4,108206,0
1,1,108206,0
1,3,108373,0
1,2,108373,0
1,2,108540,0
1,4,108706,0
1,1,108706,0
1,3,108873,0
1,2,108956,0
1,4,109040,0
1,3,109040,0
1,1,109040,0
1,2,109206,0
1,3,109290,0
1,4,109373,0
1,1,109373,0
1,3,109540,0
1,2,109623,0
1,1,109706,0
1,4,109706,0
1,4,109873,0
1,2,110040,0
1,2,110206,0
1,4,110373,0
1,3,110373,0
1,1,110540,0
1,1,110706,0
1,1,110873,0
1,3,111040,0
1,4,111040,0
1,2,111206,0
1,1,111373,0
1,4,111373,0
1,3,111540,0
1,2,111706,0
1,1,111706,0
1,3,111873,0
1,3,112040,0
1,4,112040,0
1,2,112206,0
1,1,112206,0
1,3,112373,0
2,4,112373,112540
1,2,112540,0
2,1,112706,112873
1,3,112873,0
2,4,113040,113206
2,2,113206,113373
2,1,113373,113540
1,3,113540,0
1,1,113706,0
1,4,113706,0
1,2,113873,0
1,3,113956,0
1,4,114040,0
1,1,114040,0
1,3,114206,0
1,2,114290,0
1,4,114373,0
1,1,114373,0
1,2,114540,0
1,3,114623,0
1,4,114706,0
1,1,114706,0
1,2,114790,0
1,3,114873,0
1,4,114956,0
1,2,115040,0
1,1,115040,0
1,1,115206,0
1,2,115373,0
1,3,115373,0
1,4,115373,0
1,1,115540,0
1,4,115706,0
1,1,115706,0
1,4,115873,0
1,3,116040,0
1,2,116040,0
1,1,116040,0
1,4,116206,0
1,4,116373,0
1,1,116373,0
1,1,116540,0
1,2,116706,0
1,4,116706,0
1,3,116706,0
1,3,116873,0
1,2,117040,0
1,1,117040,0
1,3,117206,0
1,4,117206,0
1,1,117373,0
1,4,117373,0
1,2,117373,0
1,2,117540,0
1,1,117706,0
1,3,117706,0
1,4,117706,0
1,1,117873,0
1,2,118040,0
1,3,118040,0
1,4,118040,0
1,1,118206,0
1,3,118373,0
1,1,118373,0
1,3,118540,0
1,4,118706,0
1,2,118706,0
1,1,118706,0
1,3,118873,0
1,4,119040,0
1,2,119040,0
1,2,119206,0
1,1,119373,0
1,4,119373,0
1,3,119373,0
1,2,119540,0
1,3,119623,0
1,2,119706,0
1,1,119706,0
1,4,119873,0
1,3,119873,0
1,2,120040,0
1,1,120040,0
1,4,120123,0
1,3,120206,0
1,2,120290,0
1,3,120373,0
1,4,120373,0
1,1,120373,0
1,3,120540,0
1,4,120706,0
1,2,120706,0
1,1,120706,0
1,3,120873,0
1,1,121040,0
1,3,121040,0
1,1,121206,0
1,2,121373,0
1,3,121373,0
1,4,121373,0
1,1,121540,0
1,1,121706,0
1,3,121706,0
1,3,121873,0
1,4,122040,0
1,1,122040,0
1,2,122040,0
1,2,122206,0
1,3,122373,0
1,4,122373,0
1,2,122540,0
1,1,122540,0
1,4,122623,0
1,3,122706,0
1,1,122790,0
1,2,122873,0
1,3,122956,0
1,2,123040,0
1,4,123040,0
1,1,123040,0
1,1,123206,0
1,2,123373,0
1,3,123373,0
1,4,123373,0
1,1,123540,0
1,1,123706,0
1,4,123706,0
1,4,123873,0
1,2,124040,0
1,1,124040,0
1,3,124040,0
1,2,124206,0
1,3,124290,0
1,4,124290,0
1,2,124373,0
1,1,124373,0
1,3,124540,0
1,4,124540,0
1,1,124706,0
1,4,124706,0
1,3,124873,0
1,2,124956,0
1,3,125040,0
1,4,125040,0
1,1,125206,0
1,2,125206,0
1,3,125290,0
1,4,125373,0
1,1,125456,0
1,2,125540,0
1,3,125623,0
1,2,125706,0
1,1,125706,0
1,4,125706,0
1,1,125873,0
1,1,126040,0
1,1,126206,0
1,4,126373,0
1,4,126540,0
1,4,126706,0
1,4,126873,0
1,2,127040,0
1,2,127206,0
1,2,127373,0
1,2,127540,0
1,3,127706,0
1,3,127873,0
1,3,128040,0
1,3,128206,0
1,1,128373,0
1,2,128373,0
1,1,128540,0
1,1,128706,0
1,1,128873,0
1,4,129040,0
1,4,129206,0
1,4,129373,0
1,4,129540,0
1,2,129706,0
1,2,129873,0
1,2,130040,0
1,2,130206,0
1,3,130373,0
1,3,130540,0
1,3,130706,0
1,3,130873,0
1,1,131040,0
1,1,131206,0
1,1,131373,0
1,1,131540,0
1,4,131706,0
1,4,131873,0
1,4,132040,0
1,4,132206,0
1,2,132373,0
1,2,132540,0
1,2,132706,0
1,2,132873,0
1,3,133040,0
1,3,133206,0
1,3,133373,0
1,3,133540,0
1,1,133706,0
1,1,133873,0
1,1,134040,0
1,1,134206,0
1,4,134373,0
1,4,134540,0
1,4,134706,0
1,4,134873,0
1,2,135040,0
2,3,135040,135873
1,2,135206,0
1,2,135373,0
1,2,135540,0
1,4,135706,0
1,2,135873,0
1,1,136040,0
1,4,136040,0
1,1,136373,0
1,2,136373,0
1,4,136373,0
1,2,136540,0
1,1,136706,0
1,3,136706,0
1,4,136706,0
1,4,136873,0
1,2,137040,0
1,1,137040,0
1,1,137206,0
1,2,137373,0
1,3,137373,0
1,4,137373,0
1,3,137540,0
1,2,137706,0
1,1,137706,0
1,2,137873,0
1,1,138040,0
1,3,138040,0
1,4,138040,0
1,4,138206,0
1,2,138290,0
1,3,138373,0
1,4,138373,0
1,1,138540,0
1,2,138540,0
1,1,138706,0
1,4,138706,0
1,2,138873,0
1,1,139040,0
1,3,139040,0
1,4,139040,0
1,3,139206,0
1,1,139373,0
1,2,139373,0
1,4,139373,0
1,1,139540,0
1,4,139706,0
1,3,139706,0
1,4,139873,0
1,1,140040,0
1,2,140040,0
1,3,140040,0
1,2,140206,0
1,3,140290,0
1,1,140373,0
1,2,140373,0
1,3,140540,0
1,4,140540,0
1,4,140706,0
1,3,140706,0
1,1,140873,0
1,3,140956,0
1,1,141040,0
1,2,141040,0
1,3,141206,0
1,4,141206,0
1,2,141290,0
1,1,141373,0
1,4,141456,0
1,2,141540,0
1,3,141623,0
1,1,141706,0
1,2,141706,0
1,4,141706,0
1,1,141873,0
1,3,142040,0
1,4,142040,0
1,2,142040,0
1,4,142206,0
1,2,142373,0
1,1,142373,0
1,1,142540,0
1,2,142706,0
1,3,142706,0
1,4,142706,0
1,3,142873,0
1,2,143040,0
1,1,143040,0
1,2,143206,0
1,1,143373,0
1,3,143373,0
1,4,143373,0
1,4,143540,0
1,2,143623,0
1,3,143706,0
1,4,143706,0
1,1,143873,0
1,2,143873,0
1,1,144040,0
1,2,144040,0
1,4,144206,0
1,3,144206,0
1,1,144373,0
1,4,144373,0
1,2,144373,0
1,2,144540,0
1,3,144706,0
1,4,144706,0
1,1,144706,0
1,1,144873,0
1,4,145040,0
1,3,145040,0
1,2,145040,0
1,3,145206,0
1,2,145373,0
1,1,145373,0
1,4,145373,0
1,2,145540,0
1,4,145706,0
1,1,145706,0
1,3,145790,0
1,1,145956,0
1,4,145956,0
1,2,146040,0
1,3,146206,0
1,4,146206,0
1,2,146290,0
1,4,146373,0
1,1,146373,0
1,3,146456,0
1,2,146540,0
1,1,146623,0
1,4,146706,0
1,3,146790,0
1,2,146873,0
1,3,146956,0
1,4,147040,0
1,2,147040,0
1,1,147040,0
1,1,147206,0
1,4,147373,0
1,3,147373,0
1,2,147373,0
1,4,147540,0
1,1,147706,0
1,2,147706,0
1,1,147873,0
1,4,148040,0
1,3,148040,0
1,2,148040,0
1,3,148206,0
1,1,148373,0
1,2,148373,0
1,2,148540,0
1,4,148706,0
1,3,148706,0
1,1,148706,0
1,4,148873,0
1,2,148956,0
1,4,149040,0
1,3,149040,0
1,2,149206,0
1,1,149206,0
1,4,149373,0
1,2,149373,0
1,3,149456,0
1,1,149540,0
1,2,149623,0
1,4,149706,0
1,3,149706,0
1,1,149706,0
1,3,149873,0
1,4,150040,0
1,2,150040,0
1,1,150040,0
1,1,150206,0
1,3,150373,0
1,4,150373,0
1,4,150540,0
1,3,150706,0
1,2,150706,0
1,1,150706,0
1,2,150873,0
1,1,151040,0
1,4,151040,0
1,3,151040,0
1,2,151206,0
1,3,151290,0
1,4,151290,0
1,3,151456,0
1,2,151540,0
1,1,151540,0
1,1,151706,0
1,4,151706,0
1,2,151790,0
1,4,151873,0
1,3,151873,0
1,2,152040,0
1,1,152040,0
1,3,152206,0
1,2,152290,0
1,4,152373,0
1,1,152373,0
1,3,152373,0
1,1,152540,0
1,2,152706,0
1,4,152706,0
1,3,152706,0
1,4,152873,0
1,1,153040,0
1,2,153040,0
1,1,153206,0
1,4,153373,0
1,3,153373,0
1,2,153373,0
1,4,153540,0
1,3,153623,0
1,1,153706,0
1,2,153706,0
1,3,153790,0
1,2,153873,0
1,1,153956,0
1,4,154040,0
1,3,154040,0
1,2,154123,0
1,3,154206,0
1,4,154290,0
1,1,154373,0
1,2,154456,0
1,4,154540,0
1,3,154623,0
1,2,154706,0
1,1,154790,0
1,4,154873,0
1,3,154956,0
1,2,155040,0
1,4,155040,0
1,1,155040,0
1,2,155206,0
1,3,155290,0
1,1,155373,0
1,2,155373,0
1,4,155373,0
1,1,155540,0
1,4,155540,0
1,3,155706,0
1,2,155873,0
1,3,155956,0
1,4,156040,0
1,1,156040,0
1,3,156206,0
1,2,156290,0
1,1,156373,0
1,4,156373,0
1,3,156540,0
1,4,156623,0
1,1,156706,0
1,2,156790,0
1,3,156873,0
1,4,156956,0
1,1,157040,0
1,2,157123,0
1,4,157206,0
1,3,157290,0
1,2,157373,0
1,1,157456,0
1,4,157540,0
1,3,157623,0
1,4,157706,0
1,2,157706,0
1,1,157706,0
1,2,158206,0
1,1,158373,0
1,1,158540,0
1,3,158706,0
1,3,158873,0
1,4,159040,0
1,3,159373,0
1,1,159706,0
1,2,160040,0
1,2,160373,0
1,1,160873,0
1,4,161040,0
1,3,161540,0
1,2,161706,0
1,1,162040,0
1,3,162373,0
1,4,162706,0
1,1,162706,0
1,4,163040,0
1,2,163040,0
1,1,163040,0
1,4,163206,0
1,3,163373,0
1,2,163373,0
1,1,163373,0
1,4,163540,0
1,1,163706,0
1,4,163706,0
1,1,163873,0
1,2,164040,0
1,3,164040,0
1,4,164040,0
1,1,164206,0
1,1,164373,0
1,4,164373,0
1,4,164540,0
1,3,164706,0
1,1,164706,0
1,2,164706,0
1,2,164873,0
1,3,165040,0
1,4,165040,0
1,2,165206,0
1,1,165206,0
1,4,165373,0
1,1,165373,0
1,3,165373,0
1,3,165540,0
1,4,165706,0
1,2,165706,0
1,1,165706,0
1,4,165873,0
1,3,166040,0
1,2,166040,0
1,1,166040,0
1,4,166206,0
1,2,166373,0
1,4,166373,0
1,2,166540,0
1,1,166706,0
1,3,166706,0
1,4,166706,0
1,2,166873,0
1,1,167040,0
1,3,167040,0
1,3,167206,0
1,4,167373,0
1,1,167373,0
1,2,167373,0
1,3,167540,0
1,2,167623,0
1,3,167706,0
1,4,167706,0
1,1,167873,0
1,2,167873,0
1,3,168040,0
1,4,168040,0
1,1,168123,0
1,2,168206,0
1,3,168290,0
1,2,168373,0
1,1,168373,0
1,4,168373,0
1,2,168540,0
1,1,168706,0
1,3,168706,0
1,4,168706,0
1,2,168873,0
1,4,169040,0
1,2,169040,0
1,4,169206,0
1,3,169373,0
1,2,169373,0
1,1,169373,0
1,4,169540,0
1,4,169706,0
1,2,169706,0
1,2,169873,0
1,1,170040,0
1,4,170040,0
1,3,170040,0
1,3,170206,0
1,2,170373,0
1,1,170373,0
1,3,170540,0
1,4,170540,0
1,1,170623,0
1,2,170706,0
1,4,170790,0
1,3,170873,0
1,2,170956,0
1,3,171040,0
1,1,171040,0
1,4,171040,0
1,4,171206,0
1,3,171373,0
1,2,171373,0
1,1,171373,0
1,4,171540,0
1,4,171706,0
1,1,171706,0
1,1,171873,0
1,3,172040,0
1,4,172040,0
1,2,172040,0
1,3,172206,0
1,2,172290,0
1,1,172290,0
1,3,172373,0
1,4,172373,0
1,4,172540,0
1,1,172540,0
1,4,172706,0
1,1,172706,0
1,2,172873,0
1,3,172956,0
1,2,173040,0
1,1,173040,0
1,4,173206,0
1,3,173206,0
1,2,173290,0
1,1,173373,0
1,4,173456,0
1,3,173540,0
1,2,173623,0
1,4,173706,0
1,3,173706,0
1,1,173706,0
1,4,173873,0
1,1,174040,0
1,2,174040,0
1,3,174040,0
1,4,174206,0
1,4,174373,0
1,1,174373,0
1,2,174373,0
1,1,174540,0
1,4,174706,0
1,3,174706,0
1,2,174706,0
1,1,174873,0
1,4,175040,0
1,1,175040,0
1,3,175040,0
1,4,175206,0
1,2,175373,0
1,1,175373,0
1,3,175373,0
1,2,175540,0
1,4,175706,0
1,3,175706,0
1,1,175706,0
1,2,175790,0
1,4,175873,0
1,3,175956,0
1,1,176040,0
1,2,176040,0
1,2,176206,0
1,1,176373,0
1,4,176373,0
1,3,176373,0
1,4,176540,0
1,1,176706,0
1,2,176706,0
1,3,176706,0
1,4,176873,0
1,4,177040,0
1,2,177040,0
1,1,177040,0
1,2,177206,0
1,4,177373,0
1,3,177373,0
1,1,177373,0
1,2,177540,0
1,3,177623,0
1,2,177706,0
1,1,177706,0
1,4,177706,0
1,1,177873,0
1,3,178040,0
1,2,178040,0
1,4,178040,0
1,3,178206,0
1,2,178290,0
1,3,178373,0
1,4,178373,0
1,2,178540,0
1,1,178623,0
1,4,178706,0
1,3,178790,0
1,1,178873,0
1,2,178956,0
1,4,179040,0
1,1,179040,0
1,3,179040,0
1,3,179206,0
1,2,179373,0
1,4,179373,0
1,1,179373,0
1,3,179540,0
1,3,179706,0
1,1,179706,0
1,2,179706,0
1,1,179873,0
1,4,180040,0
1,3,180040,0
1,2,180040,0
1,1,180206,0
1,2,180290,0
1,3,180373,0
1,1,180373,0
1,4,180373,0
1,3,180540,0
1,2,180706,0
1,1,180706,0
1,4,180706,0
1,2,180873,0
1,3,180956,0
1,4,181040,0
1,1,181040,0
1,2,181123,0
1,3,181206,0
1,4,181373,0
1,1,181373,0
1,2,181373,0
1,3,181540,0
1,2,181623,0
1,1,181706,0
1,4,181706,0
1,3,181706,0
1,4,181873,0
1,4,182040,0
1,2,182206,0
1,3,182290,0
1,1,182373,0
1,4,182373,0
1,2,182373,0
1,1,182540,0
1,1,182706,0
1,3,182873,0
1,1,182956,0
1,2,182956,0
1,4,183040,0
1,3,183040,0
1,1,183206,0
1,2,183206,0
1,1,183373,0
1,4,183373,0
1,2,183540,0
1,3,183623,0
1,1,183706,0
1,2,183706,0
1,4,183818,0
1,3,183929,0
1,1,184040,0
1,2,184151,0
1,3,184262,0
1,1,184373,0
1,4,184373,0
1,2,184373,0
1,4,184540,0
1,3,184706,0
1,2,184873,0
1,3,184956,0
1,2,185040,0
1,1,185040,0
1,4,185040,0
1,1,185206,0
1,2,185373,0
1,3,185540,0
1,2,185623,0
1,1,185706,0
1,4,185706,0
1,3,185706,0
1,4,185873,0
1,3,186040,0
1,2,186206,0
1,3,186290,0
1,1,186373,0
1,4,186373,0
1,4,186540,0
1,3,186623,0
1,2,186706,0
1,1,186706,0
1,1,186873,0
1,3,187040,0
1,4,187040,0
1,2,187040,0
1,4,187206,0
1,3,187373,0
1,2,187540,0
1,3,187623,0
1,2,187706,0
1,1,187706,0
1,4,187706,0
1,1,187873,0
1,2,188040,0
1,3,188206,0
1,2,188290,0
1,1,188373,0
1,3,188373,0
1,4,188373,0
1,4,188540,0
1,1,188706,0
1,2,188873,0
1,3,188956,0
1,1,189040,0
1,2,189040,0
1,4,189040,0
1,3,189206,0
1,4,189290,0
1,1,189373,0
1,2,189456,0
1,4,189540,0
1,3,189623,0
1,2,189706,0
1,1,189706,0
1,4,189706,0
1,1,189873,0
1,4,190040,0
1,2,190040,0
1,3,190206,0
1,2,190290,0
1,3,190373,0
1,4,190373,0
1,1,190373,0
1,4,190540,0
1,1,190706,0
1,3,190706,0
1,2,190873,0
1,3,190956,0
1,4,191040,0
1,1,191040,0
1,2,191040,0
1,1,191206,0
1,4,191373,0
1,3,191373,0
1,2,191540,0
1,4,191706,0
1,1,191706,0
1,3,191790,0
1,1,191873,0
1,2,191956,0
1,3,192040,0
1,4,192040,0
1,4,192206,0
1,2,192373,0
1,1,192373,0
1,3,192373,0
1,1,192540,0
1,3,192706,0
1,4,192706,0
1,3,192873,0
1,4,193040,0
1,1,193040,0
1,2,193040,0
1,2,193206,0
1,4,193373,0
1,1,193373,0
1,4,193540,0
1,2,193706,0
1,1,193706,0
1,3,193706,0
1,1,193873,0
1,4,194040,0
1,3,194040,0
1,4,194206,0
1,3,194373,0
1,1,194373,0
1,2,194373,0
1,2,194540,0
1,1,194540,0
1,4,194706,0
1,3,194706,0
2,3,194873,195790
1,4,194873,0
1,1,195790,0
1,1,196003,0
1,1,196225,0
1,1,196447,0
