1,1,1125,0
1,2,1125,0
1,4,1125,0
1,1,1525,0
1,4,1525,0
1,2,1525,0
1,1,1925,0
1,3,1925,0
1,4,1925,0
1,1,2325,0
1,3,2325,0
1,4,2325,0
1,1,2725,0
1,2,2725,0
1,3,2725,0
1,1,3125,0
1,2,3125,0
1,3,3125,0
1,2,3525,0
1,3,3525,0
1,4,3525,0
1,2,3925,0
1,3,3925,0
1,4,3925,0
1,1,4325,0
1,4,4325,0
1,3,4325,0
1,1,4725,0
1,2,4725,0
1,4,4725,0
1,1,5125,0
1,2,5125,0
1,3,5125,0
1,2,5525,0
1,3,5525,0
1,4,5525,0
1,2,5925,0
1,4,5925,0
2,1,5925,6325
2,3,6325,6725
1,4,6325,0
1,2,6325,0
2,2,6725,7125
1,1,6725,0
1,4,6725,0
1,1,7125,0
2,3,7125,7525
1,4,7125,0
2,4,7525,7925
1,1,7525,0
2,2,7525,7925
2,1,7925,8325
2,3,7925,8325
1,2,8325,0
1,4,8325,0
1,1,8725,0
1,3,8725,0
1,1,9125,0
1,4,9525,0
1,2,9925,0
1,3,10325,0
1,2,10725,0
1,3,10725,0
1,2,11525,0
1,3,11525,0
1,1,12325,0
1,3,12325,0
1,4,12325,0
1,1,13125,0
1,2,13125,0
1,4,13125,0
1,2,13525,0
1,1,13525,0
1,3,13725,0
1,2,13725,0
1,4,13925,0
1,3,13925,0
1,3,14325,0
1,4,14325,0
1,3,14725,0
1,4,14725,0
1,1,15125,0
1,2,15125,0
1,3,15525,0
1,4,15525,0
1,1,16325,0
1,2,16325,0
1,4,16325,0
1,1,16725,0
1,3,16725,0
1,2,17125,0
1,4,17125,0
1,2,17525,0
1,4,17525,0
1,2,17925,0
1,4,17925,0
1,3,18325,0
1,2,18325,0
1,3,18525,0
1,2,18525,0
1,2,18725,0
1,3,18725,0
1,2,19125,0
1,3,19525,0
1,2,19925,0
1,4,20325,0
1,1,20725,0
1,4,21125,0
1,1,21525,0
1,4,21925,0
1,2,22325,0
1,3,22725,0
1,2,23125,0
1,3,23525,0
1,2,23925,0
1,1,24325,0
1,4,24725,0
1,3,25125,0
1,2,25125,0
1,4,25982,0
1,3,25982,0
1,2,25982,0
1,1,25982,0
1,1,26825,0
1,4,26825,0
1,3,26908,0
1,2,26991,0
1,1,27075,0
1,2,27158,0
1,3,27241,0
1,4,27325,0
1,3,27408,0
1,2,27491,0
1,1,27575,0
1,2,27658,0
1,3,27741,0
1,1,27825,0
1,4,27825,0
1,3,27908,0
1,2,27991,0
1,1,28075,0
1,2,28158,0
1,3,28241,0
1,4,28325,0
1,3,28408,0
1,2,28491,0
1,1,28575,0
1,2,28658,0
1,3,28741,0
1,1,28825,0
1,4,28825,0
1,3,28908,0
1,2,28991,0
1,4,29075,0
1,3,29158,0
1,2,29241,0
1,4,29325,0
1,3,29408,0
1,2,29491,0
1,4,29575,0
1,3,29658,0
1,2,29741,0
1,4,29825,0
1,1,29825,0
1,2,29908,0
1,1,29991,0
1,3,30075,0
1,2,30158,0
1,1,30241,0
1,3,30325,0
1,2,30408,0
1,1,30491,0
1,3,30575,0
1,2,30658,0
1,1,30741,0
1,4,30825,0
1,3,30825,0
1,2,30908,0
1,3,30991,0
1,4,31075,0
1,3,31158,0
1,2,31241,0
1,1,31325,0
1,2,31408,0
1,3,31491,0
1,4,31575,0
1,3,31658,0
1,2,31741,0
1,1,31825,0
1,3,31825,0
1,2,31908,0
1,3,31991,0
1,4,32075,0
1,3,32158,0
1,2,32241,0
1,1,32325,0
1,2,32408,0
1,3,32491,0
1,4,32575,0
1,3,32658,0
1,2,32741,0
1,1,32825,0
1,3,32825,0
1,2,32908,0
1,3,32991,0
1,1,33075,0
1,2,33158,0
1,3,33241,0
1,1,33325,0
1,2,33408,0
1,3,33491,0
1,1,33575,0
1,2,33658,0
1,3,33741,0
1,2,33825,0
1,4,33825,0
1,3,33908,0
1,4,33991,0
1,2,34075,0
1,3,34158,0
1,4,34241,0
1,2,34325,0
1,3,34408,0
1,4,34491,0
1,2,34575,0
1,3,34658,0
1,4,34741,0
1,3,34825,0
1,2,34825,0
1,4,34908,0
1,1,34991,0
1,4,35075,0
1,2,35158,0
1,3,35241,0
1,2,35325,0
1,4,35408,0
1,1,35491,0
1,4,35575,0
1,2,35658,0
1,3,35741,0
1,4,35825,0
1,2,35825,0
1,1,35908,0
1,4,35991,0
1,1,36075,0
1,3,36158,0
1,2,36241,0
1,3,36325,0
1,1,36408,0
1,4,36491,0
1,1,36575,0
1,3,36658,0
1,2,36741,0
1,1,36825,0
1,3,36825,0
1,4,36908,0
1,1,36991,0
1,4,37075,0
1,2,37158,0
1,3,37241,0
1,2,37325,0
1,4,37408,0
1,1,37491,0
1,4,37575,0
1,2,37658,0
1,3,37741,0
1,4,37825,0
1,2,37825,0
1,1,37908,0
1,4,37991,0
1,1,38075,0
1,3,38158,0
1,2,38241,0
1,3,38325,0
1,1,38408,0
1,4,38491,0
1,1,38575,0
1,3,38658,0
1,2,38741,0
1,4,38825,0
1,3,38825,0
1,1,38908,0
1,3,38991,0
1,4,39075,0
1,1,39158,0
1,4,39241,0
1,3,39325,0
1,1,39408,0
1,3,39491,0
1,4,39575,0
1,1,39658,0
1,4,39741,0
1,2,39825,0
1,3,39825,0
1,4,39908,0
1,2,39991,0
1,1,40075,0
1,4,40158,0
1,1,40241,0
1,2,40325,0
1,4,40408,0
1,2,40491,0
1,1,40575,0
1,4,40658,0
1,1,40741,0
1,3,40825,0
1,2,40825,0
1,1,40908,0
1,3,40991,0
1,4,41075,0
1,1,41158,0
1,4,41241,0
1,3,41325,0
1,1,41408,0
1,3,41491,0
1,4,41575,0
1,1,41658,0
1,4,41741,0
1,2,41825,0
1,3,41825,0
1,4,41908,0
1,2,41991,0
1,1,42075,0
1,4,42158,0
1,1,42241,0
1,2,42325,0
1,4,42408,0
1,2,42491,0
1,1,42575,0
1,4,42658,0
1,1,42741,0
2,3,42825,43325
2,2,42825,43325
1,4,43325,0
1,1,43325,0
1,1,43575,0
1,2,43700,0
1,3,43825,0
1,4,43825,0
1,2,44075,0
1,3,44075,0
1,4,44075,0
1,1,44325,0
1,2,44325,0
1,3,44325,0
1,1,44575,0
1,2,44637,0
1,3,44700,0
1,4,44700,0
1,3,44825,0
1,4,44825,0
1,4,44950,0
1,3,44950,0
1,4,45200,0
1,3,45200,0
1,2,45200,0
1,4,45450,0
1,3,45450,0
1,1,45575,0
1,2,45575,0
1,3,45825,0
1,4,45825,0
1,2,45825,0
1,1,46075,0
1,2,46075,0
1,3,46075,0
1,3,46325,0
1,4,46325,0
1,2,46325,0
1,1,46575,0
1,2,46575,0
1,3,46575,0
1,1,46700,0
1,2,46762,0
1,1,46825,0
1,3,46825,0
1,1,47325,0
1,4,47325,0
1,1,47575,0
1,4,47575,0
1,1,47825,0
1,3,47825,0
1,2,47950,0
1,4,47950,0
1,1,48075,0
1,3,48075,0
1,2,48200,0
1,4,48200,0
1,1,48325,0
1,3,48325,0
1,2,48450,0
1,4,48450,0
1,3,48575,0
1,1,48575,0
1,2,48825,0
1,3,48825,0
2,4,48825,49325
2,1,48825,49825
1,2,49075,0
1,3,49075,0
2,3,49325,49825
1,2,49325,0
1,2,49575,0
1,4,49575,0
1,2,49825,0
1,4,49825,0
1,2,49950,0
1,4,49950,0
1,2,50200,0
1,3,50200,0
1,2,50450,0
1,3,50450,0
1,1,50575,0
1,2,50575,0
1,3,50575,0
1,4,50575,0
2,1,50825,51325
2,2,50825,51325
1,3,50825,0
1,4,50825,0
1,3,51075,0
1,4,51325,0
1,3,51325,0
2,3,51575,51825
2,4,51575,51825
2,2,51825,52075
2,1,51825,52075
1,3,52075,0
1,4,52075,0
1,4,52325,0
1,3,52325,0
1,2,52325,0
1,1,52325,0
1,4,52575,0
1,3,52637,0
1,1,52700,0
1,2,52700,0
1,2,52825,0
1,1,52825,0
1,1,52950,0
1,2,52950,0
1,1,53200,0
1,2,53200,0
1,3,53200,0
1,1,53450,0
1,2,53450,0
1,4,53575,0
1,3,53575,0
1,2,53825,0
1,1,53825,0
1,3,53825,0
1,4,54075,0
1,3,54075,0
1,2,54075,0
1,2,54325,0
1,1,54325,0
1,3,54325,0
1,4,54575,0
1,3,54575,0
1,2,54575,0
1,4,54700,0
1,3,54762,0
1,4,54825,0
1,2,54825,0
1,4,55137,0
1,1,55137,0
1,3,55200,0
1,2,55262,0
1,4,55325,0
1,1,55325,0
1,4,55575,0
1,1,55575,0
1,2,55637,0
1,3,55700,0
1,4,55762,0
1,1,55762,0
1,2,55950,0
1,4,55950,0
1,1,56075,0
1,3,56075,0
1,2,56200,0
1,4,56200,0
1,1,56325,0
1,3,56325,0
1,2,56450,0
1,4,56450,0
1,1,56575,0
1,3,56575,0
1,3,56825,0
1,2,56825,0
2,1,56825,57325
2,4,56825,57825
1,3,57075,0
1,2,57075,0
2,2,57325,57825
1,3,57325,0
1,3,57575,0
1,1,57575,0
1,3,57825,0
1,1,57825,0
1,3,57950,0
1,1,57950,0
1,3,58200,0
1,2,58200,0
1,3,58450,0
1,2,58450,0
1,4,58575,0
1,3,58575,0
1,2,58575,0
1,1,58575,0
1,3,58700,0
1,2,58762,0
2,1,58825,60825
1,3,59075,0
1,4,59075,0
1,2,59325,0
1,4,59325,0
1,3,59575,0
1,2,59575,0
2,4,59825,60825
1,2,59825,0
1,3,60075,0
1,2,60325,0
1,3,60575,0
1,2,60700,0
2,3,60825,62825
1,1,61075,0
1,4,61075,0
1,2,61325,0
1,4,61325,0
1,1,61575,0
1,2,61575,0
2,2,61825,62825
1,4,61825,0
1,1,62075,0
1,4,62325,0
1,1,62575,0
1,4,62825,0
2,1,62825,64825
1,3,63075,0
1,2,63075,0
1,4,63325,0
1,2,63325,0
1,3,63575,0
1,4,63575,0
2,2,63825,64825
1,4,63825,0
1,3,64075,0
1,4,64325,0
1,3,64575,0
2,4,64825,66825
1,3,64825,0
1,1,65075,0
1,2,65075,0
1,2,65325,0
1,3,65325,0
1,1,65575,0
1,2,65575,0
1,2,65825,0
2,3,65825,66825
1,1,66075,0
1,2,66325,0
1,1,66575,0
2,1,66825,68825
1,2,66825,0
1,3,67075,0
1,2,67075,0
1,4,67325,0
1,2,67325,0
1,3,67575,0
1,4,67575,0
1,2,67825,0
2,4,67825,68825
1,3,68075,0
1,2,68325,0
1,3,68575,0
1,2,68700,0
2,2,68825,70825
1,4,69075,0
1,3,69075,0
1,1,69325,0
1,3,69325,0
1,4,69575,0
1,1,69575,0
1,1,69825,0
2,3,69825,70825
1,4,70075,0
1,1,70325,0
1,4,70575,0
2,4,70825,72825
1,1,70825,0
1,2,71075,0
1,3,71075,0
1,1,71325,0
1,3,71325,0
1,2,71575,0
1,1,71575,0
1,1,71825,0
2,3,71825,72825
1,2,72075,0
1,1,72325,0
1,2,72575,0
2,1,72825,74575
1,4,73075,0
1,3,73075,0
1,3,73325,0
1,2,73325,0
1,4,73575,0
1,3,73575,0
1,3,73825,0
2,2,73825,74575
1,4,74075,0
1,3,74325,0
1,4,74575,0
1,1,74700,0
1,2,74762,0
1,3,74825,0
1,4,74825,0
1,3,75075,0
1,4,75075,0
1,3,75200,0
1,4,75200,0
2,1,75200,76325
1,4,75450,0
1,3,75512,0
1,2,75575,0
1,2,75700,0
1,3,75700,0
1,2,75825,0
1,3,75825,0
1,4,75825,0
1,3,75950,0
1,4,75950,0
1,3,76075,0
1,4,76075,0
2,2,76325,76575
1,3,76325,0
1,4,76325,0
2,3,76575,76825
1,1,76575,0
1,4,76575,0
2,4,76825,77200
1,1,76825,0
1,2,76825,0
1,2,77075,0
1,3,77075,0
2,1,77200,77637
1,2,77200,0
1,3,77200,0
1,3,77512,0
1,4,77512,0
2,2,77637,78325
1,3,77637,0
1,4,77637,0
1,3,77825,0
1,4,77825,0
1,1,78075,0
1,3,78075,0
1,4,78700,0
1,3,78762,0
1,1,78825,0
1,4,78825,0
1,2,78825,0
1,1,78950,0
1,3,78950,0
1,4,78950,0
1,1,79325,0
1,3,79325,0
1,2,79575,0
1,4,79575,0
1,3,79700,0
1,3,79825,0
2,1,79825,80325
1,2,80075,0
1,3,80075,0
1,3,80325,0
2,4,80325,80825
1,2,80575,0
1,3,80575,0
2,1,80825,82575
1,2,80825,0
1,2,81075,0
1,3,81075,0
1,4,81325,0
2,2,81325,82512
1,4,81575,0
2,3,81825,82450
1,4,81825,0
1,4,82075,0
1,4,82325,0
1,2,82637,0
1,3,82700,0
1,4,82762,0
1,1,82825,0
1,2,82825,0
1,3,82825,0
1,1,83075,0
1,2,83075,0
1,1,83200,0
1,2,83200,0
1,1,83575,0
1,2,83637,0
1,3,83700,0
1,4,83700,0
1,3,83825,0
1,4,83825,0
1,3,83950,0
1,4,83950,0
1,3,84075,0
1,4,84075,0
1,3,84325,0
1,2,84325,0
1,2,84575,0
1,4,84575,0
1,4,84825,0
1,1,84825,0
1,2,84825,0
1,2,84950,0
1,1,85075,0
1,2,85200,0
1,3,85325,0
1,4,85325,0
1,2,85325,0
1,1,85325,0
1,3,85450,0
1,2,85575,0
1,3,85700,0
1,4,85825,0
1,1,85825,0
1,2,85825,0
1,3,85950,0
1,2,86075,0
1,3,86200,0
1,1,86325,0
1,2,86325,0
1,4,86325,0
1,3,86450,0
1,4,86575,0
1,2,86575,0
1,3,86575,0
1,1,86700,0
1,1,86825,0
1,4,86825,0
1,3,86825,0
1,3,86950,0
1,3,87075,0
1,3,87200,0
1,2,87325,0
1,4,87325,0
1,1,87325,0
1,3,87450,0
1,2,87575,0
1,1,87700,0
1,2,87700,0
1,2,87825,0
1,3,87825,0
1,3,87950,0
1,4,87950,0
1,3,88075,0
1,2,88200,0
1,3,88325,0
1,1,88325,0
1,4,88325,0
1,2,88450,0
1,3,88575,0
1,4,88700,0
1,1,88825,0
1,2,88825,0
1,3,88825,0
1,4,88950,0
1,1,89075,0
1,3,89200,0
1,2,89325,0
1,1,89325,0
1,4,89325,0
1,3,89325,0
1,3,89450,0
1,1,89575,0
1,4,89700,0
1,1,89825,0
1,2,89825,0
1,3,89825,0
1,4,89825,0
1,3,89950,0
1,1,90075,0
1,3,90200,0
1,1,90325,0
1,2,90325,0
1,3,90325,0
1,4,90325,0
1,2,90450,0
1,3,90450,0
1,2,90575,0
1,3,90575,0
1,1,90825,0
1,2,90825,0
1,3,90825,0
1,4,90825,0
1,1,91075,0
1,2,91075,0
1,3,91200,0
1,4,91325,0
1,2,91325,0
1,1,91450,0
1,2,91575,0
1,3,91575,0
1,4,91700,0
1,1,91700,0
1,1,91825,0
1,2,91950,0
1,4,91950,0
1,3,92075,0
1,2,92200,0
1,3,92200,0
1,1,92325,0
1,4,92450,0
1,1,92450,0
1,3,92700,0
1,2,92762,0
1,1,92825,0
1,3,92825,0
1,4,92825,0
1,1,93137,0
1,2,93137,0
1,2,93262,0
1,1,93387,0
1,2,93387,0
1,2,93575,0
1,3,93700,0
1,4,93700,0
1,3,93825,0
1,4,93825,0
1,2,93950,0
1,1,93950,0
1,4,93950,0
1,2,94200,0
1,3,94200,0
1,4,94200,0
1,1,94450,0
1,4,94450,0
1,3,94450,0
1,3,94700,0
1,2,94762,0
1,1,94825,0
1,3,94825,0
1,4,94825,0
1,2,94950,0
1,1,95075,0
1,4,95075,0
1,3,95200,0
1,2,95325,0
1,4,95325,0
1,1,95450,0
1,2,95575,0
1,3,95575,0
1,1,95700,0
1,4,95700,0
1,1,95950,0
1,2,95950,0
1,3,95950,0
1,4,96387,0
1,2,96387,0
1,1,96387,0
1,1,96575,0
1,2,96575,0
1,4,96575,0
1,1,96825,0
1,2,96825,0
1,4,96825,0
1,2,96950,0
1,3,97075,0
1,2,97200,0
1,1,97325,0
1,3,97325,0
1,4,97325,0
1,2,97450,0
1,3,97575,0
1,2,97700,0
1,1,97825,0
1,3,97825,0
1,4,97825,0
1,2,97950,0
1,3,98075,0
1,2,98200,0
1,1,98325,0
1,3,98325,0
1,4,98325,0
1,1,98825,0
1,2,98825,0
1,3,98825,0
1,2,99200,0
1,3,99200,0
1,4,99200,0
1,1,99575,0
1,2,99575,0
1,3,99575,0
1,3,99950,0
1,4,99950,0
1,2,99950,0
1,1,100325,0
1,3,100325,0
1,4,100325,0
1,2,100575,0
1,1,100575,0
1,4,100575,0
1,1,100825,0
1,2,100825,0
1,3,100825,0
1,2,101200,0
1,3,101200,0
1,4,101200,0
1,1,101575,0
1,2,101575,0
1,3,101575,0
1,2,102075,0
1,3,102075,0
1,4,102075,0
1,1,102325,0
1,3,102325,0
1,4,102325,0
1,1,102575,0
1,2,102575,0
1,4,102575,0
1,1,102825,0
1,4,102825,0
1,3,102825,0
1,2,102825,0
1,2,103075,0
1,3,103075,0
1,2,103200,0
1,3,103200,0
1,1,103450,0
1,4,103450,0
1,4,103700,0
1,3,103700,0
1,3,103950,0
1,2,103950,0
1,2,104200,0
1,1,104200,0
1,1,104450,0
1,2,104512,0
1,3,104575,0
1,4,104637,0
1,3,104700,0
1,2,104762,0
1,1,104825,0
1,2,104887,0
1,3,104950,0
1,2,105012,0
1,3,105075,0
1,2,105137,0
1,3,105200,0
1,2,105262,0
1,3,105325,0
1,4,105325,0
1,1,105387,0
1,2,105387,0
1,3,105450,0
1,4,105450,0
1,2,105512,0
1,1,105512,0
1,4,105575,0
1,3,105575,0
1,1,105637,0
1,2,105637,0
1,3,105700,0
1,4,105700,0
1,1,105762,0
1,2,105762,0
1,3,105825,0
1,4,105825,0
1,1,105887,0
1,2,105887,0
1,3,105950,0
1,4,105950,0
1,1,106012,0
1,2,106012,0
2,3,106075,106825
2,4,106075,106825
2,1,106825,107200
1,2,106950,0
1,3,107075,0
2,3,107200,107575
1,4,107200,0
1,2,107325,0
1,1,107450,0
1,1,107575,0
1,2,107575,0
1,4,107575,0
1,2,107700,0
1,3,107700,0
1,1,107825,0
1,4,107825,0
1,3,107825,0
1,1,108075,0
1,2,108075,0
1,3,108075,0
1,2,108325,0
1,3,108325,0
1,4,108325,0
1,1,108575,0
1,2,108575,0
1,3,108700,0
1,4,108700,0
1,1,108825,0
1,2,108825,0
1,3,109075,0
1,4,109075,0
1,3,109200,0
1,4,109200,0
1,1,109450,0
1,2,109450,0
1,1,109575,0
1,2,109575,0
1,2,109825,0
1,3,109825,0
1,4,109825,0
1,1,110075,0
1,2,110075,0
1,3,110075,0
1,2,110325,0
1,3,110325,0
1,4,110325,0
1,1,110575,0
1,2,110575,0
1,3,110575,0
1,2,110825,0
1,1,110825,0
1,3,110825,0
1,4,110825,0
1,1,111325,0
1,2,111325,0
1,4,111325,0
1,2,111575,0
1,3,111575,0
1,4,111575,0
2,4,111825,112825
1,1,111825,0
1,2,111825,0
2,3,112200,112825
1,1,112200,0
1,2,112200,0
2,2,112575,112825
1,1,112575,0
1,1,112825,0
1,1,113075,0
1,2,113075,0
1,3,113075,0
1,4,113075,0
1,2,113325,0
1,3,113575,0
1,4,113575,0
1,2,113700,0
1,1,113700,0
1,3,114075,0
1,4,114075,0
1,2,114325,0
1,3,114325,0
1,2,114575,0
1,1,114575,0
2,4,114825,115200
1,3,114950,0
1,2,115075,0
2,2,115200,115575
1,1,115200,0
1,3,115325,0
1,4,115450,0
1,4,115575,0
1,3,115575,0
1,1,115575,0
1,3,115700,0
1,2,115700,0
1,4,115825,0
1,1,115825,0
1,2,115825,0
1,4,116075,0
1,3,116075,0
1,2,116075,0
1,3,116325,0
1,2,116325,0
1,1,116325,0
1,4,116575,0
1,3,116575,0
1,2,116700,0
1,1,116700,0
1,4,116825,0
1,3,116825,0
1,2,117075,0
1,1,117075,0
1,2,117200,0
1,1,117200,0
1,4,117450,0
1,3,117450,0
1,4,117575,0
1,3,117575,0
1,3,117825,0
1,2,117825,0
1,1,117825,0
1,4,118075,0
1,3,118075,0
1,2,118075,0
1,3,118325,0
1,2,118325,0
1,1,118325,0
1,4,118575,0
1,3,118575,0
1,2,118575,0
1,3,118825,0
1,4,118825,0
1,2,118825,0
1,1,118825,0
1,4,119325,0
1,3,119325,0
1,1,119325,0
1,3,119575,0
1,2,119575,0
1,1,119575,0
2,1,119825,120825
1,4,119825,0
1,3,119825,0
2,2,120200,120825
1,4,120200,0
1,3,120200,0
2,3,120575,120825
1,4,120575,0
1,4,120825,0
1,4,121075,0
1,3,121075,0
1,2,121075,0
1,1,121075,0
1,3,121325,0
1,2,121575,0
1,1,121575,0
1,3,121700,0
1,4,121700,0
1,2,122075,0
1,1,122075,0
1,3,122325,0
1,2,122325,0
1,3,122575,0
1,4,122575,0
1,1,122825,0
1,2,122908,0
1,4,122991,0
1,3,123075,0
1,1,123158,0
1,2,123241,0
1,4,123325,0
1,3,123408,0
1,1,123491,0
1,2,123575,0
1,2,123741,0
1,3,123825,0
1,4,123908,0
1,2,123991,0
1,1,124075,0
1,3,124158,0
1,4,124241,0
1,2,124325,0
1,1,124408,0
1,3,124491,0
1,4,124575,0
1,2,124658,0
1,1,124741,0
1,2,124825,0
1,3,124908,0
1,4,124991,0
1,3,125075,0
1,2,125158,0
1,1,125241,0
1,2,125325,0
1,3,125408,0
1,4,125491,0
1,3,125575,0
1,2,125658,0
1,1,125741,0
1,4,125825,0
1,3,125908,0
1,2,125991,0
1,1,126075,0
1,4,126158,0
1,3,126241,0
1,2,126325,0
1,1,126408,0
1,4,126491,0
1,3,126575,0
1,2,126658,0
1,1,126741,0
1,2,126825,0
1,3,126908,0
1,4,126991,0
1,1,127075,0
1,2,127158,0
1,3,127241,0
1,4,127325,0
1,1,127408,0
1,2,127491,0
1,3,127575,0
1,4,127658,0
1,1,127741,0
1,2,127825,0
1,3,127908,0
1,4,127991,0
1,3,128075,0
1,2,128158,0
1,1,128241,0
1,2,128325,0
1,3,128408,0
1,4,128491,0
1,3,128575,0
1,2,128658,0
1,1,128741,0
1,2,128825,0
1,3,128908,0
1,4,128991,0
1,3,129075,0
1,2,129158,0
1,1,129241,0
1,2,129325,0
1,3,129408,0
1,4,129491,0
1,2,129575,0
1,3,129658,0
1,4,129741,0
1,3,129825,0
1,4,129908,0
1,3,129991,0
1,4,130075,0
1,3,130158,0
1,4,130241,0
1,3,130325,0
1,4,130408,0
1,3,130491,0
1,4,130575,0
1,2,130741,0
1,1,130825,0
1,2,130908,0
1,1,130991,0
1,2,131075,0
1,1,131158,0
1,2,131241,0
1,1,131325,0
1,2,131408,0
1,1,131491,0
1,2,131575,0
1,3,131741,0
1,4,131825,0
1,3,131908,0
1,4,131991,0
1,3,132075,0
1,4,132158,0
1,3,132241,0
1,4,132325,0
1,3,132408,0
1,4,132491,0
1,3,132575,0
1,2,132741,0
1,1,132825,0
1,2,132908,0
1,1,132991,0
1,2,133075,0
1,1,133158,0
1,2,133241,0
1,1,133325,0
1,2,133408,0
1,1,133491,0
1,2,133575,0
1,1,133658,0
1,2,133741,0
1,1,133825,0
1,2,133908,0
1,3,133991,0
1,4,134075,0
1,3,134158,0
1,2,134241,0
1,1,134325,0
1,2,134408,0
1,3,134491,0
1,4,134575,0
1,3,134658,0
1,2,134741,0
1,1,134825,0
1,3,134825,0
1,4,134825,0
1,2,134908,0
1,3,134991,0
1,4,135075,0
1,3,135158,0
1,2,135241,0
1,1,135325,0
1,2,135408,0
1,3,135491,0
1,4,135575,0
1,3,135658,0
1,2,135741,0
1,1,135825,0
1,3,135825,0
1,4,135825,0
1,2,135908,0
1,3,135991,0
1,4,136075,0
1,3,136158,0
1,2,136241,0
1,1,136325,0
1,2,136408,0
1,3,136491,0
1,4,136575,0
1,3,136658,0
1,2,136741,0
1,1,136825,0
1,3,136825,0
1,4,136825,0
1,2,136908,0
1,3,136991,0
1,4,137075,0
1,3,137158,0
1,2,137241,0
1,1,137325,0
1,2,137408,0
1,3,137491,0
1,4,137575,0
1,3,137658,0
1,2,137741,0
1,1,137825,0
1,3,137825,0
1,4,137825,0
1,2,137908,0
1,3,137991,0
1,4,138075,0
1,3,138158,0
1,2,138241,0
1,1,138325,0
1,2,138408,0
1,3,138491,0
1,4,138575,0
1,3,138658,0
1,2,138741,0
1,4,138825,0
1,3,138825,0
2,1,138825,146825
2,2,146825,147325
2,3,146825,147325
1,1,147325,0
1,4,147325,0
1,4,147575,0
1,3,147700,0
1,1,147825,0
1,2,147825,0
1,1,148075,0
1,2,148075,0
1,3,148075,0
1,2,148325,0
1,3,148325,0
1,4,148325,0
1,4,148575,0
1,3,148637,0
1,1,148700,0
1,2,148700,0
1,1,148825,0
1,2,148825,0
1,2,148950,0
1,1,148950,0
1,3,149200,0
1,2,149200,0
1,1,149200,0
1,2,149450,0
1,1,149450,0
1,3,149575,0
1,4,149575,0
1,3,149825,0
1,1,149825,0
1,2,149825,0
1,2,150075,0
1,3,150075,0
1,4,150075,0
1,3,150325,0
1,1,150325,0
1,2,150325,0
1,2,150575,0
1,3,150575,0
1,4,150575,0
1,4,150700,0
1,3,150762,0
1,2,150825,0
1,4,150825,0
1,1,151325,0
1,4,151325,0
1,1,151575,0
1,4,151575,0
1,2,151825,0
1,4,151825,0
1,1,151950,0
1,3,151950,0
1,2,152075,0
1,4,152075,0
1,1,152200,0
1,3,152200,0
1,2,152325,0
1,4,152325,0
1,1,152450,0
1,3,152450,0
1,4,152575,0
1,2,152575,0
2,1,152825,153325
2,4,152825,153825
1,3,152825,0
1,2,152825,0
1,2,153075,0
1,3,153075,0
1,3,153325,0
2,2,153325,153825
1,1,153575,0
1,3,153575,0
1,1,153825,0
1,3,153825,0
1,1,153950,0
1,3,153950,0
1,2,154200,0
1,3,154200,0
1,2,154450,0
1,3,154450,0
1,2,154575,0
1,1,154575,0
1,4,154575,0
1,3,154575,0
1,2,154825,0
1,1,154825,0
2,4,154825,155325
2,3,154825,155325
1,2,155075,0
1,2,155325,0
1,1,155325,0
2,1,155575,155825
2,2,155575,155825
2,4,155825,156075
2,3,155825,156075
1,1,156075,0
1,2,156075,0
1,3,156325,0
1,4,156325,0
1,1,156325,0
1,2,156325,0
1,1,156575,0
1,2,156637,0
1,3,156700,0
1,4,156700,0
1,4,156825,0
1,3,156825,0
1,3,156950,0
1,4,156950,0
1,2,157200,0
1,3,157200,0
1,4,157200,0
1,3,157450,0
1,4,157450,0
1,2,157575,0
1,1,157575,0
1,2,157825,0
1,4,157825,0
1,3,157825,0
1,3,158075,0
1,2,158075,0
1,1,158075,0
1,2,158325,0
1,4,158325,0
1,3,158325,0
1,3,158575,0
1,2,158575,0
1,1,158575,0
1,1,158700,0
1,2,158762,0
1,3,158825,0
1,1,158825,0
1,4,159137,0
1,1,159137,0
1,2,159200,0
1,3,159262,0
1,4,159325,0
1,1,159325,0
1,4,159575,0
1,1,159575,0
1,3,159637,0
1,2,159700,0
1,4,159762,0
1,1,159762,0
1,1,159950,0
1,3,159950,0
1,2,160075,0
1,4,160075,0
1,1,160200,0
1,3,160200,0
1,2,160325,0
1,4,160325,0
1,1,160450,0
1,3,160450,0
1,2,160575,0
1,4,160575,0
2,4,160825,161325
2,1,160825,161825
1,2,160825,0
1,3,160825,0
1,3,161075,0
1,2,161075,0
1,2,161325,0
2,3,161325,161825
1,4,161575,0
1,2,161575,0
1,4,161825,0
1,2,161825,0
1,4,161950,0
1,2,161950,0
1,3,162200,0
1,2,162200,0
1,3,162450,0
1,2,162450,0
1,3,162575,0
1,4,162575,0
1,1,162575,0
1,2,162575,0
1,2,162700,0
1,3,162762,0
2,4,162825,164825
1,1,163075,0
1,2,163075,0
1,1,163325,0
1,3,163325,0
1,3,163575,0
1,2,163575,0
1,3,163825,0
2,1,163825,164825
1,2,164075,0
1,3,164325,0
1,2,164575,0
1,3,164700,0
2,2,164825,166825
1,1,165075,0
1,4,165075,0
1,1,165325,0
1,3,165325,0
1,3,165575,0
1,4,165575,0
1,1,165825,0
2,3,165825,166825
1,4,166075,0
1,1,166325,0
1,4,166575,0
2,4,166825,168825
1,1,166825,0
1,3,167075,0
1,2,167075,0
1,3,167325,0
1,1,167325,0
1,1,167575,0
1,2,167575,0
1,1,167825,0
2,3,167825,168825
1,2,168075,0
1,1,168325,0
1,2,168575,0
1,2,168825,0
2,1,168825,170825
1,3,169075,0
1,4,169075,0
1,2,169325,0
1,3,169325,0
1,3,169575,0
1,4,169575,0
2,2,169825,170825
1,3,169825,0
1,4,170075,0
1,3,170325,0
1,4,170575,0
1,3,170825,0
2,4,170825,172825
1,3,171075,0
1,2,171075,0
1,3,171325,0
1,1,171325,0
1,1,171575,0
1,2,171575,0
2,1,171825,172825
1,3,171825,0
1,2,172075,0
1,3,172325,0
1,2,172575,0
1,3,172700,0
2,3,172825,174825
1,2,173075,0
1,1,173075,0
1,2,173325,0
1,4,173325,0
1,4,173575,0
1,1,173575,0
2,2,173825,174825
1,4,173825,0
1,1,174075,0
1,4,174325,0
1,1,174575,0
1,4,174825,0
2,1,174825,176825
1,2,175075,0
1,3,175075,0
1,2,175325,0
1,4,175325,0
1,4,175575,0
1,3,175575,0
2,2,175825,176825
1,4,175825,0
1,3,176075,0
1,4,176325,0
1,3,176575,0
2,4,176825,178575
1,2,177075,0
1,1,177075,0
1,3,177325,0
1,2,177325,0
1,2,177575,0
1,1,177575,0
2,3,177825,178575
1,2,177825,0
1,1,178075,0
1,2,178325,0
1,1,178575,0
1,4,178700,0
1,3,178762,0
1,1,178825,0
1,2,178825,0
1,1,179075,0
1,2,179075,0
2,4,179200,180325
1,1,179200,0
1,2,179200,0
1,1,179450,0
1,2,179512,0
1,3,179575,0
1,2,179700,0
1,3,179700,0
1,1,179825,0
1,2,179825,0
1,3,179825,0
1,1,179950,0
1,2,179950,0
1,1,180075,0
1,2,180075,0
1,1,180325,0
1,2,180325,0
2,3,180325,180575
1,1,180575,0
1,4,180575,0
2,2,180575,180825
1,3,180825,0
1,4,180825,0
2,1,180825,181200
1,2,181075,0
1,3,181075,0
1,2,181200,0
1,3,181200,0
2,4,181200,181637
1,1,181512,0
1,2,181512,0
1,1,181637,0
1,2,181637,0
2,3,181637,182325
1,1,182325,0
1,2,182325,0
1,4,182325,0
1,1,182575,0
1,2,182637,0
1,3,182700,0
1,1,182700,0
1,4,182700,0
1,1,182825,0
1,2,182825,0
1,4,182825,0
1,2,183325,0
1,4,183325,0
1,1,183575,0
1,3,183575,0
1,2,183700,0
2,4,183825,184325
1,2,183825,0
1,2,184075,0
1,3,184075,0
2,1,184325,184825
1,2,184325,0
1,2,184575,0
1,3,184575,0
1,3,184825,0
2,4,184825,186575
1,2,185075,0
1,3,185075,0
2,3,185325,186512
1,1,185325,0
1,1,185575,0
1,1,185825,0
2,2,185825,186450
1,1,186075,0
1,1,186325,0
1,3,186637,0
1,2,186700,0
1,1,186762,0
1,2,186825,0
1,3,186825,0
1,4,186825,0
1,3,187075,0
1,4,187075,0
1,3,187200,0
1,4,187200,0
1,4,187575,0
1,3,187637,0
1,1,187700,0
1,2,187700,0
1,1,187825,0
1,2,187825,0
1,1,187950,0
1,2,187950,0
1,1,188075,0
1,2,188075,0
1,3,188325,0
1,2,188325,0
1,1,188575,0
1,3,188575,0
1,3,188825,0
1,4,188825,0
1,1,188825,0
1,3,188950,0
1,4,189075,0
1,3,189200,0
1,3,189325,0
1,4,189325,0
1,2,189325,0
1,1,189325,0
1,2,189450,0
1,3,189575,0
1,2,189700,0
1,3,189825,0
1,4,189825,0
1,1,189825,0
1,2,189950,0
1,3,190075,0
1,2,190200,0
1,1,190325,0
1,3,190325,0
1,4,190325,0
1,2,190450,0
1,2,190575,0
1,3,190575,0
1,1,190575,0
1,4,190700,0
1,2,190825,0
1,1,190825,0
1,4,190825,0
1,2,190950,0
1,2,191075,0
1,2,191200,0
1,4,191325,0
1,1,191325,0
1,3,191325,0
1,2,191450,0
1,3,191575,0
1,3,191700,0
1,4,191700,0
1,2,191825,0
1,3,191825,0
1,1,191950,0
1,2,191950,0
1,2,192075,0
1,3,192200,0
1,1,192325,0
1,4,192325,0
1,2,192325,0
1,3,192450,0
1,2,192575,0
1,1,192700,0
1,2,192825,0
1,3,192825,0
1,4,192825,0
1,1,192950,0
1,4,193075,0
1,2,193200,0
1,1,193325,0
1,2,193325,0
1,3,193325,0
1,4,193325,0
1,2,193450,0
1,4,193575,0
1,1,193700,0
1,2,193825,0
1,1,193825,0
1,4,193825,0
1,3,193825,0
1,2,193950,0
1,4,194075,0
1,2,194200,0
1,2,194325,0
1,1,194325,0
1,4,194325,0
1,3,194325,0
1,2,194450,0
1,3,194450,0
1,2,194575,0
1,3,194575,0
1,2,194825,0
1,1,194825,0
1,4,194825,0
1,3,194825,0
1,3,195075,0
1,4,195075,0
1,2,195200,0
1,3,195325,0
1,1,195325,0
1,4,195450,0
1,2,195575,0
1,3,195575,0
1,4,195700,0
1,1,195700,0
1,4,195825,0
1,1,195950,0
1,3,195950,0
1,2,196075,0
1,2,196200,0
1,3,196200,0
1,4,196325,0
1,4,196450,0
1,1,196450,0
1,2,196700,0
1,3,196762,0
1,1,196825,0
1,2,196825,0
1,4,196825,0
1,3,197137,0
1,4,197137,0
1,3,197262,0
1,3,197387,0
1,4,197387,0
1,3,197575,0
1,1,197700,0
1,2,197700,0
1,1,197825,0
1,2,197825,0
1,1,197950,0
1,4,197950,0
1,3,197950,0
1,1,198200,0
1,2,198200,0
1,3,198200,0
1,2,198450,0
1,1,198450,0
1,4,198450,0
1,2,198700,0
1,3,198762,0
1,1,198825,0
1,2,198825,0
1,4,198825,0
1,3,198950,0
1,1,199075,0
1,4,199075,0
1,2,199200,0
1,1,199325,0
1,3,199325,0
1,4,199450,0
1,2,199575,0
1,3,199575,0
1,1,199700,0
1,4,199700,0
1,2,199825,0
1,3,199825,0
1,4,199825,0
1,4,200387,0
1,3,200387,0
1,1,200387,0
1,1,200575,0
1,3,200575,0
1,4,200575,0
1,1,200825,0
1,3,200825,0
1,4,200825,0
1,3,200950,0
1,2,201075,0
1,3,201200,0
1,1,201325,0
1,2,201325,0
1,4,201325,0
1,3,201450,0
1,2,201575,0
1,3,201700,0
1,1,201825,0
1,2,201825,0
1,4,201825,0
1,3,201950,0
1,2,202075,0
1,3,202200,0
1,1,202325,0
1,2,202325,0
1,4,202325,0
1,2,202825,0
1,3,202825,0
1,4,202825,0
1,1,203200,0
1,2,203200,0
1,3,203200,0
1,2,203575,0
1,3,203575,0
1,4,203575,0
1,3,203950,0
1,1,203950,0
1,2,203950,0
1,1,204325,0
1,2,204325,0
1,4,204325,0
1,1,204575,0
1,4,204575,0
1,3,204575,0
1,2,204825,0
1,3,204825,0
1,4,204825,0
1,1,205200,0
1,2,205200,0
1,3,205200,0
1,2,205575,0
1,3,205575,0
1,4,205575,0
1,1,206075,0
1,2,206075,0
1,3,206075,0
1,1,206325,0
1,2,206325,0
1,4,206325,0
1,1,206575,0
1,3,206575,0
1,4,206575,0
1,2,206825,0
1,3,206825,0
1,4,206825,0
1,1,206825,0
1,2,207075,0
1,3,207075,0
1,2,207200,0
1,3,207200,0
1,1,207450,0
1,4,207450,0
1,2,207700,0
1,1,207700,0
1,3,207950,0
1,2,207950,0
1,4,208200,0
1,3,208200,0
1,4,208450,0
1,3,208512,0
1,2,208575,0
1,1,208637,0
1,2,208700,0
1,3,208762,0
1,4,208825,0
1,3,208887,0
1,2,208950,0
1,3,209012,0
1,2,209075,0
1,3,209137,0
1,2,209200,0
1,3,209262,0
1,1,209325,0
1,2,209325,0
1,3,209387,0
1,4,209387,0
1,1,209450,0
1,2,209450,0
1,4,209512,0
1,3,209512,0
1,2,209575,0
1,1,209575,0
1,3,209637,0
1,4,209637,0
1,1,209700,0
1,2,209700,0
1,3,209762,0
1,4,209762,0
1,1,209825,0
1,2,209825,0
1,3,209887,0
1,4,209887,0
1,1,209950,0
1,2,209950,0
1,3,210012,0
1,4,210012,0
2,1,210075,210825
2,2,210075,210825
2,4,210825,211200
1,3,210950,0
1,2,211075,0
1,1,211200,0
2,2,211200,211575
1,3,211325,0
1,4,211450,0
1,1,211575,0
1,3,211575,0
1,4,211575,0
1,2,211700,0
1,3,211700,0
1,2,211825,0
1,1,211825,0
1,4,211825,0
1,2,212075,0
1,3,212075,0
1,4,212075,0
1,1,212325,0
1,2,212325,0
1,3,212325,0
1,3,212575,0
1,4,212575,0
1,1,212700,0
1,2,212700,0
1,3,212825,0
1,4,212825,0
1,1,213075,0
1,2,213075,0
1,1,213200,0
1,2,213200,0
1,3,213450,0
1,4,213450,0
1,3,213575,0
1,4,213575,0
1,1,213825,0
1,2,213825,0
1,3,213825,0
1,2,214075,0
1,3,214075,0
1,4,214075,0
1,1,214325,0
1,2,214325,0
1,3,214325,0
1,2,214575,0
1,3,214575,0
1,4,214575,0
1,2,214825,0
1,1,214825,0
1,3,214825,0
1,4,214825,0
1,1,215325,0
1,3,215325,0
1,4,215325,0
1,1,215575,0
1,2,215575,0
1,3,215575,0
1,3,215825,0
1,4,215825,0
2,1,215825,216825
1,3,216200,0
1,4,216200,0
2,2,216200,216825
1,4,216575,0
2,3,216575,216825
1,4,216825,0
1,2,217075,0
1,1,217075,0
1,4,217075,0
1,3,217075,0
1,3,217325,0
1,1,217575,0
1,2,217575,0
1,4,217700,0
1,3,217700,0
1,1,218075,0
1,2,218075,0
1,2,218325,0
1,3,218325,0
1,4,218575,0
1,3,218575,0
2,1,218825,219200
1,2,218950,0
1,3,219075,0
1,4,219200,0
2,3,219200,219575
1,2,219325,0
1,1,219450,0
1,4,219575,0
1,2,219575,0
1,1,219575,0
1,3,219700,0
1,2,219700,0
1,3,219825,0
1,4,219825,0
1,1,219825,0
1,3,220075,0
1,2,220075,0
1,1,220075,0
1,4,220325,0
1,3,220325,0
1,2,220325,0
1,2,220575,0
1,1,220575,0
1,4,220700,0
1,3,220700,0
1,2,220825,0
1,1,220825,0
1,4,221075,0
1,3,221075,0
1,4,221200,0
1,3,221200,0
1,2,221450,0
1,1,221450,0
1,2,221575,0
1,1,221575,0
1,4,221825,0
1,3,221825,0
1,2,221825,0
1,3,222075,0
1,2,222075,0
1,1,222075,0
1,4,222325,0
1,3,222325,0
1,2,222325,0
1,3,222575,0
1,2,222575,0
1,1,222575,0
1,3,222825,0
1,4,222825,0
1,2,222825,0
1,1,222825,0
1,4,223325,0
1,2,223325,0
1,1,223325,0
1,4,223575,0
1,3,223575,0
1,2,223575,0
1,2,223825,0
1,1,223825,0
2,4,223825,224825
1,2,224200,0
1,1,224200,0
2,3,224200,224825
1,1,224575,0
2,2,224575,224825
1,1,224825,0
1,3,225075,0
1,4,225075,0
1,1,225075,0
1,2,225075,0
1,2,225325,0
1,4,225575,0
1,3,225575,0
1,1,225700,0
1,2,225700,0
1,4,226075,0
1,3,226075,0
1,3,226325,0
1,2,226325,0
1,1,226575,0
1,2,226575,0
1,4,226825,0
1,3,226903,0
1,1,226991,0
1,2,227075,0
1,4,227153,0
1,3,227241,0
1,1,227325,0
1,2,227403,0
1,4,227491,0
1,3,227575,0
1,1,227658,0
1,2,227825,0
1,1,227908,0
1,3,227991,0
1,4,228075,0
1,2,228153,0
1,1,228241,0
1,3,228325,0
1,4,228418,0
1,2,228491,0
1,1,228575,0
1,3,228658,0
1,4,228741,0
1,3,228825,0
1,2,228908,0
1,1,228991,0
1,2,229075,0
1,3,229158,0
1,4,229241,0
1,3,229325,0
1,2,229418,0
1,1,229491,0
1,2,229575,0
1,3,229653,0
1,4,229731,0
1,1,229825,0
1,2,229908,0
1,3,229991,0
1,4,230075,0
1,1,230158,0
1,2,230241,0
1,3,230325,0
1,4,230408,0
1,1,230491,0
1,2,230575,0
1,3,230658,0
1,4,230741,0
1,3,230825,0
1,2,230908,0
1,1,230991,0
1,4,231075,0
1,3,231158,0
1,2,231241,0
1,1,231325,0
1,4,231408,0
1,3,231491,0
1,2,231575,0
1,1,231658,0
1,4,231741,0
1,3,231825,0
1,2,231908,0
1,1,231991,0
1,2,232075,0
1,3,232158,0
1,4,232241,0
1,3,232325,0
1,2,232408,0
1,1,232491,0
1,2,232575,0
1,3,232658,0
1,4,232741,0
1,3,232825,0
1,2,232908,0
1,1,232991,0
1,2,233075,0
1,3,233158,0
1,4,233241,0
1,3,233325,0
1,2,233408,0
1,1,233491,0
1,2,233575,0
1,1,233741,0
1,2,233825,0
1,1,233908,0
1,2,233991,0
1,1,234075,0
1,2,234158,0
1,1,234241,0
1,2,234325,0
1,1,234408,0
1,2,234491,0
1,1,234575,0
1,3,234741,0
1,4,234825,0
1,3,234908,0
1,4,234991,0
1,3,235075,0
1,4,235158,0
1,3,235241,0
1,4,235325,0
1,3,235408,0
1,4,235491,0
1,3,235575,0
1,2,235741,0
1,1,235825,0
1,2,235908,0
1,1,235991,0
1,2,236075,0
1,1,236158,0
1,2,236241,0
1,1,236325,0
1,2,236408,0
1,1,236491,0
1,2,236575,0
1,3,236741,0
1,4,236825,0
1,3,236908,0
1,4,236991,0
1,3,237075,0
1,4,237158,0
1,3,237241,0
1,4,237325,0
1,3,237408,0
1,4,237491,0
1,3,237575,0
1,4,237658,0
1,3,237741,0
1,4,237825,0
1,3,237908,0
1,2,237991,0
1,1,238075,0
1,2,238158,0
1,3,238241,0
1,4,238325,0
1,3,238408,0
1,2,238491,0
1,1,238575,0
1,2,238658,0
1,3,238741,0
1,1,238825,0
1,2,238825,0
1,4,238825,0
1,3,238908,0
1,2,238991,0
1,1,239075,0
1,2,239158,0
1,3,239241,0
1,4,239325,0
1,3,239408,0
1,2,239491,0
1,1,239575,0
1,2,239658,0
1,3,239741,0
1,1,239825,0
1,2,239825,0
1,4,239825,0
1,3,239908,0
1,2,239991,0
1,1,240075,0
1,2,240158,0
1,3,240241,0
1,4,240325,0
1,3,240408,0
1,2,240491,0
1,1,240575,0
1,2,240658,0
1,3,240741,0
1,1,240825,0
1,2,240825,0
1,4,240825,0
1,3,240908,0
1,2,240991,0
1,1,241075,0
1,2,241158,0
1,3,241241,0
1,4,241325,0
1,3,241408,0
1,2,241491,0
1,1,241575,0
1,2,241658,0
1,3,241741,0
1,1,241825,0
1,2,241825,0
1,4,241825,0
1,3,241908,0
1,2,241991,0
1,1,242075,0
1,2,242158,0
1,3,242241,0
1,4,242325,0
1,3,242408,0
1,2,242491,0
1,1,242575,0
1,2,242658,0
1,3,242741,0
1,1,242825,0
1,2,242825,0
1,4,242825,0
1,1,243075,0
1,4,243075,0
1,3,243075,0
1,1,243325,0
1,4,243325,0
1,2,243325,0
1,1,243575,0
1,3,243575,0
1,4,243575,0
1,2,243825,0
1,3,243825,0
1,4,243825,0
1,1,244075,0
1,2,244075,0
1,3,244075,0
1,2,244325,0
1,3,244325,0
1,4,244325,0
1,1,244575,0
1,3,244575,0
1,2,244575,0
1,1,244825,0
1,2,244825,0
1,4,244825,0
1,1,245075,0
1,3,245075,0
1,4,245075,0
1,2,245325,0
1,4,245325,0
1,1,245325,0
1,1,245575,0
1,3,245575,0
1,4,245575,0
1,1,245825,0
1,2,245825,0
1,3,245825,0
1,2,246075,0
1,3,246075,0
1,4,246075,0
1,1,246325,0
1,2,246325,0
1,3,246325,0
1,2,246575,0
1,3,246575,0
1,4,246575,0
1,2,246825,0
1,1,246825,0
1,3,246918,0
1,4,246918,0
1,1,246996,0
1,2,246996,0
1,3,247075,0
1,4,247075,0
1,3,247325,0
1,4,247325,0
1,2,247418,0
1,1,247418,0
1,3,247496,0
1,4,247496,0
1,1,247575,0
1,2,247575,0
1,1,247825,0
1,2,247825,0
1,3,247918,0
1,4,247918,0
1,1,247996,0
1,2,247996,0
1,3,248075,0
1,4,248075,0
1,3,248325,0
1,4,248325,0
1,1,248418,0
1,2,248418,0
1,3,248496,0
1,4,248496,0
1,1,248575,0
1,2,248575,0
1,1,248825,0
1,2,248825,0
1,3,248825,0
1,4,248825,0
1,4,248950,0
1,1,249075,0
1,3,249075,0
1,2,249075,0
1,1,249200,0
1,2,249325,0
1,3,249325,0
1,4,249325,0
1,3,249450,0
1,2,249575,0
1,1,249575,0
1,4,249575,0
1,2,249700,0
1,3,249825,0
1,4,249825,0
1,1,249825,0
1,3,249950,0
1,1,250075,0
1,2,250075,0
1,3,250075,0
1,2,250200,0
1,2,250325,0
1,3,250325,0
1,4,250325,0
1,3,250450,0
1,1,250575,0
1,2,250575,0
1,3,250575,0
1,1,250700,0
1,4,250825,0
1,1,250825,0
1,2,250908,0
1,3,250991,0
1,4,251075,0
1,3,251158,0
1,2,251241,0
1,1,251325,0
1,2,251408,0
1,3,251491,0
1,4,251575,0
1,3,251658,0
1,2,251741,0
1,1,251825,0
1,4,251825,0
1,2,251908,0
1,3,251991,0
1,4,252075,0
1,3,252158,0
1,2,252241,0
1,1,252325,0
1,2,252408,0
1,3,252491,0
1,4,252575,0
1,3,252658,0
1,2,252741,0
1,4,252825,0
1,1,252825,0
1,2,252908,0
1,3,252991,0
1,1,253075,0
1,2,253158,0
1,3,253241,0
1,1,253325,0
1,2,253408,0
1,3,253491,0
1,1,253575,0
1,2,253658,0
1,3,253741,0
1,4,253825,0
1,1,253825,0
1,3,253908,0
1,4,253991,0
1,2,254075,0
1,3,254158,0
1,4,254241,0
1,2,254325,0
1,3,254408,0
1,4,254491,0
1,2,254575,0
1,3,254658,0
1,4,254741,0
1,2,254825,0
1,1,254825,0
1,3,254908,0
1,2,254991,0
1,1,255075,0
1,2,255158,0
1,3,255241,0
1,4,255325,0
1,3,255408,0
1,2,255491,0
1,1,255575,0
1,2,255658,0
1,3,255741,0
1,4,255825,0
1,2,255825,0
1,3,255908,0
1,2,255991,0
1,1,256075,0
1,2,256158,0
1,3,256241,0
1,4,256325,0
1,3,256408,0
1,2,256491,0
1,1,256575,0
1,2,256658,0
1,3,256741,0
1,2,256825,0
1,4,256825,0
1,3,256908,0
1,2,256991,0
1,4,257075,0
1,3,257158,0
1,2,257241,0
1,4,257325,0
1,3,257408,0
1,2,257491,0
1,4,257575,0
1,3,257658,0
1,2,257741,0
1,1,257825,0
1,3,257825,0
1,2,257903,0
1,1,257991,0
1,3,258075,0
1,2,258153,0
1,1,258241,0
1,3,258325,0
1,2,258408,0
1,1,258491,0
1,3,258575,0
1,2,258658,0
1,1,258741,0
2,4,258825,259825
1,2,258825,0
2,3,259325,259825
2,1,259825,260825
2,2,260325,260825
2,3,260825,262825
2,4,261325,262825
2,1,261825,262825
2,2,262325,262825
1,3,263075,0
1,4,263075,0
1,1,263325,0
1,2,263325,0
1,3,263575,0
1,4,263575,0
1,1,263825,0
1,2,263825,0
1,3,263825,0
1,3,264075,0
1,2,264075,0
1,4,264075,0
1,1,264325,0
1,2,264325,0
1,3,264325,0
1,2,264575,0
1,3,264575,0
1,4,264575,0
1,1,264825,0
1,2,264825,0
1,4,264825,0
1,1,265075,0
1,3,265075,0
1,4,265075,0
1,1,265325,0
1,2,265325,0
1,4,265325,0
1,1,265575,0
1,3,265575,0
1,4,265575,0
1,1,265825,0
1,2,265825,0
1,3,265825,0
1,2,266075,0
1,3,266075,0
1,4,266075,0
1,1,266325,0
1,2,266325,0
1,3,266325,0
1,4,266325,0
1,1,266575,0
1,2,266575,0
1,3,266637,0
1,4,266637,0
1,1,266700,0
1,2,266700,0
1,3,266762,0
1,4,266762,0
1,1,266825,0
1,2,266825,0
1,1,266950,0
1,2,266950,0
1,1,267075,0
1,2,267075,0
1,1,267200,0
1,2,267200,0
1,1,267325,0
1,2,267325,0
1,1,267450,0
1,2,267450,0
1,1,267575,0
1,2,267575,0
1,1,267700,0
1,2,267700,0
1,3,267825,0
1,4,267825,0
1,3,267950,0
1,4,267950,0
1,3,268075,0
1,4,268075,0
1,3,268200,0
1,4,268200,0
1,3,268325,0
1,4,268325,0
1,3,268450,0
1,4,268450,0
1,3,268575,0
1,4,268575,0
1,3,268700,0
1,4,268700,0
1,1,268825,0
1,3,268825,0
1,1,268950,0
1,3,268950,0
1,1,269075,0
1,3,269075,0
1,1,269200,0
1,3,269200,0
1,2,269325,0
1,4,269325,0
1,2,269450,0
1,4,269450,0
1,2,269575,0
1,4,269575,0
1,2,269700,0
1,4,269700,0
1,2,269825,0
1,3,269825,0
1,1,269950,0
1,4,269950,0
1,2,270075,0
1,3,270075,0
1,1,270200,0
1,4,270200,0
1,2,270325,0
1,3,270325,0
1,1,270450,0
1,4,270450,0
1,2,270575,0
1,3,270575,0
1,1,270700,0
1,4,270700,0
1,1,270825,0
1,2,270825,0
1,1,270950,0
1,2,270950,0
1,1,271075,0
1,2,271075,0
1,1,271200,0
1,2,271200,0
1,3,271325,0
1,4,271325,0
1,3,271450,0
1,4,271450,0
1,3,271575,0
1,4,271575,0
1,3,271700,0
1,4,271700,0
1,1,271825,0
1,2,271825,0
1,3,271825,0
1,1,271950,0
1,2,271950,0
1,3,271950,0
1,1,272075,0
1,2,272075,0
1,3,272075,0
1,1,272200,0
1,2,272200,0
1,3,272200,0
1,2,272325,0
1,3,272325,0
1,4,272325,0
1,2,272450,0
1,3,272450,0
1,4,272450,0
1,2,272575,0
1,3,272575,0
1,4,272575,0
1,2,272700,0
1,4,272700,0
1,3,272700,0
1,2,272825,0
1,1,272887,0
1,2,272950,0
1,3,273012,0
1,4,273075,0
1,3,273137,0
1,2,273200,0
1,1,273262,0
1,2,273325,0
1,3,273387,0
1,4,273450,0
1,3,273512,0
1,2,273575,0
1,1,273637,0
1,2,273700,0
1,3,273762,0
1,4,273825,0
1,3,273887,0
1,2,273950,0
1,1,274012,0
1,2,274075,0
1,3,274137,0
1,4,274200,0
1,3,274262,0
1,2,274325,0
1,1,274387,0
1,2,274450,0
1,3,274512,0
1,4,274575,0
1,3,274637,0
1,2,274700,0
1,1,274762,0
2,2,274825,279325
2,3,274825,279325
2,4,274825,279325
