1,4,1710,0
1,3,1918,0
1,2,2126,0
1,1,2335,0
1,3,2543,0
1,2,2751,0
1,4,2960,0
1,3,3168,0
1,1,3376,0
1,1,3585,0
1,1,3793,0
1,1,4001,0
1,3,4210,0
1,2,4418,0
1,4,4626,0
1,3,4835,0
1,1,5043,0
1,2,5251,0
1,4,5460,0
1,1,5668,0
1,3,5876,0
1,2,6085,0
1,4,6293,0
1,3,6501,0
1,1,6710,0
1,3,6918,0
1,2,7126,0
1,4,7335,0
1,1,7543,0
1,2,7751,0
1,3,7960,0
1,1,8168,0
1,2,8376,0
1,3,8585,0
1,4,8793,0
1,1,9001,0
1,2,9210,0
1,3,9418,0
1,3,9626,0
1,3,9835,0
1,4,10043,0
1,1,10251,0
1,2,10460,0
1,4,10668,0
1,2,10876,0
1,3,11085,0
1,1,11293,0
1,2,11501,0
1,4,11710,0
1,3,11918,0
1,2,12126,0
1,4,12335,0
1,2,12543,0
1,1,12751,0
1,1,12960,0
1,1,13168,0
1,2,13376,0
1,3,13585,0
1,4,13793,0
1,2,14001,0
1,1,14210,0
1,4,14418,0
1,2,14626,0
1,1,14835,0
1,3,15043,0
1,2,15251,0
1,4,15460,0
1,1,15668,0
1,3,15876,0
1,4,16085,0
1,4,16293,0
1,4,16501,0
1,3,16710,0
1,2,16918,0
1,3,17126,0
1,1,17335,0
1,3,17543,0
1,1,17751,0
1,4,17960,0
1,3,18168,0
1,2,18376,0
1,1,18585,0
1,3,18793,0
1,2,19001,0
1,1,19001,0
1,4,19418,0
2,1,19626,20043
1,3,20043,0
1,1,20460,0
1,2,20460,0
1,3,20876,0
1,4,21293,0
1,2,21293,0
1,3,21710,0
1,1,22126,0
1,4,22126,0
1,3,22543,0
1,2,22960,0
1,1,22960,0
1,4,23376,0
1,2,23793,0
1,3,23793,0
1,4,24418,0
1,3,24522,0
1,2,24626,0
1,1,25043,0
1,2,25147,0
1,3,25251,0
1,4,25460,0
1,1,25668,0
1,4,25876,0
1,3,26085,0
1,4,26293,0
1,2,26293,0
1,1,26501,0
1,4,26710,0
1,1,27126,0
1,3,27126,0
1,2,27543,0
1,4,27960,0
1,1,27960,0
1,3,28376,0
1,1,28793,0
1,2,28793,0
1,4,29210,0
1,2,29626,0
1,3,29626,0
1,1,30043,0
1,3,30460,0
1,4,30460,0
1,1,30668,0
1,2,30772,0
1,3,30876,0
1,1,31085,0
1,4,31293,0
1,3,31397,0
1,2,31501,0
1,1,31710,0
1,3,31918,0
1,4,32126,0
1,1,32335,0
1,3,32543,0
1,2,32751,0
1,3,32960,0
1,1,32960,0
1,4,33168,0
1,2,33376,0
1,1,33376,0
1,3,33585,0
1,2,33793,0
1,4,34001,0
1,2,34210,0
1,1,34418,0
1,2,34626,0
1,4,34835,0
1,3,35043,0
1,1,35251,0
1,2,35460,0
1,4,35668,0
1,3,35876,0
1,1,35876,0
1,2,36293,0
1,4,36293,0
1,1,36710,0
1,3,36918,0
1,2,37126,0
1,4,37335,0
1,3,37543,0
1,1,37751,0
1,2,37960,0
1,3,38168,0
1,4,38376,0
1,2,38585,0
1,3,38793,0
1,1,39001,0
1,3,39210,0
1,2,39418,0
1,1,39626,0
1,2,39835,0
1,3,40043,0
1,4,40043,0
1,1,40251,0
1,2,40460,0
1,3,40668,0
1,4,40668,0
1,2,41085,0
1,1,41085,0
1,4,41501,0
1,3,41501,0
1,1,41918,0
1,2,42126,0
1,3,42335,0
1,4,42335,0
1,2,42751,0
1,4,42960,0
1,1,42960,0
1,3,43376,0
1,1,43585,0
1,2,43793,0
1,4,44001,0
1,3,44210,0
1,1,44418,0
1,2,44626,0
1,4,44835,0
1,3,45043,0
1,2,45251,0
1,2,45460,0
1,2,45668,0
1,2,45876,0
1,3,46085,0
1,4,46085,0
2,1,46710,47960
1,2,46710,0
1,3,47335,0
1,2,47543,0
1,4,47960,0
2,3,48376,49626
1,2,48376,0
1,1,49001,0
1,2,49210,0
1,4,49626,0
2,2,50043,51293
1,3,50043,0
1,4,50668,0
1,3,50876,0
1,1,51293,0
2,4,51710,52960
1,2,51710,0
1,3,52335,0
1,2,52543,0
1,1,52960,0
2,3,53376,54626
1,2,53376,0
1,1,54001,0
1,2,54210,0
1,4,54626,0
2,2,55043,56293
1,3,55043,0
1,4,55668,0
1,3,55876,0
1,1,56293,0
2,4,56710,57126
1,1,57126,0
2,2,57543,57960
1,4,57960,0
2,1,58376,58793
2,4,58793,59210
2,3,59210,59626
2,1,59626,60043
1,2,60043,0
1,4,60043,0
1,3,60251,0
1,2,60460,0
1,1,60668,0
1,2,60876,0
1,4,61085,0
1,3,61085,0
1,2,61293,0
1,1,61293,0
1,3,61710,0
1,4,61710,0
1,2,62126,0
1,4,62126,0
1,1,62543,0
1,2,62960,0
1,3,62960,0
1,4,63376,0
1,1,63793,0
1,3,63793,0
1,2,64210,0
1,3,64626,0
1,4,64626,0
1,1,65043,0
1,2,65460,0
1,4,65460,0
1,3,65876,0
1,1,66293,0
1,4,66293,0
1,2,66710,0
1,1,67126,0
1,3,67126,0
1,4,67543,0
1,2,67960,0
1,1,67960,0
1,1,68376,0
1,4,68376,0
1,3,68793,0
1,4,68793,0
1,2,69210,0
1,3,69626,0
1,4,69626,0
1,1,70043,0
1,2,70460,0
1,4,70460,0
1,3,70876,0
1,1,71293,0
1,4,71293,0
1,2,71710,0
1,3,71918,0
1,4,72126,0
1,2,72126,0
1,1,72335,0
1,3,72543,0
1,2,72543,0
1,4,72751,0
1,3,72960,0
1,1,72960,0
1,2,73168,0
1,3,73376,0
1,4,73376,0
1,1,73585,0
1,3,73793,0
1,4,73793,0
1,2,74001,0
1,3,74210,0
1,4,74210,0
1,1,74418,0
2,2,74626,75043
1,4,75043,0
1,3,75043,0
1,1,75460,0
1,3,75460,0
1,2,75876,0
1,1,76293,0
1,4,76293,0
1,3,76710,0
1,2,77126,0
1,1,77126,0
1,4,77543,0
1,2,77960,0
1,3,77960,0
1,1,78376,0
1,2,78793,0
1,4,78793,0
1,3,79210,0
1,1,79626,0
1,4,79626,0
1,3,80043,0
1,2,80460,0
1,1,80460,0
1,4,80876,0
1,3,81293,0
1,2,81293,0
1,1,81710,0
1,2,82126,0
1,4,82126,0
1,1,82543,0
1,3,82960,0
1,4,82960,0
1,2,83376,0
1,1,83793,0
1,4,83793,0
1,3,84210,0
1,4,84626,0
1,2,84626,0
1,1,85043,0
1,3,85043,0
1,2,85251,0
1,3,85460,0
1,4,85668,0
1,2,85876,0
1,1,85876,0
1,4,86085,0
1,3,86293,0
1,2,86501,0
1,1,86710,0
1,3,86710,0
1,4,86918,0
1,3,87022,0
1,2,87126,0
1,1,87335,0
1,2,87439,0
1,3,87543,0
1,4,87751,0
1,3,87855,0
1,2,87960,0
1,1,88168,0
1,3,88376,0
1,4,88376,0
1,2,88585,0
1,1,88793,0
1,3,88793,0
1,2,89001,0
1,4,89210,0
1,3,89418,0
1,1,89626,0
1,4,89626,0
1,2,89835,0
1,1,90043,0
1,3,90251,0
1,2,90460,0
1,4,90460,0
1,1,90668,0
1,4,90876,0
1,3,91085,0
1,1,91293,0
1,3,91293,0
1,3,91501,0
1,1,91710,0
1,2,91918,0
1,4,92126,0
1,3,92126,0
1,1,92335,0
1,2,92543,0
1,3,92751,0
1,2,92960,0
1,4,92960,0
1,1,93168,0
1,3,93376,0
1,4,93585,0
1,2,93793,0
1,3,93793,0
1,1,94001,0
1,3,94210,0
1,4,94418,0
1,4,94626,0
1,2,94626,0
1,4,94835,0
1,1,95043,0
1,2,95043,0
1,3,95251,0
1,2,95460,0
1,4,95460,0
1,3,95668,0
1,1,95876,0
1,2,96085,0
1,4,96293,0
1,1,96293,0
1,3,96501,0
1,2,96710,0
1,1,96710,0
1,4,96918,0
1,1,97126,0
1,3,97126,0
1,2,97335,0
1,4,97543,0
1,3,97751,0
1,3,97960,0
1,1,97960,0
1,3,98168,0
1,4,98376,0
1,2,98585,0
1,1,98793,0
1,4,98793,0
1,3,99001,0
2,4,99210,99835
1,2,99210,0
1,1,99418,0
1,2,99626,0
1,1,99835,0
1,3,99835,0
1,1,100251,0
1,2,100460,0
1,3,100668,0
1,4,100876,0
1,3,101085,0
1,1,101293,0
1,3,101501,0
1,4,101501,0
1,1,101918,0
1,2,102126,0
1,3,102335,0
1,4,102335,0
