1,2,4852,0
1,1,4852,0
1,3,5452,0
1,4,6052,0
1,2,6502,0
1,4,7252,0
1,3,7852,0
1,2,8152,0
1,3,8452,0
1,1,9052,0
1,4,9352,0
1,1,9652,0
1,2,10252,0
1,3,10852,0
1,4,11452,0
1,2,11902,0
1,3,12052,0
1,2,12652,0
1,4,12952,0
1,3,13252,0
1,1,13402,0
1,4,13552,0
1,3,13702,0
1,2,13852,0
1,3,14152,0
1,1,14452,0
1,4,14452,0
1,3,14752,0
1,2,15052,0
1,4,15352,0
1,1,15652,0
1,3,15802,0
1,2,15952,0
2,4,16252,16552
1,1,16552,0
1,3,16852,0
1,2,17152,0
1,4,17452,0
1,2,17752,0
1,3,18052,0
1,1,18202,0
1,4,18352,0
2,1,18652,18952
2,4,18952,19252
1,2,19252,0
1,1,19252,0
1,3,19552,0
1,2,19852,0
1,4,20152,0
1,3,20452,0
1,2,20602,0
1,4,20752,0
2,1,21052,21352
1,3,21352,0
1,2,21652,0
1,3,21952,0
1,1,22102,0
1,4,22327,0
1,1,22552,0
1,4,22852,0
1,2,23002,0
1,3,23152,0
2,1,23452,23752
2,4,23752,24052
1,2,24052,0
1,1,24052,0
1,3,24502,0
1,1,24952,0
1,4,24952,0
1,2,25402,0
1,3,25852,0
1,4,25852,0
1,2,26302,0
1,1,26752,0
1,4,26752,0
1,3,27202,0
1,2,27652,0
1,1,27652,0
1,3,27952,0
1,4,28252,0
1,2,28552,0
2,1,28852,29452
2,4,29452,30052
1,2,30052,0
1,1,30052,0
1,4,30652,0
1,2,31102,0
1,3,31402,0
1,2,31552,0
1,4,31702,0
1,1,31852,0
1,3,32152,0
1,4,32452,0
1,2,33052,0
1,3,33502,0
1,1,33802,0
1,2,33952,0
1,3,34102,0
1,4,34252,0
1,2,34552,0
1,3,34852,0
2,4,34852,35452
1,2,35452,0
1,3,35602,0
1,1,35902,0
2,2,36052,36652
2,4,36652,37252
1,2,37252,0
1,1,37252,0
1,3,37552,0
1,4,37852,0
1,2,38152,0
1,1,38452,0
1,4,38752,0
1,2,39052,0
1,1,39052,0
1,3,39352,0
1,4,39352,0
1,2,39652,0
1,1,39652,0
1,3,39952,0
1,4,40252,0
1,2,40552,0
1,3,40702,0
1,2,41002,0
1,3,41152,0
1,4,41302,0
1,1,41452,0
1,2,41752,0
1,3,42052,0
1,1,42352,0
1,4,42652,0
1,3,42952,0
1,2,43102,0
1,4,43402,0
1,3,43552,0
1,2,43702,0
1,1,43852,0
1,3,44152,0
1,4,44452,0
1,1,44452,0
1,2,44752,0
1,3,45052,0
1,2,45277,0
1,4,45502,0
1,1,45652,0
1,2,45952,0
1,3,46252,0
1,4,46552,0
1,1,46852,0
1,2,46852,0
1,3,47152,0
1,4,47452,0
1,2,47752,0
1,1,48052,0
1,3,48352,0
1,4,48652,0
1,1,48652,0
1,3,48952,0
1,2,48952,0
2,2,49252,49852
1,4,49252,0
1,4,49852,0
2,1,50152,50752
2,3,50752,51052
2,4,51052,51352
2,2,51352,51652
1,3,51652,0
2,1,51952,52252
2,4,52252,52552
1,2,52552,0
2,1,52852,53452
1,3,53452,0
2,4,53752,54352
1,2,54352,0
2,3,54652,55252
1,1,55402,0
2,4,55552,55852
2,2,55852,56152
1,4,56152,0
1,3,56302,0
1,1,56452,0
1,2,56752,0
1,3,57052,0
1,4,57352,0
1,2,57652,0
1,3,57952,0
1,1,58252,0
1,4,58552,0
1,2,58852,0
1,1,59152,0
1,3,59752,0
1,2,60052,0
1,4,60352,0
1,1,60652,0
1,2,60952,0
1,3,61252,0
1,4,61552,0
1,2,61852,0
1,3,62152,0
1,4,62452,0
1,2,62752,0
1,3,63052,0
1,4,63352,0
2,1,63652,64852
1,4,63952,0
1,3,64252,0
1,4,64552,0
1,2,64852,0
1,3,65002,0
1,4,65152,0
1,2,65452,0
1,3,65602,0
1,1,65752,0
1,2,65902,0
1,3,66052,0
1,4,66052,0
1,2,66352,0
1,4,66652,0
1,3,66952,0
1,1,67252,0
1,2,67552,0
2,4,67852,68152
1,2,68152,0
1,3,68302,0
1,1,68452,0
1,2,68752,0
1,3,69052,0
1,4,69352,0
1,2,69652,0
1,3,69952,0
1,1,70252,0
1,4,70552,0
1,3,70702,0
1,2,70852,0
1,4,71152,0
1,1,71452,0
1,2,71752,0
1,3,72052,0
1,1,72352,0
1,4,72652,0
1,2,72952,0
1,3,73102,0
1,1,73252,0
1,4,73552,0
1,3,73852,0
1,2,74152,0
1,1,74452,0
1,3,74752,0
1,2,75052,0
1,4,75352,0
1,3,75502,0
1,1,75652,0
1,4,75952,0
1,2,76252,0
1,1,76252,0
1,3,76552,0
1,4,76852,0
1,1,76852,0
1,2,77152,0
1,3,77452,0
1,4,77452,0
1,2,77752,0
1,3,77902,0
1,1,78052,0
1,4,78052,0
1,2,78352,0
1,3,78652,0
1,4,78652,0
1,2,78952,0
1,1,79252,0
1,4,79252,0
1,3,79552,0
1,2,79852,0
1,1,79852,0
1,3,80152,0
1,2,80302,0
1,1,80452,0
1,4,80452,0
1,3,80752,0
1,2,81052,0
1,3,81352,0
1,4,81652,0
1,1,81652,0
1,2,81952,0
1,3,82252,0
1,2,82552,0
1,1,82852,0
1,4,82852,0
1,3,83002,0
1,2,83152,0
1,4,83302,0
2,1,83452,83752
1,3,83752,0
1,2,83902,0
2,4,84052,84352
1,2,84352,0
1,3,84502,0
1,1,84652,0
1,4,84652,0
1,2,85252,0
1,1,85252,0
1,3,85552,0
1,2,85852,0
1,4,86152,0
1,3,86452,0
1,2,86752,0
1,1,87052,0
1,3,87352,0
1,2,87652,0
1,1,87652,0
1,3,87952,0
1,4,88252,0
1,1,88252,0
1,2,88552,0
1,3,88852,0
1,4,88852,0
1,2,89152,0
1,1,89452,0
1,4,89452,0
2,3,89752,90052
1,2,90052,0
1,1,90052,0
1,3,90352,0
1,4,90652,0
2,2,90952,91252
1,3,91252,0
1,4,91252,0
1,2,91552,0
1,3,91702,0
1,4,91852,0
1,1,91852,0
1,2,92152,0
1,3,92452,0
1,1,92752,0
1,4,93052,0
1,2,93352,0
1,3,93502,0
2,1,93652,93952
1,3,93952,0
1,4,94102,0
1,1,94252,0
1,2,94552,0
1,3,94852,0
1,1,95152,0
1,4,95452,0
1,3,95452,0
1,2,95752,0
1,1,96052,0
1,4,96052,0
2,3,96352,96652
2,2,96652,96952
2,4,96952,97252
2,1,97252,97552
1,3,97552,0
1,4,97552,0
1,2,97852,0
1,1,98152,0
1,3,98452,0
1,4,98752,0
1,1,98752,0
1,3,99052,0
1,2,99352,0
1,4,99652,0
1,2,99952,0
1,1,99952,0
1,3,100252,0
1,4,100552,0
1,1,100552,0
1,2,100852,0
1,3,101152,0
1,4,101152,0
1,2,101452,0
1,1,101752,0
1,4,101752,0
1,3,102052,0
1,2,102352,0
1,1,102352,0
1,4,102652,0
1,2,102952,0
1,1,102952,0
1,4,103252,0
1,2,103552,0
1,3,103852,0
1,1,104152,0
1,2,104302,0
1,3,104452,0
1,1,104752,0
1,4,104752,0
1,3,105052,0
1,2,105352,0
1,4,105652,0
1,1,105952,0
1,3,106252,0
1,4,106552,0
1,3,106702,0
1,1,106852,0
1,2,107152,0
1,4,107152,0
1,3,107452,0
1,1,107752,0
1,3,108052,0
1,4,108352,0
1,1,108352,0
1,2,108652,0
1,3,108952,0
1,4,108952,0
1,1,109252,0
1,2,109552,0
1,3,109552,0
1,4,109852,0
1,1,110152,0
1,3,110452,0
1,2,110752,0
1,3,111052,0
1,1,111352,0
1,3,111502,0
1,4,111652,0
1,2,111952,0
1,1,111952,0
1,3,112252,0
1,2,112552,0
1,4,112852,0
1,3,113152,0
1,2,113452,0
1,4,113752,0
1,2,114052,0
1,3,114202,0
1,1,114352,0
1,4,114352,0
1,2,114652,0
1,3,114952,0
1,1,115252,0
1,4,115552,0
1,2,115852,0
1,1,116152,0
1,2,116302,0
1,4,116452,0
1,1,116752,0
1,3,116752,0
1,2,117052,0
1,4,117352,0
1,3,117502,0
1,2,117652,0
1,4,117952,0
1,1,117952,0
1,3,118252,0
1,1,118552,0
1,2,118552,0
1,4,118852,0
1,2,119152,0
1,3,119152,0
1,1,119452,0
1,4,119752,0
1,2,120052,0
1,3,120352,0
1,2,120652,0
1,4,120952,0
1,1,121252,0
1,4,121552,0
1,3,121552,0
1,2,121852,0
1,3,122152,0
1,1,122452,0
1,2,122752,0
1,3,123052,0
1,1,123352,0
1,3,123652,0
1,2,123802,0
1,1,123952,0
1,4,123952,0
1,3,124252,0
1,2,124552,0
1,3,124852,0
1,1,125002,0
1,4,125152,0
1,2,125452,0
1,3,125752,0
1,3,126052,0
1,2,126352,0
1,1,126352,0
1,4,126652,0
1,2,126952,0
1,3,127252,0
1,2,127402,0
1,1,127552,0
1,4,127852,0
1,2,128152,0
1,3,128452,0
1,1,128752,0
1,4,129052,0
1,2,129352,0
1,3,129652,0
1,2,129952,0
1,4,130252,0
1,1,130552,0
1,3,130852,0
1,2,131152,0
1,1,131152,0
1,4,131452,0
1,3,131752,0
1,2,132052,0
1,1,132352,0
1,4,132502,0
1,2,132652,0
1,3,132952,0
1,2,133102,0
1,1,133252,0
1,3,133402,0
1,4,133552,0
1,1,133552,0
1,2,133852,0
1,3,134152,0
1,4,134152,0
1,1,134452,0
1,2,134752,0
1,3,134752,0
1,4,135052,0
1,2,135352,0
1,1,135352,0
1,3,135652,0
1,4,135952,0
1,1,135952,0
1,2,136252,0
1,3,136552,0
1,4,136552,0
1,2,136852,0
1,1,137152,0
1,4,137152,0
1,3,137452,0
1,2,137752,0
1,1,137752,0
1,4,138052,0
1,2,138352,0
1,1,138352,0
1,2,138652,0
1,3,138952,0
1,3,139252,0
1,1,139552,0
1,4,139552,0
1,1,139852,0
1,4,140152,0
1,4,140452,0
1,2,140752,0
1,1,140752,0
1,4,141052,0
1,1,141052,0
1,2,141352,0
1,3,141352,0
1,3,141652,0
1,4,141652,0
1,2,141952,0
1,1,141952,0
1,3,142252,0
1,4,142252,0
1,3,142552,0
1,2,142552,0
1,1,142852,0
1,2,142852,0
1,3,143152,0
1,4,143152,0
1,1,143452,0
1,4,143452,0
1,2,143752,0
1,3,143752,0
2,1,144052,144352
2,4,144352,144652
2,2,144652,144952
2,3,144952,145252
2,4,145252,145552
1,2,145552,0
2,1,145552,151552
1,2,146752,0
1,4,147952,0
1,3,149152,0
1,2,150352,0
1,4,151552,0
