1,1,329,0
1,2,497,0
1,3,664,0
1,3,1000,0
2,4,1000,2005
1,2,1167,0
1,1,1335,0
1,3,1502,0
1,1,1670,0
1,2,1670,0
1,3,2005,0
2,1,2340,3346
1,4,2340,0
1,2,2508,0
1,3,2508,0
1,4,2676,0
1,2,3011,0
1,4,3011,0
1,3,3346,0
1,1,3514,0
1,2,3597,0
2,3,3681,4352
1,4,3681,0
1,2,3849,0
1,1,4016,0
1,4,4184,0
1,1,4352,0
1,2,4352,0
1,1,4687,0
2,2,4854,5190
1,3,5022,0
2,4,5190,5525
1,2,5357,0
2,3,5525,5860
1,1,5692,0
2,2,5860,6028
1,4,6028,0
1,3,6111,0
1,2,6195,0
1,1,6279,0
1,3,6363,0
1,4,6363,0
1,2,6530,0
1,1,6698,0
1,3,6698,0
1,4,6866,0
1,1,7033,0
1,2,7033,0
1,3,7201,0
1,2,7368,0
1,4,7368,0
1,1,7536,0
1,3,7704,0
1,4,7704,0
1,1,7871,0
1,2,8039,0
1,3,8039,0
1,4,8206,0
1,1,8374,0
1,2,8374,0
1,4,8542,0
1,2,8709,0
1,3,8709,0
1,1,8877,0
1,3,9044,0
1,4,9044,0
1,2,9212,0
1,1,9380,0
1,4,9380,0
1,3,9547,0
1,1,9715,0
1,2,9715,0
1,3,9882,0
1,1,10050,0
1,4,10050,0
1,2,10218,0
1,3,10218,0
2,4,10218,10553
1,3,10553,0
1,2,10637,0
1,1,10720,0
1,4,10720,0
2,2,10888,11055
1,3,10888,0
2,1,11055,11223
2,3,11223,11391
2,2,11391,11558
2,4,11558,11726
2,1,11726,12061
1,2,11726,0
1,3,11726,0
1,3,12061,0
1,4,12061,0
1,2,12229,0
1,3,12396,0
1,4,12396,0
1,2,12564,0
1,3,12731,0
1,4,12731,0
1,2,12899,0
1,1,13067,0
1,4,13067,0
1,3,13234,0
1,1,13402,0
1,4,13402,0
1,2,13569,0
1,1,13737,0
1,4,13737,0
1,3,13905,0
1,1,14072,0
1,4,14072,0
1,3,14240,0
1,1,14407,0
1,2,14407,0
1,4,14575,0
1,1,14743,0
1,2,14743,0
1,4,14910,0
1,1,15078,0
1,2,15078,0
1,4,15245,0
1,1,15413,0
1,2,15413,0
1,3,15581,0
1,1,15748,0
1,4,15748,0
1,3,15916,0
1,1,16083,0
1,4,16083,0
1,2,16251,0
1,1,16419,0
1,4,16419,0
1,2,16754,0
1,3,16754,0
2,1,17089,17424
1,3,17089,0
1,4,17089,0
1,2,17424,0
1,4,17424,0
1,1,17592,0
1,3,17759,0
1,4,17759,0
1,1,17927,0
1,2,17927,0
1,1,18095,0
1,4,18095,0
1,3,18262,0
1,2,18430,0
1,4,18430,0
1,1,18597,0
1,2,18765,0
1,4,18765,0
1,3,18933,0
1,1,19100,0
1,2,19100,0
1,3,19268,0
1,4,19268,0
1,1,19435,0
1,4,19435,0
1,3,19603,0
1,2,19771,0
1,4,19771,0
1,1,19938,0
1,3,20106,0
1,4,20106,0
1,2,20273,0
1,1,20441,0
1,3,20441,0
1,2,20609,0
1,4,20609,0
1,3,20776,0
1,4,20776,0
1,2,20944,0
1,1,21111,0
1,4,21111,0
1,2,21279,0
1,3,21279,0
1,1,21447,0
1,2,21447,0
1,3,21614,0
1,4,21614,0
1,1,21782,0
1,4,21782,0
1,2,21949,0
1,3,22033,0
1,4,22117,0
1,1,22201,0
1,2,22285,0
1,3,22368,0
1,1,22452,0
2,4,22452,22620
2,2,22620,22787
1,1,22787,0
1,3,22787,0
2,1,22955,23123
1,4,22955,0
1,2,23039,0
1,3,23123,0
2,4,23290,23458
1,2,23458,0
1,3,23458,0
2,1,23625,23793
1,2,23793,0
2,4,23793,23961
2,3,23961,24128
1,1,24128,0
2,2,24128,24296
1,4,24296,0
1,3,24380,0
1,1,24463,0
1,2,24463,0
2,3,24631,24799
1,2,24799,0
2,1,24966,25134
1,3,25134,0
2,4,25134,25301
2,2,25301,25469
1,3,25469,0
1,4,25469,0
2,1,25637,25804
1,2,25637,0
1,3,25720,0
1,4,25804,0
2,2,25972,26139
1,1,26139,0
1,3,26139,0
2,4,26307,26474
2,1,26474,26642
1,3,26474,0
2,2,26642,26810
2,3,26810,26977
1,4,26810,0
1,1,26977,0
1,2,27061,0
1,3,27145,0
1,4,27145,0
2,1,27480,27815
1,2,27480,0
1,2,27815,0
1,3,27815,0
1,4,27815,0
1,1,28150,0
1,2,28150,0
1,3,28318,0
1,1,28486,0
1,4,28486,0
1,1,28653,0
1,4,28653,0
1,3,28821,0
1,1,28988,0
1,2,28988,0
1,3,29156,0
1,2,29324,0
1,4,29324,0
1,1,29491,0
1,3,29491,0
1,2,29659,0
1,3,29743,0
1,2,29826,0
1,4,29826,0
1,3,29994,0
1,1,30162,0
1,2,30162,0
1,4,30329,0
1,2,30413,0
1,1,30497,0
1,3,30497,0
1,4,30664,0
1,2,30832,0
1,3,30832,0
1,4,31000,0
1,1,31167,0
1,2,31167,0
1,1,31335,0
1,2,31335,0
1,3,31502,0
1,2,31670,0
1,4,31670,0
1,1,31838,0
1,3,32033,0
1,4,32033,0
1,1,32173,0
1,2,32173,0
1,4,32340,0
1,1,32508,0
1,2,32508,0
1,3,32592,0
1,4,32676,0
1,1,32759,0
1,3,32843,0
1,2,32927,0
1,1,33011,0
1,3,33095,0
1,2,33178,0
2,4,33178,33849
1,3,33514,0
1,1,33681,0
1,3,34016,0
2,1,34184,34519
1,2,34184,0
1,3,34519,0
2,4,34519,34854
1,2,35022,0
2,4,35022,35357
1,1,35357,0
1,3,35525,0
1,4,35525,0
1,2,35692,0
1,3,35776,0
2,1,35860,36363
1,2,35860,0
1,4,35860,0
1,2,36195,0
1,3,36363,0
2,4,36363,36866
1,1,36698,0
1,2,36866,0
1,3,36866,0
2,1,37201,37536
1,4,37201,0
2,1,37704,38039
1,2,37704,0
1,3,37871,0
1,2,38039,0
1,3,38206,0
1,4,38206,0
1,1,38542,0
1,2,38542,0
1,1,38709,0
1,2,38709,0
1,3,38877,0
1,2,39044,0
1,4,39044,0
1,1,39212,0
1,3,39380,0
1,4,39380,0
1,1,39547,0
1,4,39547,0
1,2,39631,0
1,3,39715,0
1,4,39799,0
1,2,39882,0
1,3,39966,0
1,1,40050,0
1,2,40134,0
1,4,40218,0
1,3,40301,0
1,2,40385,0
1,1,40469,0
1,4,40553,0
1,3,40637,0
1,2,40720,0
1,3,40804,0
1,1,40888,0
1,4,40888,0
1,2,40972,0
1,3,41055,0
1,2,41139,0
1,1,41223,0
1,4,41223,0
1,3,41307,0
1,2,41391,0
1,1,41474,0
1,3,41558,0
1,4,41558,0
1,2,41642,0
1,1,41726,0
1,4,41810,0
1,2,41893,0
1,3,41893,0
1,1,41977,0
1,4,42061,0
1,3,42145,0
1,1,42229,0
1,2,42229,0
1,3,42312,0
1,4,42396,0
1,1,42480,0
1,2,42564,0
1,3,42564,0
1,4,42648,0
1,1,42731,0
1,3,42815,0
1,2,42899,0
1,4,42899,0
2,1,43234,43318
2,4,43234,43318
2,1,43486,43569
2,3,43486,43569
2,1,43737,43821
2,2,43737,43821
1,3,43905,0
2,4,43905,44407
2,1,44407,44910
2,3,44910,45413
1,1,45413,0
1,2,45413,0
1,3,45581,0
1,4,45581,0
1,2,45748,0
1,4,45748,0
1,1,45916,0
1,4,46083,0
1,1,46251,0
1,2,46251,0
1,2,46586,0
1,3,46586,0
2,4,46586,47424
1,1,46921,0
1,2,46921,0
1,3,47089,0
1,1,47257,0
1,2,47424,0
1,3,47592,0
2,4,47592,47927
1,2,47759,0
1,1,47927,0
2,3,47927,48262
1,2,48095,0
1,1,48262,0
1,4,48262,0
1,3,48430,0
2,1,48597,48933
1,2,48597,0
1,4,48765,0
1,2,48933,0
1,3,48933,0
2,4,49100,49938
1,1,49268,0
1,3,49435,0
1,1,49603,0
1,2,49603,0
1,3,49771,0
1,1,49938,0
1,3,50106,0
2,1,50273,50441
1,4,50273,0
2,2,50441,50609
1,1,50609,0
1,4,50609,0
2,3,50776,50944
1,2,50944,0
1,4,50944,0
2,1,51111,51279
1,2,51279,0
1,3,51279,0
2,4,51447,51614
1,1,51614,0
1,3,51614,0
2,2,51782,51949
1,1,51949,0
1,3,51949,0
1,4,51949,0
1,2,52117,0
1,3,52285,0
1,4,52285,0
2,1,52452,52620
1,2,52620,0
2,4,52620,52787
1,3,52787,0
1,2,52955,0
1,4,52955,0
2,1,53123,53290
2,3,53290,53458
1,4,53290,0
1,2,53458,0
1,1,53625,0
1,3,53625,0
2,4,53793,53961
2,2,53961,54128
1,3,53961,0
1,4,54128,0
1,1,54296,0
1,2,54296,0
2,3,54463,54631
1,2,54631,0
2,4,54631,54966
1,3,54799,0
2,1,54966,55134
1,2,54966,0
2,3,55134,55301
1,4,55301,0
1,1,55469,0
2,2,55469,55637
1,3,55637,0
1,4,55637,0
1,1,55804,0
2,4,55804,56139
1,1,56139,0
1,2,56139,0
1,3,56223,0
1,1,56307,0
1,4,56307,0
1,3,56558,0
1,1,56642,0
1,2,56642,0
1,4,56810,0
1,2,56893,0
1,3,56977,0
1,4,56977,0
1,1,57061,0
1,2,57145,0
1,3,57229,0
2,1,57312,58150
1,2,57312,0
1,4,57312,0
1,3,57648,0
1,4,57648,0
1,2,57815,0
1,3,57983,0
1,4,58150,0
1,1,58318,0
2,2,58318,58653
1,3,58486,0
2,4,58653,58988
1,1,58821,0
1,2,58988,0
1,3,58988,0
1,1,59156,0
2,3,59324,59659
1,4,59324,0
1,2,59491,0
1,1,59659,0
1,4,59659,0
2,2,59826,60664
1,1,59994,0
1,3,60162,0
1,1,60329,0
1,4,60329,0
1,3,60497,0
1,4,60664,0
1,1,60832,0
1,2,61000,0
2,3,61000,61167
2,4,61167,61335
1,1,61335,0
1,2,61335,0
2,3,61502,61670
1,2,61670,0
1,4,61670,0
2,2,61838,62005
1,1,62005,0
1,3,62005,0
2,4,62173,62340
1,2,62340,0
1,3,62340,0
2,1,62508,62676
1,2,62676,0
1,3,62676,0
1,4,62676,0
1,1,62843,0
1,2,63011,0
1,3,63011,0
2,4,63178,63346
2,1,63346,63514
1,2,63346,0
1,3,63514,0
1,1,63681,0
1,4,63681,0
2,3,63849,64016
1,1,64016,0
2,2,64016,64184
1,4,64184,0
1,2,64352,0
1,3,64352,0
2,1,64519,64687
1,3,64687,0
2,4,64687,64854
1,1,64854,0
1,2,65022,0
1,4,65022,0
2,3,65190,65357
1,1,65357,0
2,2,65357,65692
1,4,65525,0
1,1,65692,0
2,3,65692,66028
2,2,65860,66028
1,4,66028,0
2,1,66195,66363
1,2,66195,0
1,3,66363,0
1,4,66363,0
2,2,66530,66866
2,3,66530,66866
1,4,66530,0
1,1,66866,0
1,4,66866,0
1,1,67033,0
1,2,67033,0
1,3,67201,0
1,4,67201,0
1,1,67368,0
1,2,67368,0
1,4,67536,0
1,3,67620,0
1,1,67704,0
1,2,67704,0
1,4,67787,0
1,2,67871,0
1,3,67955,0
2,1,68039,68709
1,2,68039,0
1,4,68039,0
1,3,68374,0
1,4,68374,0
1,2,68542,0
1,4,68709,0
1,1,68877,0
2,2,69044,69380
1,3,69044,0
1,1,69212,0
2,3,69380,69715
1,4,69380,0
1,2,69547,0
1,1,69715,0
2,4,69715,70050
1,2,69882,0
1,1,70050,0
1,3,70050,0
1,2,70218,0
1,4,70218,0
1,3,70385,0
1,4,70385,0
2,1,70553,70888
2,2,70553,70888
1,3,70553,0
1,3,70888,0
1,4,70888,0
1,1,71055,0
1,2,71055,0
2,2,71223,71558
1,3,71223,0
2,4,71223,71558
1,1,71558,0
1,3,71558,0
1,2,71726,0
1,4,71726,0
2,1,71893,72229
2,3,71893,72229
1,4,71893,0
1,2,72229,0
1,4,72229,0
1,1,72396,0
1,2,72396,0
1,1,72564,0
2,3,72564,72731
1,2,72731,0
2,4,72731,73067
1,1,72899,0
2,2,73067,73402
1,3,73067,0
1,4,73234,0
2,1,73402,73737
1,3,73402,0
1,4,73402,0
2,2,73737,73905
1,3,73737,0
2,4,73905,74072
1,1,74072,0
1,3,74072,0
2,2,74240,74407
1,3,74407,0
1,4,74407,0
1,2,74575,0
1,1,74743,0
2,4,74743,75078
1,2,74910,0
2,1,75078,75245
1,3,75078,0
2,2,75245,75413
1,3,75413,0
1,4,75413,0
1,1,75581,0
1,2,75664,0
1,3,75748,0
1,4,75748,0
1,1,75916,0
1,2,76083,0
1,4,76083,0
1,2,76251,0
1,4,76251,0
1,3,76419,0
1,1,76586,0
1,2,76586,0
1,1,76754,0
1,2,76754,0
1,4,76921,0
1,1,77089,0
1,3,77089,0
1,1,77257,0
1,3,77257,0
1,3,77592,0
1,4,77592,0
1,1,77759,0
1,2,77759,0
1,3,77927,0
1,2,78011,0
1,1,78095,0
1,4,78095,0
1,2,78262,0
1,3,78346,0
1,1,78430,0
1,4,78430,0
1,2,78597,0
1,1,78681,0
1,2,78765,0
1,3,78765,0
1,4,78765,0
1,1,79100,0
1,2,79100,0
1,4,79268,0
1,1,79352,0
1,2,79435,0
1,3,79435,0
1,1,79603,0
1,3,79771,0
1,4,79771,0
1,2,79938,0
1,1,80022,0
1,3,80106,0
1,4,80106,0
1,2,80273,0
1,1,80441,0
1,4,80441,0
1,3,80609,0
1,4,80692,0
1,1,80776,0
1,2,80776,0
1,3,80944,0
1,2,81111,0
1,4,81111,0
1,1,81279,0
1,3,81363,0
1,2,81447,0
1,4,81447,0
1,3,81614,0
1,1,81782,0
1,2,81782,0
1,4,81949,0
1,3,82033,0
1,1,82117,0
1,2,82117,0
1,3,82285,0
1,1,82452,0
1,4,82452,0
1,1,82620,0
1,2,82620,0
1,3,82787,0
1,2,82955,0
1,4,82955,0
1,1,83123,0
1,2,83123,0
1,4,83290,0
1,3,83374,0
1,1,83458,0
1,2,83458,0
1,4,83625,0
1,1,83709,0
1,3,83793,0
1,2,83877,0
1,1,83961,0
2,3,83961,86810
2,4,83961,92173
