2,4,521,2076
1,2,521,0
1,1,521,0
1,3,965,0
1,1,1187,0
1,2,1298,0
1,1,1409,0
1,3,1632,0
1,2,1854,0
2,1,2076,4076
1,2,2076,0
1,3,2076,0
1,3,2520,0
1,2,2743,0
1,4,2965,0
1,3,3076,0
1,4,3187,0
2,2,3409,3854
2,3,3409,3854
2,4,4076,5632
1,2,4076,0
1,3,4076,0
1,1,4520,0
1,3,4743,0
1,2,4854,0
1,3,4965,0
1,1,5187,0
1,2,5409,0
2,1,5632,7632
1,2,5632,0
1,3,5632,0
1,3,6076,0
1,4,6298,0
1,2,6520,0
1,3,6632,0
1,2,6743,0
2,4,6965,7409
1,3,7187,0
1,2,7187,0
1,3,7632,0
1,4,7632,0
1,2,7854,0
1,1,8076,0
1,3,8076,0
1,1,8298,0
1,2,8409,0
1,1,8520,0
1,2,8632,0
1,3,8743,0
1,4,8743,0
1,1,8965,0
1,2,9187,0
1,3,9187,0
1,4,9409,0
1,1,9409,0
1,3,9632,0
1,1,9854,0
1,2,9854,0
1,3,10076,0
1,2,10187,0
1,1,10298,0
1,4,10298,0
1,2,10409,0
2,4,10520,10965
2,1,10520,10965
1,3,10520,0
1,2,10743,0
1,3,10743,0
1,4,11187,0
1,1,11187,0
1,3,11409,0
1,2,11632,0
1,4,11632,0
1,2,11854,0
1,1,11965,0
1,2,12076,0
1,1,12187,0
1,2,12298,0
1,3,12298,0
1,4,12520,0
1,3,12743,0
1,2,12743,0
1,1,12965,0
1,3,13187,0
1,2,13409,0
1,4,13409,0
1,3,13632,0
1,2,13854,0
2,1,14076,14298
1,3,14076,0
2,2,14298,14520
1,4,14298,0
2,3,14520,14743
1,1,14520,0
1,2,14743,0
1,4,14743,0
1,2,14965,0
1,1,14965,0
1,3,15187,0
1,4,15187,0
1,4,15409,0
1,2,15520,0
1,4,15632,0
1,2,15743,0
2,1,15854,16298
2,3,15854,16298
1,4,16076,0
1,2,16298,0
1,4,16298,0
1,2,16520,0
1,3,16520,0
1,3,16743,0
1,4,16743,0
1,2,16965,0
1,1,16965,0
1,1,17187,0
1,3,17298,0
1,1,17409,0
1,3,17520,0
2,4,17632,18076
2,2,17632,18076
1,1,17854,0
1,1,18076,0
1,3,18076,0
1,2,18298,0
1,4,18298,0
1,1,18520,0
1,3,18520,0
1,2,18743,0
1,3,18743,0
1,1,18965,0
1,4,19076,0
1,3,19187,0
1,2,19298,0
1,1,19409,0
1,4,19409,0
1,3,19409,0
1,2,19632,0
1,3,19632,0
2,1,19854,20076
2,2,19854,20076
2,3,19854,20076
2,4,19854,20076
2,1,20298,20520
2,2,20298,20520
2,3,20298,20520
2,4,20298,20520
2,1,20743,20965
2,2,20743,20965
2,3,20743,20965
2,4,20743,20965
2,1,21187,21409
2,2,21187,21409
2,3,21187,21409
2,4,21187,21409
1,4,21632,0
1,1,21854,0
1,2,21854,0
1,3,21854,0
1,4,22076,0
1,2,22076,0
1,1,22076,0
1,1,22298,0
1,3,22298,0
1,4,22298,0
2,1,22520,22965
1,3,22520,0
1,2,22632,0
1,4,22743,0
1,2,22854,0
1,3,22965,0
1,2,23187,0
1,1,23187,0
2,4,23409,23854
1,2,23409,0
1,3,23409,0
1,2,23632,0
1,1,23632,0
1,1,23854,0
1,2,24076,0
1,3,24298,0
1,4,24298,0
1,1,24409,0
1,2,24520,0
1,4,24520,0
1,3,24632,0
2,3,24743,25187
1,1,24743,0
1,4,24965,0
1,1,25409,0
1,2,25409,0
1,4,25409,0
1,3,25632,0
1,2,25632,0
1,2,25854,0
1,1,25854,0
2,1,26076,26520
1,4,26076,0
2,3,26076,26520
1,2,26187,0
1,4,26298,0
1,2,26409,0
1,4,26520,0
1,3,26743,0
1,1,26743,0
2,2,26965,27409
2,4,26965,27409
2,1,27632,28076
2,3,27632,27854
2,4,27854,28520
2,2,27854,28743
2,3,28076,28520
2,1,28520,28743
1,4,28743,0
1,1,28965,0
1,3,28965,0
1,4,28965,0
1,2,29187,0
1,3,29409,0
1,4,29632,0
1,2,29632,0
1,3,29743,0
1,4,29854,0
1,1,29854,0
1,2,29965,0
1,3,30076,0
1,1,30076,0
1,2,30298,0
2,1,30520,30965
2,2,30520,30965
1,3,30965,0
1,4,31187,0
1,2,31187,0
2,3,31409,32076
2,1,31409,32076
1,2,31409,0
1,4,31520,0
1,2,31632,0
1,4,31743,0
1,2,31854,0
2,2,32298,32520
2,4,32298,32743
1,3,32298,0
1,1,32520,0
1,2,32743,0
1,3,32965,0
1,2,32965,0
1,1,33187,0
1,3,33187,0
1,4,33298,0
2,1,33409,33854
2,2,33409,33854
1,3,33409,0
1,4,33520,0
1,3,33632,0
1,3,33854,0
1,2,34076,0
1,3,34076,0
1,4,34298,0
1,3,34520,0
2,2,34743,35632
2,3,34743,35632
1,1,34743,0
1,4,34743,0
1,1,34965,0
1,4,35076,0
1,1,35187,0
1,4,35298,0
1,1,35409,0
1,1,35632,0
1,4,35632,0
1,1,35854,0
1,2,35854,0
1,3,35854,0
1,4,35854,0
1,3,36076,0
1,4,36076,0
1,3,36298,0
1,3,36520,0
1,2,36520,0
1,2,36743,0
1,3,36854,0
1,2,36965,0
1,1,36965,0
1,4,37076,0
1,1,37187,0
1,3,37187,0
1,2,37409,0
1,3,37409,0
2,2,37632,38076
2,4,37632,38076
1,1,38076,0
1,2,38298,0
1,3,38298,0
1,3,38520,0
1,2,38632,0
1,4,38743,0
1,3,38743,0
1,2,38854,0
2,3,38965,39409
2,1,38965,39409
1,4,39409,0
1,1,39632,0
1,2,39632,0
1,3,39632,0
1,3,39854,0
1,2,40076,0
1,4,40076,0
1,1,40298,0
1,3,40298,0
1,2,40409,0
1,1,40520,0
1,4,40520,0
1,3,40632,0
1,2,40743,0
1,4,40743,0
1,3,40965,0
1,1,40965,0
2,3,41187,41632
2,1,41187,41632
1,4,41187,0
1,2,41632,0
2,1,41854,42743
1,3,41854,0
1,4,41854,0
1,2,42076,0
1,3,42187,0
2,4,42298,42965
1,2,42298,0
1,3,42409,0
1,2,42520,0
2,2,42743,42965
1,3,42743,0
1,1,42965,0
1,1,43187,0
1,3,43187,0
1,4,43187,0
1,2,43409,0
1,2,43632,0
1,4,43632,0
1,2,43854,0
1,4,43854,0
2,1,43854,44298
1,3,43965,0
1,4,44076,0
1,3,44187,0
1,4,44298,0
1,2,44298,0
1,3,44520,0
2,4,44743,45187
1,1,44743,0
1,2,44965,0
1,3,44965,0
1,1,45187,0
1,2,45409,0
1,3,45409,0
2,1,45632,46298
2,4,45632,46298
1,3,45632,0
1,2,45743,0
1,3,45854,0
1,2,45965,0
1,3,46076,0
1,2,46298,0
1,2,46520,0
1,3,46520,0
1,1,46743,0
1,4,46743,0
1,2,46965,0
1,3,47187,0
1,4,47187,0
1,3,47409,0
1,1,47409,0
1,2,47520,0
1,3,47632,0
1,4,47632,0
1,1,47743,0
2,2,47854,48298
2,3,47854,48298
1,4,47854,0
1,1,48076,0
1,1,48298,0
1,4,48298,0
1,2,48520,0
1,3,48520,0
1,1,48743,0
1,2,48743,0
2,1,48965,49854
1,2,48965,0
1,4,48965,0
1,3,49187,0
1,4,49187,0
1,2,49298,0
1,3,49409,0
1,4,49409,0
1,2,49520,0
1,3,49632,0
1,4,49632,0
1,2,49854,0
1,3,49854,0
1,1,50076,0
1,4,50076,0
2,1,50298,51632
1,2,50298,0
1,3,50298,0
2,4,50298,50743
2,2,50743,50965
2,3,50965,51187
2,4,51187,51632
2,2,51632,51854
2,3,51632,51854
2,1,51854,52520
2,4,51854,52520
2,3,52076,52743
2,2,52520,52743
2,1,52743,53409
2,4,52743,53409
2,3,52965,53632
2,2,53409,53632
2,1,53632,54298
2,4,53632,54298
1,2,53854,0
2,3,53854,54520
2,2,54298,54520
2,1,54520,55187
2,4,54520,55187
2,2,55187,55409
2,3,55187,55632
2,1,55409,56076
2,4,55632,56076
2,2,56076,56298
2,3,56076,56298
2,1,56298,56743
2,4,56298,56965
2,2,56743,57187
2,3,56965,57409
1,1,57187,0
2,1,57409,58743
2,2,57409,57854
2,4,57854,58076
2,3,58076,58298
2,2,58298,58520
2,3,58520,58743
2,2,58743,58965
2,4,58743,58965
2,1,58965,59632
2,3,58965,59187
2,4,59187,59632
2,2,59632,59854
2,3,59632,59854
2,1,59854,60520
2,4,59854,60520
2,2,60520,60743
2,3,60520,60965
2,1,60743,61854
2,4,60965,61854
2,3,61632,61854
1,2,62076,0
1,3,62076,0
1,4,62076,0
1,1,62298,0
1,3,62298,0
1,4,62298,0
1,1,62520,0
1,2,62520,0
1,4,62520,0
2,1,62743,63187
2,2,62743,63187
2,3,62743,63187
1,4,63187,0
2,1,63409,63854
2,2,63409,63854
2,3,63409,63854
1,4,63854,0
1,3,63965,0
1,2,64076,0
1,1,64187,0
1,2,64298,0
1,3,64298,0
1,1,64520,0
1,4,64520,0
2,3,64520,64965
1,2,64743,0
1,1,64743,0
1,2,64965,0
1,4,64965,0
1,1,65187,0
1,2,65187,0
1,3,65298,0
1,4,65409,0
1,1,65409,0
1,2,65520,0
1,4,65632,0
1,3,65632,0
1,1,65854,0
1,2,65854,0
1,3,65854,0
2,2,66076,66520
1,4,66076,0
1,1,66076,0
1,1,66298,0
1,3,66298,0
1,3,66520,0
1,4,66520,0
1,2,66743,0
1,1,66743,0
1,4,66743,0
1,2,66965,0
1,3,66965,0
1,1,67076,0
1,3,67187,0
1,4,67187,0
1,2,67298,0
1,3,67298,0
1,1,67409,0
1,2,67409,0
1,1,67632,0
1,2,67632,0
1,4,67632,0
1,2,67854,0
1,3,67854,0
1,1,68076,0
1,2,68076,0
1,4,68076,0
1,3,68298,0
1,1,68298,0
1,2,68520,0
1,3,68520,0
1,4,68520,0
1,2,68743,0
1,4,68743,0
1,3,68965,0
1,1,68965,0
1,2,68965,0
2,1,69187,69632
1,2,69187,0
1,4,69187,0
1,3,69409,0
1,4,69409,0
1,2,69409,0
1,4,69632,0
1,3,69632,0
1,1,69854,0
1,3,69854,0
1,4,69854,0
1,1,70076,0
1,2,70076,0
1,2,70298,0
1,4,70298,0
1,3,70298,0
1,2,70520,0
1,4,70520,0
1,3,70632,0
1,1,70743,0
1,4,70743,0
1,2,70854,0
1,3,70965,0
1,4,70965,0
2,1,71187,71632
2,2,71187,71409
1,3,71187,0
1,4,71187,0
1,3,71409,0
1,3,71520,0
2,4,71632,72076
1,2,71854,0
1,1,71854,0
1,2,72076,0
1,3,72076,0
1,1,72298,0
1,3,72298,0
1,2,72409,0
1,4,72520,0
1,1,72520,0
1,2,72632,0
1,1,72743,0
1,3,72743,0
1,2,72965,0
1,3,72965,0
1,4,72965,0
2,2,73187,73632
1,1,73187,0
1,3,73187,0
1,1,73409,0
1,4,73409,0
1,3,73632,0
1,4,73632,0
1,1,73854,0
1,2,73854,0
1,3,73854,0
1,2,74076,0
1,4,74076,0
1,3,74187,0
1,1,74298,0
1,2,74298,0
1,2,74409,0
1,3,74409,0
1,3,74520,0
1,4,74520,0
1,1,74743,0
1,3,74743,0
1,4,74743,0
1,2,74965,0
1,3,74965,0
1,1,75187,0
1,4,75187,0
1,2,75187,0
1,2,75409,0
1,4,75409,0
1,1,75632,0
1,3,75632,0
1,2,75632,0
1,2,75854,0
1,3,75854,0
1,4,75965,0
1,2,76076,0
1,3,76076,0
1,1,76076,0
1,2,76298,0
1,3,76298,0
2,4,76298,76743
1,1,76520,0
1,3,76520,0
1,1,76743,0
1,3,76743,0
1,2,76965,0
1,3,76965,0
1,4,76965,0
1,3,77187,0
1,4,77187,0
1,1,77409,0
1,2,77409,0
1,4,77409,0
1,1,77632,0
1,3,77632,0
1,4,77743,0
1,2,77854,0
1,1,77854,0
1,3,77965,0
1,2,78076,0
1,4,78076,0
1,1,78298,0
1,3,78298,0
1,4,78298,0
1,2,78520,0
1,3,78520,0
1,1,78632,0
1,4,78632,0
2,2,78743,80520
2,3,78743,80520
1,1,79187,0
1,4,79187,0
1,1,79409,0
1,4,79520,0
1,1,79632,0
1,4,79743,0
1,1,79854,0
1,1,80076,0
1,4,80076,0
2,1,80520,82298
2,4,80520,82298
1,2,80743,0
1,2,80965,0
1,3,80965,0
1,3,81187,0
1,2,81298,0
1,3,81409,0
1,2,81520,0
2,3,81632,82076
1,1,82520,0
1,3,82520,0
1,1,82743,0
1,2,82743,0
1,4,82743,0
1,1,82965,0
1,4,82965,0
1,3,83076,0
1,1,83187,0
1,4,83187,0
1,3,83298,0
1,1,83409,0
1,4,83409,0
1,1,83632,0
1,2,83632,0
1,1,83854,0
1,2,83854,0
1,3,83854,0
1,1,84076,0
1,3,84076,0
1,4,84298,0
1,2,84298,0
1,4,84520,0
1,3,84520,0
1,1,84520,0
1,4,84743,0
1,1,84743,0
1,2,84854,0
1,4,84965,0
1,1,84965,0
1,2,85076,0
1,4,85187,0
1,1,85187,0
2,3,85187,85632
1,4,85409,0
1,4,85632,0
1,4,85854,0
1,1,86132,0
1,2,86187,0
1,3,86243,0
1,4,86298,0
1,1,86520,0
1,2,86520,0
1,3,86632,0
1,4,86632,0
1,2,86965,0
1,3,86965,0
2,4,86965,87409
1,3,87409,0
1,2,87409,0
2,1,87409,87854
1,2,87854,0
1,3,87854,0
1,1,88076,0
1,2,88187,0
1,3,88298,0
1,4,88409,0
1,3,88520,0
1,1,88632,0
1,4,88743,0
1,2,88854,0
1,4,88965,0
1,3,89076,0
1,2,89187,0
1,1,89298,0
1,3,89409,0
1,4,89409,0
1,1,89687,0
1,2,89743,0
1,3,89798,0
1,4,89854,0
1,1,89909,0
1,2,89965,0
1,3,90020,0
1,4,90076,0
1,1,90187,0
1,2,90187,0
1,2,90409,0
1,4,90409,0
1,2,90632,0
1,4,90632,0
1,1,90854,0
1,2,90909,0
1,1,90965,0
1,2,91020,0
1,1,91076,0
1,2,91187,0
1,3,91298,0
1,4,91409,0
1,2,91520,0
1,3,91632,0
1,1,91743,0
1,2,91854,0
1,3,91965,0
1,4,91965,0
1,1,91965,0
1,1,92187,0
1,3,92187,0
1,4,92187,0
1,1,92409,0
1,3,92409,0
1,4,92409,0
1,4,92632,0
1,3,92687,0
1,2,92743,0
1,1,92798,0
1,2,92965,0
1,3,92965,0
1,4,92965,0
1,1,93187,0
1,2,93409,0
1,3,93409,0
1,4,93632,0
1,3,93632,0
1,1,93743,0
1,2,93743,0
1,4,93854,0
1,3,93854,0
1,1,93965,0
1,2,93965,0
1,4,94076,0
1,3,94076,0
1,1,94298,0
1,2,94298,0
1,3,94298,0
2,4,94520,94965
1,1,94520,0
2,2,94520,94743
1,3,94520,0
1,2,94965,0
1,2,95187,0
1,3,95187,0
1,4,95187,0
1,1,95409,0
1,2,95409,0
1,3,95520,0
1,4,95520,0
1,2,95632,0
1,1,95632,0
1,3,95743,0
1,4,95743,0
1,2,95854,0
1,1,95854,0
1,2,96076,0
1,3,96076,0
1,4,96076,0
1,2,96298,0
1,3,96298,0
1,1,96520,0
1,4,96520,0
1,3,96743,0
1,2,96965,0
1,1,96965,0
1,4,97187,0
1,2,97187,0
1,1,97298,0
1,3,97298,0
1,2,97409,0
1,4,97409,0
1,2,97520,0
1,4,97520,0
1,1,97632,0
1,3,97632,0
1,3,97854,0
1,1,98076,0
2,4,98076,98520
2,2,98076,98520
1,3,98076,0
1,1,98520,0
1,3,98520,0
2,1,98743,99632
2,2,98965,99187
1,3,98965,0
1,4,99076,0
2,3,99187,99854
1,2,99409,0
1,4,99409,0
2,4,99632,99854
1,2,99854,0
1,1,100076,0
1,4,100076,0
1,2,100298,0
1,3,100298,0
1,1,100520,0
1,2,100520,0
1,1,100743,0
1,3,100743,0
1,2,100854,0
1,1,100965,0
1,3,100965,0
1,1,101076,0
1,2,101187,0
1,4,101187,0
1,1,101409,0
1,2,101409,0
2,2,101632,102076
2,3,101632,102076
1,4,101632,0
1,1,102076,0
1,1,102298,0
1,3,102298,0
1,4,102298,0
2,1,102520,102965
2,4,102520,102965
1,2,102520,0
1,3,102632,0
1,2,102743,0
1,2,102854,0
1,3,102965,0
1,2,103187,0
1,2,103409,0
1,3,103409,0
1,1,103632,0
1,4,103632,0
1,1,103854,0
1,2,103854,0
1,2,104076,0
1,4,104076,0
1,3,104298,0
1,4,104298,0
1,1,104520,0
2,4,104520,104965
1,3,104520,0
1,2,104632,0
1,3,104743,0
1,1,104743,0
1,2,104854,0
1,3,104965,0
1,1,104965,0
1,3,105187,0
1,1,105187,0
1,1,105409,0
1,4,105409,0
1,2,105632,0
1,4,105632,0
1,3,105854,0
1,4,105854,0
2,1,105854,106520
1,4,106076,0
1,2,106076,0
1,3,106187,0
1,2,106298,0
1,4,106298,0
1,3,106409,0
1,2,106520,0
1,4,106520,0
1,1,106743,0
1,2,106743,0
1,4,106743,0
1,1,106965,0
1,3,106965,0
1,4,106965,0
1,2,107187,0
1,3,107187,0
1,4,107187,0
1,1,107409,0
1,3,107409,0
1,4,107409,0
1,1,107632,0
1,2,107632,0
1,4,107632,0
1,2,107854,0
1,1,107854,0
2,3,107854,108298
1,4,107965,0
1,2,108076,0
1,4,108187,0
1,2,108298,0
1,1,108298,0
1,2,108520,0
1,4,108520,0
2,1,108743,109187
2,2,108743,109187
1,3,108743,0
1,4,109187,0
1,3,109409,0
1,1,109409,0
1,1,109632,0
1,2,109632,0
1,1,109854,0
1,3,109854,0
2,3,110076,110520
2,4,110076,110520
1,1,110076,0
1,2,110520,0
1,1,110743,0
1,4,110743,0
1,1,110965,0
1,3,110965,0
1,2,111187,0
1,3,111187,0
2,3,111409,111854
1,1,111409,0
1,4,111409,0
1,2,111520,0
1,1,111632,0
1,2,111743,0
1,1,111854,0
1,4,111854,0
1,2,112076,0
1,3,112076,0
2,4,112298,112743
1,3,112298,0
1,1,112298,0
1,2,112520,0
1,3,112520,0
1,2,112743,0
1,1,112743,0
2,4,112965,113854
1,1,112965,0
2,2,113187,114076
1,1,113187,0
2,3,113409,113854
2,1,113854,114076
1,3,114076,0
1,1,114298,0
1,2,114298,0
1,3,114298,0
1,1,114520,0
1,2,114520,0
1,4,114520,0
1,1,114743,0
1,3,114743,0
1,4,114743,0
2,2,114965,115409
1,4,114965,0
1,1,114965,0
1,3,115076,0
1,4,115187,0
1,1,115187,0
1,3,115298,0
1,4,115409,0
1,1,115409,0
1,1,115632,0
1,3,115632,0
2,2,115854,116298
2,4,115854,116298
1,3,115854,0
1,1,116076,0
1,3,116076,0
1,1,116298,0
1,1,116520,0
1,3,116520,0
1,4,116520,0
1,1,116743,0
2,2,116743,117409
2,4,116743,117187
1,3,116854,0
1,1,116965,0
1,3,117076,0
2,1,117187,117632
1,4,117409,0
1,2,117632,0
1,3,117632,0
1,1,117854,0
1,4,117854,0
1,3,118076,0
1,4,118076,0
1,1,118298,0
1,3,118298,0
1,3,118520,0
1,1,118520,0
1,4,118632,0
2,1,118743,119187
2,3,118743,119187
1,2,118743,0
1,4,118854,0
1,2,118965,0
1,4,119187,0
1,2,119409,0
1,4,119409,0
1,3,119632,0
1,1,119632,0
1,4,119632,0
1,1,119854,0
1,2,119854,0
1,1,120076,0
1,4,120076,0
2,2,120076,120965
2,3,120076,120965
1,4,120298,0
1,1,120409,0
1,4,120520,0
1,1,120632,0
1,4,120743,0
1,1,120965,0
1,4,120965,0
1,1,121187,0
1,2,121187,0
1,3,121187,0
1,4,121187,0
2,4,121409,122409
2,3,121409,121854
2,1,121854,122076
2,2,122076,122298
2,1,122298,122743
2,3,122743,122965
2,2,122743,122965
2,4,122965,123632
2,1,122965,123854
2,3,123632,123854
2,4,123854,124520
2,2,123854,124076
2,1,124076,124965
2,3,124520,124743
2,4,124743,125409
2,2,124965,125632
2,3,125409,125632
2,4,125632,126298
2,1,125632,126298
2,3,126298,126520
2,2,126298,126743
2,4,126520,127187
2,1,126743,127409
2,3,127187,127409
2,2,127409,127854
2,4,127409,127854
2,1,127854,128076
2,3,127854,128076
1,2,128076,0
1,4,128076,0
1,2,128298,0
1,3,128298,0
2,4,128520,129854
2,1,128520,128965
2,3,128965,129187
2,2,129187,129409
2,3,129409,129632
2,1,129632,129854
2,3,129854,130076
2,2,129854,130298
2,4,130076,130743
2,1,130298,130743
2,3,130743,130965
2,2,130743,130965
2,4,130965,131632
2,1,130965,131632
2,3,131632,131854
2,2,131632,132076
2,4,131854,132965
2,1,132076,132965
2,3,132076,132965
2,2,132743,133187
1,1,133187,0
1,3,133187,0
1,4,133187,0
1,1,133409,0
1,2,133409,0
1,4,133409,0
1,1,133632,0
1,2,133632,0
1,3,133632,0
2,1,133854,134298
2,2,133854,134298
2,3,133854,134298
1,4,133854,0
1,4,134298,0
2,2,134520,134965
2,3,134520,134965
2,4,134520,134965
1,1,134520,0
1,1,134965,0
1,1,135187,0
1,4,135409,0
1,2,135409,0
1,4,135520,0
2,3,135632,136076
1,1,135632,0
1,2,135632,0
1,2,135854,0
1,4,135854,0
1,1,136076,0
1,4,136076,0
1,2,136298,0
1,3,136298,0
1,1,136520,0
1,3,136520,0
1,4,136520,0
1,3,136743,0
1,4,136743,0
1,2,136965,0
1,3,136965,0
1,1,136965,0
2,1,137187,137632
1,3,137187,0
1,4,137187,0
1,2,137409,0
1,4,137409,0
1,3,137632,0
1,4,137632,0
1,3,137854,0
1,4,137854,0
1,2,137854,0
1,2,138076,0
1,1,138076,0
1,4,138298,0
1,3,138298,0
1,3,138409,0
1,2,138409,0
1,2,138520,0
1,1,138520,0
1,2,138743,0
1,4,138743,0
1,2,138965,0
1,3,138965,0
1,1,139187,0
1,3,139187,0
1,4,139187,0
1,1,139409,0
1,3,139409,0
1,1,139632,0
1,4,139632,0
1,2,139632,0
1,4,139854,0
1,2,139854,0
1,1,140076,0
1,3,140076,0
1,4,140076,0
2,2,140298,140743
1,3,140298,0
1,4,140298,0
1,1,140520,0
1,3,140520,0
1,1,140743,0
1,4,140743,0
1,3,140965,0
1,4,140965,0
1,2,140965,0
1,3,141187,0
1,1,141187,0
1,2,141409,0
1,4,141409,0
1,3,141409,0
1,1,141632,0
1,2,141632,0
1,1,141854,0
1,3,141854,0
1,4,141854,0
1,2,142076,0
1,4,142076,0
1,1,142298,0
1,2,142298,0
1,3,142298,0
1,2,142520,0
1,3,142520,0
1,4,142632,0
1,1,142743,0
1,2,142743,0
2,4,142743,143187
1,2,142965,0
1,3,142965,0
1,1,143187,0
1,2,143187,0
1,2,143409,0
1,4,143409,0
1,1,143520,0
1,1,143632,0
1,3,143632,0
1,4,143632,0
1,4,143854,0
1,2,143854,0
1,1,144076,0
1,3,144076,0
1,4,144076,0
2,1,144298,144743
1,3,144298,0
1,4,144298,0
1,2,144520,0
1,4,144520,0
1,2,144743,0
1,3,144743,0
1,3,144965,0
1,4,144965,0
1,2,144965,0
1,3,145187,0
1,1,145187,0
1,1,145409,0
1,2,145409,0
1,2,145520,0
1,3,145520,0
1,3,145632,0
1,4,145632,0
1,1,145854,0
1,2,145854,0
1,4,145854,0
1,2,146076,0
1,3,146076,0
1,1,146298,0
1,4,146298,0
1,2,146298,0
1,3,146520,0
1,4,146520,0
1,3,146743,0
1,4,146743,0
1,1,146743,0
1,2,146965,0
1,4,146965,0
1,1,147187,0
1,2,147187,0
1,3,147187,0
2,3,147409,147854
1,2,147409,0
1,1,147409,0
1,4,147632,0
1,1,147632,0
1,4,147854,0
1,2,147854,0
1,1,148076,0
1,4,148076,0
1,3,148298,0
1,1,148298,0
1,2,148520,0
1,3,148520,0
1,4,148520,0
1,2,148743,0
1,4,148743,0
1,1,148965,0
1,2,148965,0
1,3,149076,0
1,4,149076,0
1,1,149187,0
1,2,149187,0
1,1,149409,0
1,3,149409,0
1,4,149409,0
1,2,149632,0
1,3,149632,0
1,2,149743,0
1,3,149743,0
2,1,149854,150298
2,4,149854,150298
1,2,149854,0
1,3,149854,0
1,3,150076,0
1,2,150298,0
1,3,150298,0
1,2,150520,0
1,4,150520,0
1,1,150743,0
1,2,150743,0
1,4,150743,0
1,3,150965,0
1,2,150965,0
1,1,151187,0
1,2,151187,0
1,3,151187,0
2,2,151409,151854
2,3,151409,151854
1,1,151409,0
1,1,151632,0
1,4,151632,0
1,4,151854,0
1,2,152076,0
1,3,152076,0
1,4,152076,0
1,1,152298,0
1,3,152298,0
1,1,152520,0
1,2,152520,0
1,2,152632,0
1,3,152632,0
1,3,152743,0
1,4,152743,0
1,1,152965,0
1,3,152965,0
1,2,153187,0
1,3,153187,0
1,1,153409,0
1,4,153409,0
1,2,153409,0
1,2,153632,0
1,4,153632,0
1,1,153854,0
1,3,153854,0
1,2,153854,0
1,3,154076,0
1,4,154076,0
1,1,154298,0
1,2,154298,0
1,4,154298,0
2,3,154520,154965
1,2,154520,0
1,1,154743,0
1,4,154743,0
1,2,154965,0
1,1,155187,0
1,4,155187,0
1,3,155187,0
1,2,155409,0
1,3,155409,0
1,1,155632,0
1,3,155632,0
1,4,155632,0
1,4,155854,0
1,2,155854,0
1,2,156076,0
1,4,156076,0
1,3,156076,0
1,1,156187,0
1,2,156298,0
1,3,156298,0
1,1,156520,0
1,2,156520,0
1,4,156520,0
1,4,156743,0
1,2,156743,0
1,4,156854,0
2,1,156965,157409
2,2,156965,157409
1,4,156965,0
1,3,156965,0
1,3,157187,0
1,3,157409,0
1,4,157409,0
1,4,157632,0
1,1,157632,0
1,1,157854,0
1,2,157854,0
1,4,157854,0
1,2,158076,0
1,3,158076,0
1,1,158298,0
1,2,158298,0
1,4,158298,0
2,3,158520,158965
2,4,158520,158965
1,2,158520,0
1,1,158743,0
1,2,158743,0
1,1,158965,0
1,4,159187,0
1,1,159187,0
1,3,159187,0
1,4,159409,0
1,2,159409,0
1,3,159632,0
1,4,159632,0
1,3,159743,0
1,2,159743,0
1,2,159854,0
1,1,159854,0
1,3,160076,0
1,4,160076,0
1,2,160076,0
1,2,160298,0
1,3,160298,0
1,1,160520,0
1,4,160520,0
1,2,160520,0
1,2,160743,0
1,4,160743,0
1,4,160965,0
1,1,160965,0
1,3,160965,0
1,1,161187,0
1,3,161187,0
1,1,161409,0
1,2,161409,0
1,4,161409,0
2,4,161632,162076
1,1,161632,0
1,3,161632,0
1,2,161854,0
1,1,161854,0
1,2,162076,0
1,3,162076,0
1,1,162298,0
1,4,162298,0
1,2,162298,0
1,1,162520,0
1,3,162520,0
1,1,162743,0
1,2,162743,0
1,3,162743,0
1,2,162965,0
1,4,162965,0
1,1,163187,0
1,3,163187,0
1,4,163187,0
1,2,163298,0
1,1,163409,0
1,3,163409,0
1,1,163632,0
1,2,163632,0
1,4,163632,0
1,1,163854,0
1,2,163854,0
1,4,163854,0
1,4,163965,0
2,4,164076,165854
1,3,164076,0
1,1,164076,0
1,2,164298,0
1,1,164520,0
1,2,164520,0
1,3,164743,0
1,1,164965,0
1,3,164965,0
1,1,165187,0
1,2,165409,0
1,3,165409,0
1,1,165632,0
2,2,165854,166743
1,1,165854,0
1,3,165854,0
1,4,166076,0
1,3,166298,0
1,4,166298,0
1,1,166520,0
2,4,166743,167409
1,1,166743,0
1,3,166854,0
1,1,166965,0
1,1,167187,0
1,3,167187,0
2,3,167409,169854
1,2,167409,0
1,1,167632,0
1,4,167632,0
1,2,167632,0
1,2,167854,0
1,4,168076,0
1,2,168076,0
1,1,168298,0
1,1,168520,0
1,2,168520,0
1,4,168743,0
1,4,168965,0
1,1,168965,0
1,2,169187,0
1,1,169409,0
1,4,169409,0
1,2,169632,0
1,4,169854,0
1,1,169854,0
1,2,170076,0
1,3,170076,0
2,4,170298,170965
1,1,170298,0
1,3,170298,0
1,2,170409,0
1,3,170520,0
1,1,170520,0
1,2,170743,0
2,2,170965,172520
1,3,170965,0
1,3,171076,0
1,1,171187,0
1,4,171187,0
1,3,171409,0
1,1,171632,0
1,3,171632,0
1,3,171854,0
1,4,172076,0
1,1,172076,0
1,4,172298,0
2,1,172520,172743
1,3,172520,0
1,4,172520,0
2,2,172743,173409
1,3,172743,0
1,1,172965,0
1,4,172965,0
1,1,173187,0
2,1,173409,173632
1,3,173409,0
1,4,173409,0
2,2,173632,174298
1,4,173632,0
1,4,173854,0
1,3,173854,0
1,1,173965,0
1,4,174076,0
1,3,174076,0
2,4,174298,174520
1,1,174298,0
1,3,174298,0
1,2,174520,0
2,3,174520,177854
1,1,174743,0
1,4,174743,0
1,4,174965,0
1,2,175187,0
1,4,175187,0
1,1,175409,0
1,1,175632,0
1,2,175632,0
1,4,175854,0
1,2,176076,0
1,1,176076,0
1,1,176298,0
1,2,176520,0
1,4,176520,0
1,2,176743,0
1,1,176965,0
1,4,176965,0
1,1,177187,0
1,2,177409,0
1,4,177409,0
1,1,177520,0
1,2,177632,0
1,4,177632,0
1,1,177854,0
1,2,177854,0
1,4,177854,0
1,1,178076,0
1,1,178187,0
1,2,178298,0
1,3,178298,0
1,4,178298,0
1,3,178520,0
1,4,178743,0
1,2,178743,0
1,4,178965,0
1,3,179076,0
1,4,179187,0
1,3,179298,0
1,1,179409,0
1,2,179409,0
1,4,179632,0
1,3,179853,0
1,2,179853,0
1,1,180075,0
1,4,180075,0
1,2,180298,0
1,3,180520,0
1,4,180520,0
1,1,180743,0
1,2,180854,0
1,1,180964,0
1,3,180965,0
1,2,181076,0
2,4,181186,181631
2,3,181187,181632
1,1,181187,0
1,2,181409,0
1,1,181409,0
1,1,181853,0
1,4,181853,0
1,2,182076,0
1,1,182298,0
1,3,182298,0
1,3,182520,0
1,4,182632,0
1,3,182743,0
1,4,182854,0
1,3,182964,0
1,2,182964,0
1,1,183187,0
1,2,183409,0
1,3,183409,0
1,4,183632,0
1,2,183854,0
1,1,184076,0
1,3,184076,0
1,2,184298,0
1,3,184520,0
2,3,184742,185186
2,2,184742,185186
2,4,184743,185187
1,1,184743,0
1,1,184965,0
1,1,185187,0
1,3,185409,0
1,2,185409,0
1,3,185632,0
1,4,185632,0
1,2,185854,0
1,1,185854,0
1,1,186076,0
1,3,186187,0
1,1,186298,0
1,3,186409,0
2,2,186520,186965
2,4,186520,186965
1,1,186743,0
1,1,186965,0
1,3,186965,0
1,3,187186,0
1,2,187186,0
1,2,187409,0
1,1,187409,0
1,3,187632,0
1,4,187632,0
1,4,187854,0
1,2,187965,0
1,4,188076,0
1,2,188187,0
2,3,188298,188743
2,1,188298,188743
1,4,188520,0
1,2,188743,0
1,4,188743,0
1,1,188965,0
1,3,188965,0
1,2,189187,0
1,4,189187,0
1,3,189409,0
1,2,189409,0
1,4,189632,0
1,1,189743,0
1,2,189854,0
1,3,189965,0
1,4,190075,0
1,1,190075,0
1,2,190076,0
1,2,190298,0
1,3,190298,0
2,1,190520,190743
2,2,190520,190743
2,3,190520,190743
1,4,190520,0
1,3,190965,0
2,4,190965,191187
2,2,190965,191187
2,1,190965,191187
1,2,191409,0
2,1,191409,191632
2,3,191409,191632
2,4,191409,191632
1,1,191854,0
2,2,191854,192076
2,3,191854,192076
2,4,191854,192076
1,1,192298,0
2,2,192298,192520
2,3,192298,192520
2,4,192298,192520
1,2,192743,0
2,1,192743,192965
2,3,192743,192965
2,4,192743,192965
1,3,193187,0
2,1,193187,193409
2,2,193187,193409
2,4,193187,193409
1,4,193632,0
2,1,193632,193854
2,2,193632,193854
2,3,193632,193854
2,1,194076,194298
2,2,194076,194298
1,3,194076,0
1,4,194076,0
2,1,194520,194743
2,2,194520,194743
1,3,194520,0
1,4,194520,0
2,1,194965,195187
2,2,194965,195187
1,3,194965,0
1,4,194965,0
2,1,195409,195632
2,2,195409,195632
1,3,195409,0
1,4,195409,0
2,3,195854,196076
2,4,195854,196076
1,2,195854,0
1,1,196076,0
1,2,196076,0
2,3,196298,196520
2,4,196298,196520
1,2,196298,0
1,1,196520,0
1,2,196520,0
2,3,196743,196965
2,4,196743,196965
1,2,196743,0
1,1,196854,0
1,2,196965,0
1,1,197076,0
2,3,197187,197409
2,4,197187,197409
1,2,197187,0
1,1,197298,0
1,2,197409,0
1,1,197520,0
