1,1,329,0
1,2,497,0
1,3,664,0
2,1,1000,2005
1,4,1000,0
1,3,1167,0
1,2,1335,0
1,3,1502,0
1,2,1670,0
1,4,1670,0
2,2,2005,2340
2,3,2340,3011
1,4,2340,0
1,1,2508,0
1,2,2508,0
1,4,2676,0
1,2,2843,0
2,1,3011,3346
1,4,3011,0
1,3,3346,0
1,2,3514,0
1,3,3597,0
1,1,3681,0
2,4,3681,4687
1,2,3849,0
1,3,4016,0
1,3,4184,0
1,1,4352,0
1,2,4352,0
1,3,4519,0
1,1,4687,0
2,2,4687,4854
2,3,4854,5190
1,4,4854,0
1,1,5022,0
2,1,5190,5525
1,2,5190,0
1,4,5357,0
1,2,5525,0
2,4,5525,5860
1,1,5692,0
1,3,5692,0
1,1,5860,0
1,2,5860,0
1,3,5944,0
1,2,6028,0
1,1,6069,0
1,4,6111,0
1,3,6153,0
1,2,6195,0
1,1,6237,0
1,4,6279,0
1,3,6321,0
2,1,6363,7704
2,2,6363,6530
1,4,6530,0
2,3,6698,6866
2,4,6698,6866
1,2,6866,0
2,2,7033,7201
2,3,7033,7201
1,4,7201,0
2,2,7368,7536
2,4,7368,7536
1,3,7536,0
2,3,7704,7871
2,4,7704,8374
1,1,7871,0
2,1,8039,8206
2,2,8039,8206
1,3,8206,0
2,2,8374,9044
2,3,8374,8542
1,1,8542,0
2,1,8709,8877
2,4,8709,8877
1,3,8877,0
2,3,9044,9715
2,4,9044,9212
1,2,9212,0
2,1,9380,9547
2,2,9380,9547
1,4,9547,0
2,1,9715,10050
2,4,9715,10050
1,2,10050,0
1,3,10050,0
1,1,10218,0
1,3,10218,0
1,4,10218,0
1,2,10553,0
1,4,10553,0
1,3,10637,0
1,1,10720,0
1,2,10720,0
1,4,10720,0
1,1,10888,0
2,3,10888,11055
2,2,11055,11223
2,1,11223,11391
2,2,11391,11558
2,3,11558,11726
1,1,11726,0
1,2,11726,0
1,4,11726,0
1,3,12061,0
1,4,12061,0
1,2,12229,0
1,1,12396,0
1,3,12396,0
1,4,12396,0
1,2,12564,0
1,3,12731,0
1,4,12731,0
1,2,12899,0
1,3,13067,0
1,4,13067,0
1,1,13234,0
1,2,13318,0
1,3,13402,0
1,4,13402,0
1,2,13569,0
1,1,13737,0
1,3,13737,0
1,4,13737,0
1,2,13905,0
1,1,14072,0
1,3,14072,0
1,4,14240,0
1,1,14407,0
1,2,14407,0
1,3,14575,0
1,1,14743,0
1,2,14743,0
1,3,14910,0
1,1,15078,0
1,2,15078,0
1,4,15078,0
1,3,15245,0
1,1,15413,0
1,2,15413,0
1,3,15581,0
1,1,15748,0
1,2,15748,0
1,4,15916,0
1,3,16000,0
1,1,16083,0
1,2,16083,0
1,3,16251,0
2,1,16419,16754
1,2,16419,0
1,4,16419,0
1,2,16754,0
1,3,16754,0
1,4,16754,0
1,1,17089,0
2,3,17089,17424
1,4,17089,0
1,1,17424,0
1,2,17424,0
1,4,17424,0
1,3,17592,0
1,2,17759,0
1,4,17759,0
1,2,17927,0
1,3,17927,0
1,1,18095,0
1,3,18095,0
1,4,18095,0
1,2,18262,0
1,3,18430,0
2,4,18430,18933
1,2,18597,0
1,1,18765,0
1,3,18765,0
2,1,18933,19435
1,3,19100,0
1,4,19100,0
1,3,19268,0
1,4,19268,0
1,2,19435,0
1,3,19435,0
2,4,19435,19771
1,1,19603,0
1,1,19771,0
1,3,19771,0
1,3,19938,0
1,1,20106,0
1,2,20106,0
1,4,20106,0
1,2,20273,0
1,3,20441,0
2,4,20441,20776
1,1,20609,0
1,2,20609,0
1,1,20776,0
1,2,20776,0
1,3,20776,0
1,3,20944,0
2,1,21111,21447
1,2,21111,0
1,3,21279,0
1,4,21279,0
1,2,21447,0
1,3,21447,0
1,4,21447,0
1,2,21614,0
1,4,21614,0
1,1,21782,0
1,2,21782,0
1,3,21782,0
1,4,21949,0
1,3,22033,0
1,1,22117,0
1,2,22117,0
1,3,22201,0
1,4,22201,0
1,1,22285,0
1,2,22285,0
1,3,22368,0
1,1,22452,0
1,2,22452,0
2,4,22452,22620
2,3,22620,22787
1,1,22787,0
1,2,22787,0
1,4,22787,0
1,3,22955,0
1,1,23039,0
1,2,23039,0
1,3,23123,0
1,4,23123,0
2,2,23290,23458
1,1,23458,0
1,3,23458,0
1,4,23458,0
2,4,23625,23793
2,2,23793,23877
1,3,23793,0
2,2,23961,24044
1,1,24128,0
1,2,24128,0
1,4,24128,0
1,3,24296,0
1,2,24380,0
1,3,24463,0
2,4,24463,24547
1,4,24631,0
1,1,24799,0
1,2,24799,0
2,3,24799,24882
1,3,24966,0
2,1,25134,25301
1,4,25134,0
2,2,25301,25469
1,1,25469,0
1,3,25469,0
1,4,25469,0
1,2,25637,0
1,3,25720,0
1,4,25720,0
1,1,25804,0
1,2,25804,0
2,3,25972,26139
1,1,26139,0
1,2,26139,0
1,4,26139,0
2,1,26307,26474
2,3,26474,26558
1,4,26474,0
2,3,26642,26726
1,1,26810,0
1,3,26810,0
1,4,26810,0
1,2,26977,0
1,3,27061,0
1,1,27145,0
2,2,27145,27480
1,3,27312,0
1,1,27480,0
2,3,27480,27815
1,4,27480,0
1,1,27815,0
1,2,27815,0
1,4,27815,0
1,1,28150,0
1,2,28150,0
2,4,28150,28653
1,3,28318,0
1,1,28486,0
1,2,28486,0
1,1,28653,0
2,3,28653,29156
1,2,28821,0
1,1,28988,0
1,4,28988,0
2,2,29156,29659
1,3,29324,0
1,4,29324,0
1,1,29491,0
1,4,29491,0
2,3,29659,30162
1,1,29826,0
1,2,29826,0
1,1,29994,0
1,2,29994,0
2,1,30162,30497
1,2,30162,0
1,4,30162,0
1,3,30329,0
1,2,30497,0
1,4,30497,0
1,2,30664,0
1,1,30832,0
1,3,30832,0
1,4,30832,0
1,3,31000,0
2,1,31167,31838
1,2,31167,0
1,2,31335,0
1,4,31335,0
1,3,31502,0
1,2,31670,0
1,3,31670,0
1,4,31670,0
2,4,31838,32508
1,1,32033,0
1,2,32033,0
1,1,32173,0
1,2,32173,0
1,3,32173,0
1,3,32340,0
1,1,32508,0
1,2,32508,0
1,3,32592,0
1,4,32592,0
1,1,32676,0
1,2,32676,0
1,3,32759,0
1,1,32843,0
1,4,32843,0
1,2,32927,0
1,3,33011,0
1,4,33011,0
1,2,33095,0
1,1,33178,0
1,3,33178,0
2,4,33178,33514
1,2,33346,0
1,3,33514,0
1,1,33681,0
2,4,33681,34016
1,2,33849,0
1,3,33933,0
1,1,34016,0
1,2,34016,0
1,1,34184,0
1,3,34184,0
1,4,34184,0
2,1,34519,34854
1,2,34519,0
1,4,34687,0
1,3,34854,0
2,1,35022,35357
1,2,35022,0
1,4,35190,0
1,2,35357,0
1,3,35357,0
1,1,35525,0
1,2,35525,0
1,4,35525,0
1,3,35692,0
1,1,35776,0
1,2,35776,0
2,3,35860,36195
1,4,35860,0
1,1,36028,0
1,1,36195,0
1,2,36195,0
2,3,36363,36698
1,4,36363,0
1,2,36530,0
1,4,36530,0
1,1,36698,0
1,2,36698,0
1,1,36866,0
1,3,36866,0
1,4,36866,0
1,2,36949,0
1,4,37033,0
1,3,37117,0
1,1,37201,0
2,2,37201,37536
1,4,37368,0
1,1,37536,0
1,3,37536,0
2,2,37704,38039
1,4,37704,0
1,3,37871,0
1,4,37871,0
1,1,38039,0
1,3,38039,0
1,1,38206,0
1,2,38206,0
1,4,38206,0
1,1,38542,0
1,3,38542,0
1,4,38542,0
1,1,38709,0
1,2,38709,0
1,3,38793,0
1,4,38877,0
1,1,38961,0
1,3,39044,0
1,4,39044,0
1,2,39128,0
1,3,39212,0
1,1,39296,0
1,2,39380,0
1,4,39380,0
1,3,39463,0
1,1,39547,0
1,2,39631,0
1,3,39715,0
1,4,39715,0
1,1,39799,0
1,2,39882,0
1,3,39882,0
1,4,39966,0
1,1,40050,0
1,2,40050,0
1,3,40134,0
1,1,40218,0
1,2,40218,0
1,3,40301,0
1,1,40385,0
1,4,40385,0
1,2,40469,0
1,3,40553,0
1,4,40553,0
1,1,40637,0
1,2,40637,0
1,3,40720,0
1,4,40720,0
1,2,40804,0
1,1,40888,0
1,4,40888,0
1,2,40972,0
1,3,40972,0
1,1,41055,0
1,4,41055,0
1,3,41139,0
1,1,41223,0
1,2,41223,0
1,3,41307,0
1,4,41307,0
1,1,41391,0
1,2,41391,0
1,3,41474,0
1,4,41474,0
1,1,41558,0
1,2,41558,0
1,3,41642,0
1,4,41642,0
1,1,41726,0
1,2,41726,0
1,3,41810,0
1,1,41893,0
1,4,41893,0
1,2,41977,0
1,3,41977,0
1,1,42061,0
1,4,42061,0
1,2,42145,0
1,3,42145,0
1,1,42229,0
1,4,42229,0
1,2,42312,0
1,3,42312,0
1,1,42396,0
1,4,42396,0
1,2,42480,0
1,3,42564,0
1,4,42564,0
1,1,42648,0
1,2,42648,0
1,3,42731,0
1,4,42731,0
1,2,42815,0
1,1,42899,0
1,3,42899,0
1,4,42899,0
1,1,43234,0
1,3,43234,0
1,1,43486,0
1,3,43486,0
1,1,43737,0
1,3,43737,0
1,1,43905,0
1,2,43905,0
2,4,43905,44743
2,2,44407,45078
2,4,44910,45413
2,3,45078,45413
2,1,45245,45581
2,2,45413,45581
1,4,45581,0
1,3,45637,0
1,1,45748,0
1,2,45748,0
2,4,45916,46251
2,3,46083,46251
1,1,46251,0
1,2,46251,0
2,1,46586,47592
1,2,46586,0
1,4,46586,0
1,3,46754,0
1,2,46921,0
1,3,46921,0
1,4,46921,0
1,2,47089,0
1,3,47257,0
1,4,47257,0
1,2,47424,0
1,2,47592,0
2,3,47592,47927
1,4,47592,0
1,1,47759,0
1,1,47927,0
2,4,47927,48262
1,2,48095,0
1,1,48262,0
1,2,48262,0
1,3,48262,0
1,4,48430,0
1,1,48597,0
2,2,48597,48933
1,4,48765,0
1,1,48933,0
1,3,48933,0
1,4,48933,0
2,3,49100,49268
2,1,49268,49938
1,2,49268,0
1,4,49435,0
1,2,49603,0
1,3,49603,0
1,4,49603,0
1,2,49771,0
1,3,49938,0
1,4,49938,0
1,3,50106,0
1,1,50273,0
2,2,50273,50441
1,4,50273,0
2,3,50441,50609
1,1,50609,0
1,4,50609,0
2,2,50776,50944
1,1,50944,0
1,3,50944,0
1,4,50944,0
2,4,51111,51279
1,1,51279,0
1,2,51279,0
2,3,51447,51782
1,1,51614,0
2,2,51614,51949
2,4,51782,51949
2,1,51949,52285
1,3,51949,0
1,2,52117,0
1,2,52285,0
1,3,52285,0
1,4,52285,0
2,3,52452,52620
1,1,52620,0
2,2,52620,52955
1,4,52787,0
1,1,52955,0
1,3,52955,0
1,4,52955,0
2,1,53123,53290
1,2,53290,0
2,4,53290,53625
1,3,53458,0
1,1,53625,0
1,2,53625,0
1,3,53625,0
2,2,53793,53961
2,3,53961,54296
1,4,53961,0
1,1,54128,0
1,1,54296,0
1,2,54296,0
1,4,54296,0
2,2,54463,54631
2,1,54631,54966
1,4,54631,0
1,3,54799,0
1,2,54966,0
2,3,54966,55301
1,4,54966,0
1,1,55134,0
2,2,55134,55301
1,4,55301,0
2,2,55469,55637
1,3,55469,0
1,1,55637,0
1,3,55637,0
1,4,55637,0
2,1,55804,56139
1,2,55804,0
2,4,55804,56139
1,2,56139,0
1,3,56139,0
1,1,56307,0
1,3,56307,0
1,4,56307,0
1,2,56391,0
1,3,56474,0
1,1,56558,0
1,2,56642,0
1,4,56642,0
1,3,56726,0
1,1,56810,0
1,2,56810,0
1,3,56893,0
1,4,56893,0
1,1,56977,0
1,2,56977,0
1,3,57061,0
1,4,57061,0
1,1,57145,0
1,2,57145,0
1,3,57229,0
1,1,57312,0
1,2,57312,0
2,4,57312,58318
1,3,57480,0
1,1,57648,0
1,2,57648,0
1,3,57648,0
1,2,57815,0
1,1,57983,0
1,3,57983,0
1,2,58150,0
1,1,58318,0
2,2,58318,58653
1,3,58318,0
1,4,58486,0
2,1,58653,58988
1,4,58653,0
1,3,58821,0
1,2,58988,0
1,3,58988,0
1,4,58988,0
1,1,59156,0
2,3,59324,59659
1,4,59324,0
1,1,59491,0
1,1,59659,0
1,2,59659,0
1,4,59659,0
2,2,59826,59994
1,3,59994,0
2,4,59994,60664
1,1,60162,0
1,1,60329,0
1,2,60329,0
1,3,60329,0
1,3,60497,0
1,1,60664,0
1,2,60664,0
1,2,60832,0
2,1,61000,61167
1,3,61000,0
1,4,61000,0
2,2,61167,61335
1,3,61335,0
1,4,61335,0
2,3,61502,61670
1,1,61670,0
1,2,61670,0
1,4,61670,0
2,1,61838,62005
1,3,62005,0
1,4,62005,0
2,2,62173,62508
2,3,62340,62676
1,4,62340,0
2,1,62508,62676
1,2,62676,0
2,4,62676,63011
1,3,62843,0
1,1,63011,0
1,2,63011,0
1,3,63011,0
2,2,63178,63346
2,3,63346,63681
1,4,63346,0
1,1,63514,0
1,1,63681,0
1,2,63681,0
1,4,63681,0
2,4,63849,64016
1,1,64016,0
2,2,64016,64352
1,3,64184,0
1,1,64352,0
1,3,64352,0
1,4,64352,0
2,4,64519,64687
2,1,64687,65022
1,2,64687,0
1,3,64854,0
1,2,65022,0
1,3,65022,0
1,4,65022,0
2,2,65190,65357
2,3,65357,65692
1,4,65357,0
1,1,65525,0
2,1,65692,66028
1,2,65692,0
1,4,65692,0
2,2,65860,66028
1,3,65860,0
1,4,66028,0
2,1,66195,66363
1,3,66195,0
1,2,66279,0
1,3,66363,0
1,4,66363,0
1,1,66530,0
2,3,66530,66866
2,4,66530,66866
2,1,66866,67033
1,2,66866,0
2,2,67033,67201
1,3,67033,0
1,4,67033,0
1,1,67201,0
2,3,67201,67368
1,1,67368,0
1,2,67368,0
1,4,67368,0
1,3,67536,0
1,2,67620,0
1,1,67704,0
1,4,67704,0
1,2,67787,0
1,3,67787,0
1,1,67871,0
1,4,67871,0
1,3,67955,0
2,1,68039,68206
2,2,68039,68206
1,4,68039,0
1,3,68206,0
1,2,68374,0
2,3,68374,68542
2,4,68374,68542
2,1,68542,69044
1,3,68709,0
1,4,68709,0
1,2,68877,0
1,2,69044,0
1,3,69044,0
2,4,69044,69380
1,1,69212,0
1,1,69380,0
1,2,69380,0
2,3,69380,69715
1,4,69547,0
1,1,69715,0
2,2,69715,70050
1,4,69715,0
1,3,69882,0
1,1,70050,0
1,3,70050,0
1,2,70218,0
1,4,70218,0
1,1,70385,0
1,3,70385,0
1,4,70385,0
2,1,70553,70888
1,2,70553,0
2,4,70553,70888
1,2,70888,0
1,3,70888,0
1,1,71055,0
1,2,71055,0
1,3,71055,0
2,2,71223,71558
1,3,71223,0
2,4,71223,71558
1,1,71558,0
1,3,71558,0
1,2,71726,0
1,3,71726,0
1,4,71726,0
2,1,71893,72229
1,2,71893,0
2,3,71893,72229
1,2,72229,0
1,4,72229,0
1,1,72396,0
1,2,72396,0
1,4,72396,0
1,1,72564,0
2,2,72564,72899
1,3,72564,0
2,3,72731,72899
1,4,72731,0
1,1,72899,0
1,4,72899,0
1,1,73067,0
2,3,73067,73402
1,4,73067,0
1,1,73402,0
1,2,73402,0
2,4,73402,73737
1,3,73569,0
1,1,73737,0
2,2,73737,73905
1,3,73737,0
2,1,73905,74072
1,2,74072,0
1,4,74072,0
2,2,74240,74407
1,1,74407,0
1,3,74407,0
1,4,74407,0
1,3,74575,0
2,1,74743,75078
1,4,74743,0
1,2,74910,0
2,2,75078,75245
1,3,75078,0
1,4,75078,0
2,3,75245,75413
1,1,75413,0
1,4,75413,0
1,2,75581,0
1,3,75664,0
1,4,75664,0
1,1,75748,0
1,2,75748,0
1,2,75916,0
1,3,75916,0
1,1,76083,0
1,3,76083,0
1,4,76083,0
1,1,76251,0
1,3,76251,0
1,4,76251,0
1,1,76586,0
1,2,76586,0
1,4,76586,0
1,1,76754,0
1,2,76754,0
1,4,76754,0
1,2,77089,0
1,3,77089,0
1,4,77089,0
1,2,77257,0
1,3,77257,0
1,4,77257,0
1,2,77592,0
1,4,77592,0
1,3,77676,0
1,1,77759,0
1,2,77759,0
1,4,77759,0
1,3,77927,0
1,1,78011,0
1,2,78011,0
1,3,78095,0
1,4,78095,0
1,2,78178,0
1,1,78262,0
1,3,78346,0
1,4,78346,0
1,1,78430,0
1,2,78430,0
1,3,78514,0
1,1,78597,0
1,4,78597,0
1,2,78681,0
2,1,78765,79435
1,3,78765,0
1,4,78765,0
1,2,78933,0
1,2,79100,0
1,3,79100,0
1,4,79100,0
1,3,79268,0
1,2,79435,0
2,4,79435,80106
1,3,79603,0
1,1,79771,0
1,2,79771,0
1,3,79771,0
1,2,79938,0
1,1,80106,0
2,3,80106,80776
1,2,80273,0
1,1,80441,0
1,2,80441,0
1,4,80441,0
1,4,80609,0
1,1,80776,0
2,2,80776,81447
1,3,80944,0
1,1,81111,0
1,3,81111,0
1,4,81111,0
1,1,81279,0
2,3,81447,82117
1,4,81447,0
1,1,81614,0
1,1,81782,0
1,2,81782,0
1,4,81782,0
1,4,81949,0
2,1,82117,82452
1,2,82117,0
1,3,82285,0
1,2,82452,0
1,3,82452,0
1,4,82452,0
1,1,82620,0
1,3,82620,0
2,4,82620,82955
1,2,82787,0
1,1,82955,0
1,2,82955,0
1,3,82955,0
2,1,83123,83458
1,3,83123,0
1,4,83123,0
1,2,83290,0
1,3,83374,0
1,2,83458,0
1,4,83458,0
1,3,83625,0
1,4,83625,0
1,1,83709,0
1,2,83709,0
1,3,83793,0
1,4,83793,0
1,2,83877,0
1,1,83961,0
2,3,83961,86810
2,4,83961,92173
