2,1,679,2315
2,2,951,1224
2,3,1224,1497
2,4,1497,1769
2,3,1769,2042
2,2,2042,2315
2,4,2315,3951
2,3,2588,2860
2,2,2860,3133
2,1,3133,3406
2,2,3406,3679
2,3,3679,3951
2,1,3951,7224
2,2,4224,4497
2,3,4497,4769
2,4,4769,5042
2,3,5042,5315
2,2,5315,5588
2,4,5588,5860
2,3,5860,6133
2,4,6133,6406
2,2,6406,6542
2,3,6542,6679
2,4,6679,6951
2,2,6951,7224
2,3,7224,8860
2,4,7497,7769
2,2,7769,8042
2,1,8042,8315
2,2,8315,8588
2,4,8588,8860
2,2,8860,10497
2,1,9133,9406
2,3,9406,9679
2,4,9679,9951
2,3,9951,10224
2,1,10224,10497
2,3,10497,13769
2,4,10769,11042
2,2,11042,11315
2,1,11315,11588
2,2,11588,11860
2,4,11860,12133
2,1,12133,12406
2,2,12406,12679
2,4,12679,12951
2,2,12951,13224
2,1,13224,13497
2,2,13497,13633
2,4,13633,13769
2,1,13769,13906
2,2,13769,14315
2,1,14042,14315
2,3,14315,14860
2,4,14315,14451
2,4,14588,14860
2,1,14860,14997
2,2,14860,15269
2,1,15133,15269
2,2,15406,15815
2,4,15406,15542
2,4,15679,15951
2,1,15951,16497
2,3,15951,16088
2,3,16224,16497
2,2,16497,16633
2,4,16497,16906
2,2,16769,16906
2,3,17042,17179
2,4,17042,17588
2,3,17315,17588
2,1,17588,18133
2,2,17588,17724
2,2,17860,18133
2,3,18133,18269
2,4,18133,18679
2,3,18406,18679
2,1,18679,19224
2,2,18679,18815
2,2,18951,19224
2,3,19224,19497
2,4,19224,19769
2,2,19497,19769
2,1,19769,20315
2,3,19769,20042
2,2,20042,20315
2,3,20315,20860
2,4,20315,20451
2,4,20588,20860
2,1,20860,20997
2,2,20860,21406
2,1,21133,21406
2,3,21406,21815
2,4,21406,21542
2,4,21679,21815
2,1,21951,22088
2,3,21951,22360
2,1,22224,22497
2,2,22497,22633
2,4,22497,23042
2,2,22769,23042
2,1,23042,23451
2,3,23042,23179
2,3,23315,23451
2,1,23588,24133
2,2,23588,23724
2,2,23860,24133
2,3,24133,24269
2,4,24133,24679
2,3,24406,24679
2,1,24679,25224
2,2,24679,24815
2,2,24951,25224
2,3,25224,25360
2,4,25224,25769
2,3,25497,25769
2,1,25769,26315
2,2,25769,26042
2,3,26042,26315
1,2,26315,0
1,4,26451,0
1,2,26588,0
1,3,26679,0
1,4,26769,0
2,1,26860,28156
1,2,26860,0
1,2,27269,0
1,3,27269,0
1,3,27497,0
1,3,27679,0
1,4,27815,0
1,2,27951,0
1,4,28019,0
1,3,28088,0
1,2,28156,0
2,4,28224,28497
1,1,28360,0
1,2,28497,0
2,3,28497,29792
1,1,28769,0
1,1,28906,0
1,4,28906,0
1,2,29133,0
1,2,29315,0
1,1,29451,0
1,4,29588,0
1,1,29656,0
1,2,29724,0
1,4,29792,0
2,1,29860,30133
1,3,29997,0
2,2,30133,31769
1,4,30133,0
1,4,30406,0
1,1,30542,0
1,4,30542,0
1,3,30769,0
1,3,30921,0
1,4,31042,0
1,1,31224,0
1,4,31292,0
1,3,31360,0
1,1,31429,0
1,4,31497,0
1,3,31633,0
1,1,31769,0
2,4,31769,32860
1,2,32179,0
1,3,32179,0
1,1,32406,0
1,3,32588,0
1,1,32724,0
2,3,32860,33406
1,1,32929,0
1,2,32997,0
1,4,33065,0
1,1,33133,0
1,2,33269,0
2,1,33406,34633
1,4,33406,0
1,2,33679,0
1,2,33815,0
1,3,33815,0
1,3,34042,0
1,3,34224,0
1,4,34315,0
1,2,34497,0
1,4,34542,0
1,3,34588,0
1,2,34633,0
2,4,34769,35042
1,1,34860,0
1,2,35042,0
2,3,35042,36679
1,1,35315,0
1,1,35451,0
1,4,35451,0
1,2,35860,0
1,1,35997,0
1,4,36133,0
1,2,36224,0
1,1,36269,0
1,4,36406,0
1,1,36497,0
2,2,36679,38042
1,4,36679,0
1,4,36951,0
1,1,37088,0
1,4,37088,0
1,3,37466,0
1,1,37588,0
1,4,37769,0
1,1,37838,0
1,3,37906,0
1,4,37974,0
2,1,38042,38315
1,3,38179,0
1,2,38315,0
2,4,38315,39951
1,3,38588,0
1,2,38724,0
1,3,38724,0
1,2,38951,0
1,2,39133,0
1,1,39269,0
1,3,39474,0
1,2,39542,0
1,1,39610,0
1,3,39679,0
1,2,39815,0
2,1,39951,41247
1,3,39951,0
1,2,40224,0
1,2,40360,0
1,3,40360,0
1,3,40588,0
1,3,40769,0
1,4,40906,0
1,2,41042,0
1,4,41110,0
1,3,41179,0
1,2,41247,0
2,4,41315,41588
1,1,41451,0
1,2,41588,0
2,3,41588,42883
1,4,41724,0
1,1,41860,0
1,1,41997,0
1,4,41997,0
1,4,42224,0
1,4,42406,0
1,1,42542,0
1,4,42679,0
1,1,42747,0
1,2,42815,0
1,4,42883,0
2,1,42951,43224
1,3,43088,0
2,2,43224,44588
1,4,43224,0
1,1,43360,0
1,4,43497,0
1,1,43633,0
1,4,43633,0
1,1,43906,0
1,1,44042,0
1,4,44179,0
1,1,44315,0
1,3,44383,0
1,4,44451,0
1,1,44519,0
2,3,44588,44860
1,2,44724,0
1,1,44860,0
2,4,44860,45951
1,3,45133,0
1,2,45269,0
1,3,45269,0
1,2,45497,0
1,2,45679,0
1,1,45815,0
2,3,45951,46497
1,1,46019,0
1,2,46088,0
1,4,46156,0
1,1,46224,0
1,2,46360,0
2,1,46497,49757
1,4,46497,0
1,4,49757,0
1,4,50072,0
1,4,50388,0
1,4,50704,0
1,1,51020,0
1,2,51020,0
2,4,51020,52125
1,1,51335,0
2,3,51335,51493
2,2,51493,51967
1,1,51967,0
2,3,51967,52125
2,1,52125,53388
2,3,52441,52599
2,2,52599,52757
1,4,52599,0
2,3,52757,52914
2,2,52914,53151
2,2,53230,53388
1,4,53230,0
2,4,53388,54493
2,2,53704,53862
1,1,53862,0
2,3,53862,54020
2,2,54020,54178
2,1,54178,54335
2,3,54335,54493
1,1,54493,0
2,2,54493,54651
2,4,54651,54809
2,3,54809,54967
2,2,54967,55125
1,1,55125,0
2,4,55125,55441
2,1,55283,55441
1,2,55441,0
1,3,55441,0
1,1,55520,0
1,4,55520,0
1,2,55599,0
1,3,55599,0
1,1,55678,0
1,3,55757,0
1,4,55757,0
1,1,55835,0
1,2,55835,0
2,1,55914,56072
2,3,55914,56072
2,4,55914,56072
1,2,56230,0
1,4,56230,0
1,3,56309,0
1,1,56388,0
1,2,56388,0
1,4,56388,0
1,1,56546,0
1,3,56546,0
1,2,56704,0
1,3,56704,0
1,4,56704,0
1,1,56862,0
1,2,56862,0
1,1,57020,0
1,3,57020,0
1,4,57020,0
1,2,57178,0
1,4,57178,0
1,1,57335,0
1,2,57335,0
1,3,57335,0
1,3,57493,0
1,4,57493,0
1,1,57651,0
1,2,57651,0
1,4,57651,0
1,1,57809,0
1,3,57809,0
1,2,57888,0
1,1,57967,0
1,3,57967,0
1,4,57967,0
1,2,58125,0
1,4,58125,0
1,1,58283,0
1,2,58283,0
1,3,58283,0
1,1,58441,0
1,4,58441,0
1,2,58599,0
1,3,58599,0
1,4,58599,0
1,1,58757,0
1,2,58757,0
1,1,58914,0
1,3,58914,0
1,4,58914,0
1,2,59072,0
1,4,59072,0
1,3,59151,0
1,1,59230,0
1,2,59230,0
1,4,59230,0
1,1,59388,0
1,3,59388,0
1,1,59546,0
1,2,59546,0
1,4,59546,0
1,3,59704,0
1,4,59704,0
1,1,59862,0
1,2,59862,0
1,3,59862,0
1,2,60020,0
1,4,60020,0
1,1,60178,0
1,3,60178,0
1,4,60178,0
1,2,60335,0
1,3,60335,0
1,4,60414,0
1,1,60493,0
1,2,60493,0
1,3,60493,0
1,1,60651,0
1,4,60651,0
1,2,60730,0
1,3,60809,0
1,4,60809,0
2,1,60967,61125
2,2,60967,61125
2,4,60967,61125
1,1,61283,0
1,3,61283,0
1,2,61362,0
1,1,61441,0
1,3,61441,0
1,4,61441,0
1,2,61599,0
1,4,61599,0
1,1,61757,0
1,2,61757,0
1,3,61757,0
1,3,61914,0
1,4,61914,0
1,1,62072,0
1,2,62072,0
1,4,62072,0
1,1,62230,0
1,3,62230,0
1,2,62388,0
1,3,62388,0
1,4,62388,0
1,1,62546,0
1,2,62546,0
1,1,62704,0
1,3,62704,0
1,4,62704,0
1,2,62862,0
1,4,62862,0
1,1,63020,0
1,2,63020,0
1,3,63020,0
1,1,63178,0
1,4,63178,0
1,3,63257,0
1,1,63335,0
1,2,63335,0
1,4,63335,0
1,2,63493,0
1,3,63493,0
1,1,63651,0
1,3,63651,0
1,4,63651,0
1,1,63809,0
1,2,63809,0
1,2,63967,0
1,3,63967,0
1,4,63967,0
1,1,64125,0
1,3,64125,0
1,1,64283,0
1,2,64283,0
1,4,64283,0
1,3,64441,0
1,4,64441,0
1,2,64520,0
1,1,64599,0
1,3,64599,0
1,4,64599,0
1,1,64757,0
1,2,64757,0
1,2,64914,0
1,3,64914,0
1,4,64914,0
1,1,65072,0
1,3,65072,0
1,1,65230,0
1,2,65230,0
1,4,65230,0
1,2,65388,0
1,3,65388,0
1,4,65467,0
1,1,65546,0
1,2,65546,0
1,3,65546,0
1,1,65704,0
1,4,65704,0
1,2,65862,0
1,3,65862,0
1,4,65862,0
1,1,66020,0
1,4,66020,0
2,1,66178,66493
1,2,66178,0
1,3,66178,0
1,2,66493,0
1,3,66493,0
1,4,66493,0
1,1,66651,0
1,2,66651,0
1,1,66809,0
1,3,66809,0
1,4,66809,0
1,2,66967,0
1,4,66967,0
1,3,67046,0
1,1,67125,0
1,2,67125,0
1,4,67125,0
1,1,67283,0
1,3,67283,0
1,2,67441,0
1,3,67441,0
1,4,67441,0
1,1,67599,0
1,2,67599,0
1,1,67757,0
1,3,67757,0
1,4,67757,0
1,2,67914,0
1,4,67914,0
1,1,68072,0
1,2,68072,0
1,3,68072,0
1,3,68230,0
1,4,68230,0
1,2,68309,0
1,1,68388,0
1,3,68388,0
1,4,68388,0
1,1,68546,0
1,2,68546,0
1,2,68704,0
1,3,68704,0
1,4,68704,0
1,1,68862,0
1,3,68862,0
1,2,69020,0
1,3,69020,0
1,4,69020,0
1,1,69178,0
1,2,69178,0
1,3,69257,0
1,1,69335,0
1,2,69335,0
1,4,69335,0
1,2,69493,0
1,3,69493,0
1,1,69651,0
1,3,69651,0
1,4,69651,0
1,2,69809,0
1,3,69809,0
1,4,69888,0
2,1,69967,70046
2,2,69967,70046
1,3,69967,0
2,1,70125,70204
2,3,70125,70204
1,2,70283,0
2,3,70283,70362
2,4,70283,70362
2,2,70441,70520
2,4,70441,70520
1,3,70520,0
1,1,70599,0
1,2,70599,0
1,3,70651,0
1,4,70651,0
1,1,70757,0
1,2,70835,0
1,3,70914,0
1,4,70914,0
1,1,70967,0
1,2,70967,0
1,4,71072,0
1,1,71151,0
1,2,71230,0
2,3,71230,71309
2,4,71230,71309
2,3,71388,71467
2,4,71388,71467
2,1,71546,71625
2,2,71546,71625
1,3,71546,0
2,1,71704,71783
2,2,71704,71783
1,4,71704,0
1,2,71862,0
2,3,71862,71941
2,4,71862,71941
2,2,72020,72099
2,3,72020,72099
2,1,72178,72257
2,2,72178,72257
1,4,72178,0
2,1,72335,72414
2,4,72335,72651
1,1,72493,0
1,2,72493,0
1,3,72493,0
1,1,72651,0
1,3,72651,0
1,2,72809,0
1,3,72809,0
1,4,72809,0
1,1,72967,0
1,2,72967,0
1,3,73046,0
2,1,73125,73204
1,2,73125,0
2,4,73125,73204
2,2,73283,73362
2,3,73283,73362
2,1,73441,73520
1,2,73441,0
2,4,73441,73520
2,2,73599,73757
1,3,73599,0
1,1,73757,0
1,3,73757,0
1,4,73757,0
1,1,73914,0
1,2,73914,0
1,1,74072,0
1,3,74072,0
1,4,74072,0
1,2,74230,0
1,4,74230,0
1,1,74388,0
1,2,74388,0
1,3,74388,0
1,3,74546,0
1,4,74546,0
1,1,74704,0
1,2,74704,0
1,4,74704,0
1,1,74862,0
1,3,74862,0
1,2,75020,0
1,3,75020,0
1,4,75020,0
1,2,75178,0
1,4,75178,0
1,1,75335,0
1,2,75335,0
1,3,75335,0
1,4,75335,0
1,1,75493,0
1,3,75493,0
1,2,75572,0
1,1,75651,0
1,3,75651,0
1,4,75651,0
1,2,75809,0
1,3,75809,0
1,1,75967,0
1,2,75967,0
1,3,75967,0
1,4,75967,0
1,1,76125,0
1,4,76125,0
1,2,76204,0
1,1,76283,0
1,3,76283,0
1,4,76283,0
1,1,76441,0
1,2,76441,0
1,1,76599,0
1,3,76599,0
1,1,76757,0
1,2,76757,0
1,3,76757,0
1,4,76757,0
1,2,76914,0
1,4,76914,0
1,3,77072,0
1,4,77072,0
1,1,77230,0
1,2,77230,0
1,3,77230,0
1,4,77230,0
1,1,77388,0
1,2,77388,0
1,1,77546,0
1,3,77546,0
1,2,77704,0
1,3,77704,0
1,4,77704,0
1,3,77862,0
1,4,77862,0
1,2,78020,0
1,4,78020,0
1,1,78178,0
1,2,78178,0
1,3,78178,0
1,4,78178,0
1,1,78335,0
1,4,78335,0
1,2,78493,0
1,3,78493,0
1,4,78493,0
1,2,78651,0
1,3,78651,0
1,1,78730,0
1,2,78809,0
1,3,78809,0
1,4,78809,0
1,1,78967,0
1,4,78967,0
1,1,79125,0
1,4,79125,0
1,1,79283,0
1,2,79283,0
1,3,79283,0
1,4,79283,0
1,2,79441,0
1,3,79441,0
1,2,79599,0
1,3,79599,0
1,1,79757,0
1,2,79757,0
1,3,79757,0
1,4,79757,0
1,1,79914,0
1,3,79914,0
1,2,79993,0
1,1,80072,0
1,3,80072,0
1,4,80072,0
1,2,80230,0
1,4,80230,0
1,1,80388,0
1,3,80388,0
1,4,80388,0
1,2,80546,0
1,4,80546,0
1,2,80704,0
1,3,80704,0
1,4,80704,0
1,1,80862,0
1,2,80862,0
1,3,80941,0
1,4,80941,0
1,1,81020,0
1,2,81020,0
1,3,81099,0
1,4,81099,0
1,1,81178,0
1,2,81178,0
1,3,81257,0
2,1,81335,81809
1,2,81335,0
1,4,81335,0
1,2,81651,0
1,3,81651,0
1,4,81651,0
2,3,81809,82283
1,1,81967,0
1,4,81967,0
1,1,82125,0
1,2,82125,0
1,1,82283,0
2,2,82283,82441
1,4,82283,0
2,4,82441,82599
2,2,82599,82757
1,3,82599,0
1,1,82757,0
2,4,82757,82914
1,1,82914,0
2,2,82914,83072
1,3,82914,0
2,4,83072,83230
1,1,83230,0
2,2,83230,83388
1,3,83388,0
2,4,83388,83546
1,1,83546,0
1,2,83546,0
1,3,83599,0
1,4,83651,0
1,1,83704,0
1,2,83757,0
1,3,83809,0
1,1,83862,0
2,4,83862,84335
1,1,84178,0
1,2,84178,0
1,3,84178,0
2,2,84335,84809
1,1,84493,0
1,4,84493,0
1,3,84651,0
1,4,84651,0
1,1,84809,0
2,3,84809,84967
1,4,84809,0
2,1,84967,85125
1,2,85125,0
2,3,85125,85283
2,1,85283,85441
1,4,85283,0
1,2,85441,0
2,3,85441,85599
1,4,85441,0
2,1,85599,85757
2,3,85757,85914
1,4,85757,0
2,1,85914,86072
1,2,85914,0
1,3,86072,0
1,4,86072,0
1,2,86125,0
1,1,86178,0
1,4,86230,0
1,3,86283,0
1,2,86335,0
2,1,86388,86546
1,3,86388,0
1,4,86388,0
2,2,86546,86704
1,1,86704,0
2,3,86704,86862
1,4,86704,0
2,1,86862,87020
2,2,87020,87178
1,4,87020,0
1,1,87178,0
2,3,87178,87335
2,1,87335,87493
1,2,87335,0
1,4,87335,0
1,2,87651,0
2,4,87651,87967
1,1,87809,0
1,3,87809,0
1,1,87967,0
1,2,87967,0
2,3,87967,88283
2,1,88125,88283
2,2,88283,88441
1,4,88283,0
1,1,88441,0
2,4,88441,88599
1,1,88599,0
1,2,88599,0
2,3,88599,88757
1,4,88757,0
1,3,88835,0
1,1,88914,0
2,2,88914,89072
2,3,89072,89230
1,1,89230,0
1,2,89230,0
2,4,89230,89388
2,1,89388,89546
2,2,89546,89704
1,3,89546,0
2,3,89704,89862
1,4,89704,0
1,1,89862,0
1,2,89862,0
2,4,89862,90020
2,1,90020,90493
1,3,90178,0
1,4,90178,0
1,2,90335,0
1,4,90335,0
1,2,90493,0
1,3,90493,0
2,4,90493,90651
2,1,90651,90809
1,3,90651,0
1,2,90730,0
1,3,90809,0
1,4,90809,0
1,1,90862,0
1,2,90862,0
1,4,90967,0
1,3,91046,0
1,1,91125,0
2,2,91125,91283
1,4,91125,0
2,1,91441,91678
2,2,91441,91520
1,3,91441,0
2,2,91599,91678
2,1,91757,91835
2,2,91757,91993
1,4,91757,0
2,1,91914,91993
2,2,92072,92151
2,3,92072,92309
1,1,92230,0
2,2,92230,92309
2,2,92388,92625
2,3,92388,92467
1,4,92388,0
2,3,92546,92625
2,3,92704,92941
2,4,92704,92783
1,1,92862,0
2,4,92862,92941
1,2,93020,0
2,3,93020,93099
2,4,93020,93257
2,3,93178,93257
2,1,93335,93493
2,4,93335,93493
1,2,93493,0
1,3,93493,0
2,1,93651,93809
1,2,93651,0
2,4,93651,93809
1,3,93809,0
1,2,93888,0
2,1,93967,94125
2,3,93967,94125
2,2,94125,94283
2,1,94283,94441
1,3,94283,0
2,4,94283,94441
2,3,94441,94599
2,1,94599,94757
2,2,94599,94757
1,3,94757,0
2,4,94757,94914
2,1,94914,95072
1,2,94914,0
2,3,94914,95072
1,2,95072,0
2,3,95230,95309
2,4,95230,95309
1,2,95388,0
2,3,95388,95467
2,4,95388,95467
2,1,95546,95625
2,2,95546,95625
1,3,95546,0
2,1,95704,95783
2,2,95704,95783
1,1,95862,0
2,3,95862,95941
2,4,95862,95941
1,2,96020,0
1,4,96020,0
1,4,96099,0
1,1,96178,0
1,2,96178,0
1,3,96230,0
1,4,96230,0
1,1,96335,0
1,2,96335,0
1,3,96414,0
1,1,96493,0
1,2,96493,0
1,4,96493,0
1,1,96651,0
1,3,96651,0
1,1,96809,0
1,2,96809,0
1,1,96967,0
1,3,96967,0
1,4,96967,0
1,2,97125,0
1,4,97125,0
1,3,97283,0
1,4,97283,0
1,1,97441,0
1,2,97441,0
1,3,97441,0
1,4,97441,0
1,1,97599,0
1,3,97599,0
1,1,97757,0
1,2,97757,0
1,1,97914,0
1,2,97914,0
1,3,97914,0
1,4,97914,0
1,2,98072,0
1,4,98072,0
1,3,98230,0
1,4,98230,0
1,1,98388,0
1,2,98388,0
1,3,98388,0
1,4,98388,0
1,1,98546,0
1,4,98546,0
1,1,98704,0
1,2,98704,0
1,3,98704,0
1,4,98704,0
1,1,98862,0
1,2,98862,0
1,3,98941,0
1,1,99020,0
1,2,99020,0
1,4,99020,0
1,1,99178,0
1,3,99178,0
1,1,99335,0
1,2,99335,0
1,1,99493,0
1,2,99493,0
1,3,99493,0
1,4,99493,0
1,2,99651,0
1,4,99651,0
1,3,99809,0
1,4,99809,0
1,1,99967,0
1,2,99967,0
1,3,99967,0
1,4,99967,0
1,1,100125,0
1,3,100125,0
1,1,100283,0
1,2,100283,0
1,1,100441,0
1,2,100441,0
1,3,100441,0
1,4,100441,0
1,2,100599,0
1,4,100599,0
1,3,100757,0
1,4,100757,0
1,1,100914,0
1,2,100914,0
1,3,100914,0
1,1,101072,0
1,2,101072,0
1,2,101230,0
1,3,101230,0
1,3,101388,0
1,4,101388,0
2,1,101546,104072
1,2,101546,0
1,3,101546,0
1,4,101546,0
1,3,101862,0
1,3,102493,0
1,3,103125,0
1,3,103757,0
1,2,103914,0
1,4,103914,0
1,2,104072,0
1,3,104072,0
2,4,104072,106599
2,1,104388,104704
2,2,104546,105178
2,1,105020,105178
1,1,105335,0
1,2,105335,0
1,3,105335,0
1,1,105651,0
1,2,105809,0
1,3,105809,0
2,3,105967,106125
2,2,106125,106283
1,1,106283,0
2,3,106283,106441
1,1,106599,0
1,2,106599,0
2,3,106599,108335
1,4,106914,0
2,2,107072,107862
1,4,107546,0
2,1,108178,108414
1,4,108178,0
1,4,108414,0
1,3,108493,0
1,2,108572,0
1,3,108651,0
1,1,108691,0
1,2,108770,0
1,3,108809,0
1,4,108809,0
1,1,109125,0
1,2,109125,0
1,3,109125,0
1,4,109125,0
1,1,109441,0
1,2,109441,0
1,3,109441,0
1,1,109599,0
1,2,109599,0
1,4,109599,0
1,2,109757,0
1,3,109757,0
1,4,109757,0
1,1,109914,0
1,3,109914,0
1,4,109914,0
1,1,110072,0
1,2,110072,0
1,3,110072,0
1,1,110230,0
1,2,110230,0
1,3,110230,0
1,1,110388,0
1,2,110388,0
1,4,110388,0
1,2,110546,0
1,3,110546,0
1,4,110546,0
1,1,110704,0
1,2,110704,0
1,3,110704,0
1,1,110862,0
1,2,110862,0
1,4,110862,0
1,2,111020,0
1,3,111020,0
1,4,111020,0
1,1,111178,0
1,3,111178,0
1,4,111178,0
1,1,111335,0
1,2,111335,0
1,4,111335,0
1,1,111493,0
1,3,111493,0
1,4,111572,0
1,1,111651,0
1,2,111651,0
1,3,111651,0
1,2,111809,0
1,4,111809,0
1,1,111888,0
1,3,111888,0
1,2,111967,0
1,4,111967,0
1,1,112125,0
1,2,112125,0
1,3,112125,0
1,4,112125,0
1,1,112283,0
1,3,112283,0
1,2,112362,0
1,4,112362,0
1,1,112441,0
1,3,112441,0
1,1,112599,0
1,2,112599,0
1,3,112599,0
1,4,112599,0
1,3,112835,0
1,4,112835,0
1,1,112914,0
1,2,112914,0
1,3,112993,0
1,4,112993,0
1,1,113072,0
1,2,113072,0
1,3,113151,0
1,4,113151,0
1,1,113230,0
1,2,113230,0
1,3,113309,0
1,4,113309,0
1,1,113388,0
1,2,113388,0
1,3,113467,0
1,4,113467,0
1,1,113546,0
1,2,113546,0
1,1,113862,0
2,1,114020,114335
1,2,114020,0
1,3,114020,0
1,4,114020,0
1,3,114335,0
1,4,114335,0
1,1,114493,0
1,2,114493,0
1,4,114493,0
1,3,114651,0
1,2,114809,0
1,4,114809,0
1,2,114967,0
1,3,114967,0
1,1,115125,0
1,3,115125,0
1,4,115125,0
2,4,115283,115599
1,1,115441,0
1,2,115441,0
1,1,115599,0
1,3,115599,0
1,2,115757,0
1,3,115757,0
1,4,115757,0
1,1,115914,0
1,2,116072,0
1,3,116072,0
1,2,116230,0
1,4,116230,0
1,1,116388,0
1,3,116388,0
1,4,116388,0
1,1,116546,0
2,2,116546,116862
1,3,116546,0
1,4,116546,0
1,3,116862,0
1,4,116862,0
1,2,116941,0
1,1,117020,0
1,3,117020,0
1,4,117020,0
1,2,117178,0
1,1,117335,0
1,3,117335,0
1,2,117493,0
1,3,117493,0
1,1,117651,0
1,2,117651,0
1,4,117651,0
2,3,117809,117967
1,1,117967,0
1,2,117967,0
2,2,118125,118283
1,4,118125,0
1,1,118283,0
2,3,118283,118441
1,4,118283,0
2,4,118441,118599
1,1,118599,0
1,2,118599,0
1,1,118757,0
1,3,118757,0
1,4,118757,0
1,2,118914,0
1,3,118914,0
1,4,118914,0
1,1,119072,0
1,2,119072,0
1,3,119072,0
1,4,119072,0
2,4,119230,119546
1,1,119388,0
1,2,119388,0
1,1,119546,0
1,2,119546,0
1,3,119546,0
1,3,119704,0
1,2,119862,0
1,4,119862,0
1,2,120020,0
1,3,120020,0
1,1,120178,0
1,3,120178,0
1,4,120178,0
1,2,120335,0
1,1,120493,0
1,3,120493,0
1,2,120651,0
1,3,120651,0
1,1,120809,0
1,2,120809,0
1,4,120809,0
2,3,120967,121125
1,1,121125,0
1,2,121125,0
1,2,121283,0
1,4,121283,0
2,1,121441,121599
1,3,121441,0
1,4,121441,0
1,2,121599,0
1,3,121599,0
1,4,121599,0
2,2,121757,122072
1,3,121914,0
1,4,121914,0
1,1,122072,0
1,3,122072,0
2,4,122072,122230
2,1,122230,122546
1,2,122388,0
1,4,122388,0
1,2,122546,0
2,3,122546,122862
1,1,122704,0
1,2,122704,0
2,4,122704,122862
2,2,122862,123178
1,1,123020,0
1,4,123020,0
1,3,123178,0
1,4,123178,0
1,1,123335,0
1,2,123335,0
1,3,123335,0
1,1,123493,0
1,4,123493,0
1,3,123572,0
1,1,123651,0
1,2,123651,0
1,3,123704,0
1,4,123704,0
1,1,123770,0
1,2,123770,0
1,3,123849,0
1,4,123849,0
1,1,123928,0
1,2,123928,0
1,3,124007,0
1,4,124007,0
1,1,124125,0
1,2,124125,0
1,3,124125,0
1,4,124125,0
1,1,124441,0
1,2,124441,0
1,3,124520,0
1,1,124599,0
1,2,124599,0
1,4,124599,0
1,2,124737,0
1,3,124737,0
1,1,124914,0
1,3,124914,0
1,4,124914,0
1,2,125072,0
1,3,125072,0
1,1,125230,0
1,2,125230,0
1,4,125230,0
1,3,125388,0
1,4,125388,0
1,1,125546,0
1,2,125546,0
1,3,125546,0
1,1,125704,0
1,2,125704,0
1,2,125862,0
1,3,125862,0
1,4,125862,0
1,1,126020,0
1,2,126020,0
1,4,126099,0
1,1,126178,0
1,2,126178,0
1,3,126178,0
1,3,126335,0
1,4,126335,0
1,2,126493,0
1,3,126493,0
1,4,126493,0
1,1,126651,0
1,2,126651,0
1,1,126809,0
1,3,126809,0
1,4,126809,0
1,2,126967,0
1,3,126967,0
1,1,127125,0
1,2,127125,0
1,4,127125,0
1,3,127283,0
1,4,127283,0
1,2,127362,0
1,1,127441,0
1,3,127441,0
1,4,127441,0
1,2,127599,0
1,3,127599,0
1,1,127757,0
1,2,127757,0
1,4,127757,0
1,3,127914,0
1,4,127914,0
1,1,127993,0
1,2,128072,0
1,3,128072,0
1,4,128072,0
1,1,128230,0
1,2,128230,0
1,1,128388,0
1,2,128388,0
1,3,128388,0
1,3,128546,0
1,4,128546,0
1,1,128625,0
1,2,128704,0
1,3,128704,0
1,4,128704,0
1,1,128862,0
1,4,128862,0
1,1,129020,0
1,2,129020,0
1,3,129020,0
1,1,129178,0
1,2,129178,0
1,3,129178,0
1,4,129178,0
1,3,129493,0
1,4,129493,0
1,2,129572,0
1,1,129651,0
1,3,129651,0
1,4,129651,0
1,2,129809,0
1,3,129809,0
1,1,129967,0
1,2,129967,0
1,4,129967,0
1,2,130125,0
1,3,130125,0
1,1,130283,0
1,3,130283,0
1,4,130283,0
1,1,130441,0
1,2,130441,0
1,2,130599,0
1,3,130599,0
1,4,130599,0
1,1,130757,0
1,2,130757,0
1,4,130835,0
1,1,130914,0
1,2,130914,0
1,3,130914,0
1,3,131072,0
1,4,131072,0
1,2,131230,0
1,3,131230,0
1,4,131230,0
1,1,131388,0
1,2,131388,0
1,4,131467,0
1,1,131546,0
1,2,131546,0
1,3,131546,0
1,3,131704,0
1,4,131704,0
1,1,131862,0
1,2,131862,0
1,4,131862,0
1,2,132020,0
1,3,132020,0
1,1,132178,0
1,3,132178,0
1,4,132178,0
1,2,132335,0
1,3,132335,0
1,1,132493,0
1,2,132493,0
1,4,132493,0
1,2,132651,0
1,4,132651,0
1,1,132809,0
1,3,132809,0
1,4,132809,0
1,1,132967,0
1,2,132967,0
1,4,133046,0
1,1,133125,0
1,2,133125,0
1,3,133125,0
1,3,133283,0
1,4,133283,0
1,2,133441,0
1,4,133441,0
1,2,133599,0
1,3,133599,0
1,4,133599,0
1,1,133757,0
1,3,133757,0
1,1,133914,0
1,3,133914,0
1,1,134072,0
1,2,134072,0
1,3,134072,0
1,1,134230,0
1,2,134230,0
1,3,134230,0
1,4,134230,0
1,1,134546,0
1,4,134546,0
1,2,134625,0
2,1,134704,135020
1,3,134704,0
1,4,134704,0
2,3,135020,135335
1,4,135020,0
1,1,135178,0
1,2,135178,0
1,1,135335,0
2,2,135335,135651
1,4,135335,0
1,1,135651,0
2,4,135651,135967
1,2,135809,0
1,3,135809,0
1,1,135967,0
1,2,135967,0
1,3,135967,0
2,3,136125,136441
1,1,136283,0
1,4,136283,0
1,2,136441,0
1,4,136441,0
1,1,136599,0
2,2,136599,136914
1,3,136599,0
1,3,136757,0
1,4,136757,0
1,1,137072,0
1,4,137072,0
1,3,137151,0
1,1,137230,0
1,2,137230,0
2,4,137230,137546
1,1,137546,0
2,2,137546,137862
1,3,137704,0
1,4,137704,0
1,1,137862,0
2,3,137862,138178
1,4,137862,0
2,1,138178,138493
1,4,138178,0
1,2,138335,0
1,3,138335,0
1,2,138493,0
1,3,138493,0
1,4,138493,0
2,2,138651,138967
1,1,138809,0
1,4,138809,0
1,1,138967,0
1,3,138967,0
1,4,138967,0
1,2,139125,0
1,3,139125,0
1,4,139125,0
1,1,139283,0
1,2,139283,0
1,3,139283,0
1,4,139283,0
1,3,139599,0
1,4,139599,0
1,1,139757,0
1,2,139757,0
2,4,139757,140072
2,1,140072,140388
1,2,140072,0
1,3,140230,0
1,4,140230,0
1,2,140388,0
2,3,140388,140704
1,4,140388,0
2,2,140704,141020
1,4,140704,0
1,1,140862,0
1,3,140862,0
1,1,141020,0
1,3,141020,0
1,4,141020,0
2,4,141178,141493
1,2,141335,0
1,3,141335,0
1,1,141493,0
1,2,141493,0
2,1,141651,141967
1,3,141651,0
1,4,141651,0
1,2,141809,0
1,4,141809,0
2,3,141967,142204
1,1,142125,0
1,4,142125,0
1,2,142204,0
1,1,142283,0
1,3,142283,0
1,4,142283,0
2,2,142441,142757
1,3,142599,0
1,4,142599,0
1,1,142757,0
1,3,142757,0
1,1,142914,0
1,2,142914,0
2,4,142914,143230
1,2,143072,0
1,3,143072,0
2,3,143230,143467
1,1,143388,0
1,4,143388,0
1,2,143467,0
1,1,143546,0
1,3,143546,0
1,4,143546,0
1,1,143862,0
1,2,143862,0
1,3,143914,0
1,4,143914,0
1,1,143997,0
1,2,143997,0
1,3,144072,0
1,4,144072,0
1,1,144138,0
1,2,144138,0
1,3,144217,0
1,4,144217,0
1,1,144335,0
1,2,144335,0
1,3,144335,0
1,4,144335,0
1,2,144651,0
1,4,144651,0
1,3,144730,0
1,1,144809,0
1,2,144809,0
1,4,144809,0
1,1,144967,0
1,3,144967,0
1,2,145125,0
1,3,145125,0
1,4,145125,0
1,1,145283,0
1,2,145283,0
1,1,145441,0
1,3,145441,0
1,4,145441,0
1,2,145599,0
1,4,145599,0
1,1,145757,0
1,2,145757,0
1,3,145757,0
1,3,145914,0
1,4,145914,0
1,2,145993,0
1,1,146072,0
1,3,146072,0
1,4,146072,0
1,2,146230,0
1,4,146230,0
1,1,146388,0
1,2,146388,0
1,3,146388,0
1,1,146546,0
1,2,146546,0
1,3,146625,0
1,1,146704,0
1,2,146704,0
1,4,146704,0
1,1,146862,0
1,3,146862,0
1,2,147020,0
1,3,147020,0
1,4,147020,0
1,1,147178,0
1,2,147178,0
1,1,147335,0
1,3,147335,0
1,4,147335,0
1,2,147493,0
1,4,147493,0
1,1,147651,0
1,2,147651,0
1,3,147651,0
1,3,147809,0
1,4,147809,0
1,2,147888,0
1,1,147967,0
1,3,147967,0
1,4,147967,0
1,2,148125,0
1,4,148125,0
1,1,148283,0
1,2,148283,0
1,3,148283,0
1,1,148441,0
1,4,148441,0
1,3,148520,0
1,1,148599,0
1,2,148599,0
1,4,148599,0
1,2,148757,0
1,3,148757,0
1,1,148914,0
1,2,148914,0
1,3,148914,0
1,4,148914,0
1,2,149072,0
1,3,149072,0
1,1,149230,0
1,2,149230,0
1,3,149230,0
1,4,149230,0
1,3,149388,0
1,4,149388,0
1,1,149546,0
1,2,149546,0
1,3,149546,0
1,4,149546,0
1,2,149862,0
1,3,149862,0
1,4,149862,0
1,1,150020,0
1,2,150020,0
1,1,150178,0
1,3,150178,0
1,4,150178,0
1,2,150335,0
1,4,150335,0
1,3,150414,0
1,1,150493,0
1,2,150493,0
1,4,150493,0
1,1,150651,0
1,3,150651,0
1,2,150809,0
1,3,150809,0
1,4,150809,0
1,1,150967,0
1,2,150967,0
1,3,151046,0
1,1,151125,0
1,2,151125,0
1,4,151125,0
1,3,151283,0
1,4,151283,0
1,1,151441,0
1,2,151441,0
1,3,151441,0
1,2,151599,0
1,4,151599,0
1,3,151678,0
1,1,151757,0
1,2,151757,0
1,4,151757,0
1,1,151914,0
1,3,151914,0
1,1,152072,0
1,2,152072,0
1,3,152072,0
1,4,152072,0
1,2,152388,0
1,3,152388,0
1,4,152388,0
1,1,152546,0
1,4,152546,0
1,1,152704,0
1,2,152704,0
1,3,152704,0
1,3,152862,0
1,4,152862,0
1,2,152941,0
1,1,153020,0
1,3,153020,0
1,4,153020,0
1,1,153178,0
1,2,153178,0
1,2,153335,0
1,3,153335,0
1,4,153335,0
1,1,153493,0
1,3,153493,0
1,1,153651,0
1,2,153651,0
1,4,153651,0
1,3,153809,0
1,4,153809,0
1,1,153888,0
1,2,153888,0
1,3,153967,0
1,4,153967,0
1,1,154125,0
1,2,154125,0
1,3,154204,0
1,4,154204,0
1,1,154283,0
1,2,154283,0
1,4,154283,0
1,2,154599,0
1,3,154599,0
1,1,154651,0
1,4,154651,0
1,2,154734,0
1,3,154734,0
1,1,154914,0
1,2,154914,0
1,4,154914,0
1,3,155033,0
1,4,155033,0
1,1,155112,0
1,2,155112,0
1,3,155191,0
1,4,155191,0
1,1,155270,0
1,2,155270,0
1,3,155349,0
1,4,155349,0
1,2,155546,0
1,3,155546,0
1,1,155599,0
1,4,155599,0
1,2,155681,0
1,3,155681,0
1,1,155862,0
1,3,155862,0
1,4,155862,0
1,1,156020,0
1,2,156020,0
1,3,156099,0
1,4,156099,0
1,1,156178,0
1,2,156178,0
1,3,156257,0
1,4,156257,0
1,2,156335,0
1,3,156414,0
1,1,156493,0
1,4,156493,0
1,2,156572,0
1,3,156572,0
1,1,156651,0
1,4,156651,0
1,2,156730,0
1,3,156730,0
1,1,156809,0
1,4,156809,0
1,1,157125,0
2,3,157125,157283
1,4,157125,0
2,1,157283,157441
1,2,157283,0
2,2,157441,157599
1,3,157441,0
1,4,157441,0
2,3,157599,157757
2,1,157757,157914
1,4,157757,0
2,2,157914,158072
1,3,157914,0
1,1,158072,0
2,3,158072,158230
1,4,158072,0
2,1,158230,158388
2,2,158388,158546
1,3,158388,0
1,1,158546,0
2,3,158546,158704
2,1,158704,159020
1,2,158704,0
1,4,158704,0
2,2,158862,159020
2,3,159020,159178
2,4,159020,159493
1,1,159178,0
2,2,159178,159335
2,1,159335,159493
1,3,159335,0
2,3,159493,159651
2,1,159651,160283
2,2,159651,159809
1,4,159651,0
1,3,159809,0
2,4,159809,159967
1,2,159967,0
2,3,159967,160125
2,2,160125,160283
1,3,160283,0
2,4,160283,160441
1,2,160441,0
2,3,160441,160599
1,1,160599,0
2,2,160599,160757
1,4,160599,0
2,4,160757,160914
1,1,160914,0
2,3,160914,161072
2,2,161072,161230
1,4,161072,0
1,1,161230,0
1,3,161230,0
2,4,161230,161546
2,3,161388,161546
2,1,161546,162020
2,2,161546,161704
2,3,161704,161862
1,4,161704,0
1,2,161862,0
2,4,161862,162020
2,2,162020,162178
1,1,162178,0
1,3,162178,0
2,4,162178,162809
2,1,162335,162493
2,2,162493,162651
1,3,162493,0
2,1,162651,162809
1,2,162809,0
2,3,162809,162967
2,2,162967,163125
1,4,162967,0
1,1,163125,0
1,3,163125,0
2,4,163125,163283
2,1,163283,163599
2,2,163441,163599
1,3,163441,0
2,3,163599,163914
1,4,163599,0
1,1,163757,0
1,2,163757,0
2,4,163757,163914
2,2,163914,164230
2,1,164072,164230
1,4,164072,0
1,3,164230,0
2,4,164230,164388
1,1,164388,0
1,2,164388,0
2,3,164388,164546
2,2,164546,164704
2,1,164704,164862
1,3,164704,0
2,4,164704,164862
2,1,165020,165178
1,2,165020,0
1,4,165020,0
2,3,165178,165493
1,2,165335,0
2,4,165335,165493
1,1,165493,0
2,2,165493,165809
2,1,165651,165809
1,3,165651,0
1,4,165651,0
2,4,165809,166125
2,1,165967,166125
1,2,165967,0
2,2,166125,166283
1,3,166125,0
1,1,166283,0
1,3,166283,0
1,4,166283,0
1,1,166441,0
1,2,166441,0
1,3,166520,0
1,1,166599,0
1,4,166599,0
1,2,166662,0
1,3,166662,0
1,1,166734,0
1,4,166734,0
1,2,166835,0
1,1,166914,0
1,3,166914,0
1,4,166914,0
2,1,167230,167309
1,2,167230,0
1,3,167230,0
2,1,167388,167467
1,4,167388,0
2,1,167546,167625
1,2,167546,0
2,4,167546,167704
2,1,167704,167783
1,3,167704,0
2,1,167862,167941
2,3,167862,168020
2,1,168020,168099
1,2,168020,0
1,4,168020,0
2,1,168178,168257
1,3,168178,0
1,4,168178,0
2,1,168335,168414
1,2,168335,0
2,1,168493,168572
1,4,168493,0
2,1,168651,168730
1,3,168651,0
2,1,168809,168888
1,2,168809,0
1,4,168809,0
2,1,168967,169046
1,3,168967,0
2,2,169125,169757
2,3,169125,169204
2,3,169283,169362
1,4,169283,0
1,1,169441,0
2,3,169441,169520
1,4,169441,0
2,3,169599,169678
2,1,169757,170388
2,3,169757,169835
1,2,169914,0
2,3,169914,169993
1,2,170072,0
2,3,170072,170151
1,4,170072,0
2,3,170230,170309
2,2,170388,170467
1,4,170388,0
2,2,170546,170625
1,3,170546,0
1,1,170704,0
2,2,170704,170783
1,4,170704,0
2,2,170862,170941
1,3,170862,0
1,1,171020,0
2,4,171020,171099
1,2,171178,0
2,4,171178,171257
1,1,171335,0
1,3,171335,0
2,4,171335,171414
1,2,171493,0
2,4,171493,171572
2,1,171651,171730
2,4,171651,172283
2,1,171809,171888
1,3,171809,0
2,1,171967,172046
1,2,171967,0
1,3,171967,0
2,1,172125,172204
2,1,172283,172362
1,2,172283,0
2,3,172283,172914
2,4,172441,172599
1,1,172599,0
2,2,172599,172757
2,4,172757,172914
2,1,172914,173072
1,2,172914,0
2,2,173072,173230
1,3,173072,0
1,1,173230,0
2,3,173230,173388
1,4,173230,0
2,1,173388,173704
1,2,173546,0
1,3,173546,0
2,3,173704,174020
1,4,173704,0
1,1,173862,0
1,2,173862,0
1,4,173862,0
2,2,174020,174335
1,3,174178,0
1,4,174178,0
1,1,174335,0
2,4,174335,174493
1,1,174493,0
1,2,174493,0
2,3,174493,174651
2,2,174651,174809
2,1,174809,174888
1,3,174809,0
1,4,174809,0
2,1,174967,175046
1,2,174967,0
1,1,175125,0
1,3,175125,0
2,4,175125,175204
1,2,175283,0
2,4,175283,175362
2,1,175441,175599
1,3,175441,0
2,2,175599,175757
1,4,175599,0
1,1,175757,0
1,3,175757,0
1,4,175757,0
2,3,175914,176546
1,1,176072,0
1,2,176072,0
1,4,176072,0
1,1,176230,0
1,4,176230,0
1,1,176388,0
1,2,176388,0
1,4,176388,0
1,1,176546,0
1,2,176546,0
1,3,176625,0
1,4,176625,0
1,1,176704,0
1,2,176704,0
1,4,176704,0
1,1,176941,0
1,2,176941,0
1,4,176941,0
1,1,177178,0
1,3,177178,0
1,4,177178,0
2,1,177335,177826
2,3,177335,177870
2,4,177335,177960
1,1,178049,0
1,2,178049,0
1,3,178049,0
1,4,178049,0
1,1,178321,0
1,3,178321,0
1,1,178444,0
1,3,178444,0
1,2,178568,0
1,4,178568,0
1,2,178692,0
1,4,178692,0
1,1,178836,0
1,3,178836,0
1,4,178836,0
1,1,179128,0
1,2,179128,0
1,1,179412,0
1,3,179412,0
1,1,179664,0
1,2,179664,0
1,3,179664,0
1,4,179664,0
1,3,179943,0
1,4,179943,0
1,2,180222,0
1,4,180222,0
1,1,180485,0
1,2,180485,0
1,3,180485,0
1,4,180485,0
1,1,180760,0
1,3,180760,0
1,1,181036,0
1,2,181036,0
1,1,181303,0
1,2,181303,0
1,3,181303,0
1,4,181303,0
1,2,181575,0
1,4,181575,0
1,3,181848,0
1,4,181848,0
1,1,182120,0
1,2,182120,0
1,3,182120,0
1,4,182120,0
1,1,182393,0
1,3,182393,0
1,1,182666,0
1,4,182666,0
1,1,182938,0
1,2,182938,0
1,3,182938,0
1,4,182938,0
1,2,183211,0
1,4,183211,0
1,1,183484,0
1,4,183484,0
1,1,183756,0
1,2,183756,0
1,3,183756,0
1,4,183756,0
1,2,184029,0
1,3,184029,0
1,1,184302,0
1,4,184302,0
1,1,184574,0
1,2,184574,0
1,3,184574,0
1,4,184574,0
1,1,184847,0
1,2,184847,0
1,3,184847,0
1,2,185120,0
1,3,185120,0
1,4,185120,0
1,1,185392,0
1,2,185392,0
1,3,185392,0
1,4,185392,0
1,3,185665,0
1,4,185665,0
1,2,185938,0
1,4,185938,0
1,1,186210,0
1,2,186210,0
1,3,186210,0
1,4,186210,0
1,1,186483,0
1,2,186483,0
1,1,186756,0
1,3,186756,0
1,1,187028,0
1,2,187028,0
1,3,187028,0
1,4,187028,0
1,1,187301,0
1,3,187301,0
1,1,187574,0
1,2,187574,0
1,1,187846,0
1,2,187846,0
1,3,187846,0
1,4,187846,0
1,2,188119,0
1,4,188119,0
1,3,188392,0
1,4,188392,0
1,1,188664,0
1,2,188664,0
1,3,188664,0
1,4,188664,0
1,2,188937,0
1,3,188937,0
1,1,189210,0
1,3,189210,0
1,1,189482,0
1,2,189482,0
1,3,189482,0
1,4,189482,0
1,2,189755,0
1,3,189755,0
1,2,190028,0
1,4,190028,0
1,1,190300,0
1,2,190300,0
1,3,190300,0
1,4,190300,0
1,2,190573,0
1,3,190573,0
1,4,190573,0
1,1,190846,0
1,3,190846,0
1,4,190846,0
1,1,191118,0
1,2,191118,0
1,4,191118,0
1,1,191391,0
1,2,191391,0
1,3,191391,0
1,2,191664,0
1,3,191664,0
1,4,191664,0
1,1,191732,0
1,3,191800,0
1,2,191868,0
1,1,191936,0
2,3,191936,192754
1,4,191936,0
1,2,192209,0
1,4,192209,0
1,2,192482,0
1,4,192482,0
1,1,192754,0
1,2,192754,0
1,4,192754,0
1,1,193027,0
1,3,193027,0
1,2,193300,0
2,4,193300,193572
1,1,193572,0
2,2,193572,194118
1,3,193572,0
1,1,193845,0
1,3,193845,0
1,1,194118,0
2,3,194118,194390
1,1,194390,0
1,2,194390,0
2,4,194390,194663
1,1,194663,0
2,2,194663,194936
2,3,194936,195208
1,4,194936,0
2,1,195208,195754
1,2,195208,0
1,4,195208,0
1,2,195481,0
1,3,195481,0
1,2,195754,0
1,3,195754,0
2,1,196026,196844
1,2,196026,0
1,3,196026,0
1,4,196026,0
1,2,196299,0
1,4,196299,0
1,2,196572,0
1,4,196572,0
1,2,196844,0
1,3,196844,0
2,4,196844,197662
1,1,197117,0
1,3,197117,0
1,1,197390,0
1,3,197390,0
1,1,197662,0
1,2,197662,0
1,3,197662,0
1,2,197935,0
1,3,197935,0
1,4,197935,0
2,3,198208,198344
1,4,198208,0
2,2,198344,198480
1,1,198480,0
1,3,198480,0
2,4,198480,199026
1,1,198753,0
1,2,198753,0
2,1,199026,199298
1,2,199026,0
1,2,199298,0
2,3,199298,199844
1,4,199298,0
1,2,199571,0
1,4,199571,0
2,2,199844,200116
1,4,199844,0
1,1,200116,0
1,3,200116,0
2,4,200116,200662
1,1,200389,0
1,3,200389,0
1,1,200662,0
2,3,200662,200934
2,1,200934,201207
1,2,200934,0
1,4,200934,0
1,3,201207,0
1,4,201207,0
2,2,201480,201752
1,3,201480,0
1,1,201752,0
1,3,201752,0
2,4,201752,202298
1,1,202025,0
1,2,202025,0
1,1,202298,0
1,2,202298,0
2,1,202570,202843
1,2,202570,0
1,3,202570,0
1,4,202570,0
1,3,202843,0
1,4,202843,0
2,3,203116,203388
1,4,203116,0
2,1,203388,203661
1,2,203388,0
1,4,203388,0
1,2,203661,0
2,3,203661,203934
1,4,203661,0
1,1,203934,0
2,2,203934,204206
1,4,203934,0
1,1,204206,0
1,3,204206,0
2,4,204206,204479
1,1,204479,0
1,3,204479,0
1,1,204564,0
1,3,204564,0
1,2,204701,0
1,4,204701,0
1,1,205024,0
2,2,205024,205842
1,3,205024,0
1,4,205024,0
1,1,205297,0
1,3,205297,0
1,1,205570,0
1,3,205570,0
1,1,205842,0
1,3,205842,0
1,4,205842,0
1,2,206115,0
1,4,206115,0
2,1,206388,206660
1,3,206388,0
1,2,206660,0
2,3,206660,207206
1,4,206660,0
1,2,206933,0
1,4,206933,0
2,2,207206,207478
1,4,207206,0
2,1,207478,207751
1,3,207478,0
1,4,207478,0
1,2,207751,0
2,3,207751,208024
1,4,207751,0
1,1,208024,0
2,2,208024,208296
1,4,208024,0
1,1,208296,0
1,3,208296,0
2,4,208296,208842
1,2,208569,0
1,3,208569,0
1,2,208842,0
1,3,208842,0
1,1,209114,0
1,2,209114,0
1,3,209114,0
2,4,209114,209932
1,1,209387,0
1,3,209387,0
1,1,209660,0
1,3,209660,0
2,1,209932,210750
1,2,209932,0
1,3,209932,0
1,2,210205,0
1,3,210205,0
1,4,210205,0
1,2,210478,0
1,4,210478,0
1,2,210750,0
2,3,210750,211568
1,4,210750,0
1,1,211023,0
1,2,211023,0
1,4,211023,0
1,1,211296,0
1,4,211296,0
1,1,211568,0
2,2,211568,212386
1,4,211568,0
1,1,211841,0
1,4,211841,0
1,1,212114,0
1,4,212114,0
1,1,212386,0
1,3,212386,0
1,4,212386,0
1,2,212659,0
1,3,212659,0
2,2,212932,213204
1,4,212932,0
1,1,213204,0
1,3,213204,0
2,4,213204,213477
1,1,213477,0
2,2,213477,213750
2,3,213750,214022
1,4,213750,0
2,1,214022,214295
1,2,214022,0
1,4,214022,0
2,2,214295,214568
1,3,214295,0
1,4,214295,0
1,1,214568,0
2,3,214568,214840
1,4,214568,0
1,1,214840,0
1,2,214840,0
2,4,214840,215386
1,1,215113,0
1,2,215113,0
1,1,215386,0
1,2,215386,0
1,1,215658,0
1,2,215658,0
1,3,215658,0
1,4,215658,0
1,3,215931,0
1,4,215931,0
2,2,216204,216476
1,4,216204,0
1,1,216476,0
2,3,216476,217022
1,4,216476,0
2,1,217022,217567
1,2,217022,0
1,4,217022,0
2,2,217567,218112
1,3,217567,0
1,4,217567,0
2,1,218112,221316
2,3,218112,218658
2,4,218112,221316
2,2,218658,218930
2,3,218930,219476
2,2,219476,219612
1,2,219748,0
2,3,219748,220294
2,2,220294,220566
2,3,220566,220839
2,2,220839,221112
2,3,221112,221316
2,1,221384,221930
2,2,221384,224338
2,3,221384,224384
1,4,221384,0
2,4,221930,222202
2,1,222202,222748
2,4,222748,222884
2,1,223020,223566
1,4,223020,0
2,4,223566,223702
2,1,223838,224293
1,4,223838,0
2,4,224111,224429
1,1,224338,0
1,2,224384,0
1,3,224429,0
1,4,224475,0
1,1,224520,0
1,2,224565,0
1,3,224611,0
2,1,224656,227656
2,2,224656,225202
2,4,224656,227519
2,3,225202,225474
2,2,225474,226020
2,3,226020,226156
2,2,226292,226838
1,3,226292,0
2,3,226838,226974
2,2,227110,227610
1,3,227110,0
2,3,227383,227565
1,4,227565,0
1,3,227610,0
1,2,227656,0
1,1,227701,0
1,4,227746,0
1,3,227792,0
1,2,227837,0
1,1,227883,0
2,2,227928,228201
2,3,227928,228201
2,4,227928,228065
2,4,228201,228678
2,1,228474,228678
2,1,228746,229019
2,2,228746,228883
1,3,228746,0
2,4,228746,229019
2,2,229019,229496
2,3,229292,229496
2,1,229564,229701
2,2,229564,229837
2,3,229564,229837
1,4,229564,0
2,1,229837,230314
2,4,230110,230314
1,1,230382,0
2,2,230382,230587
2,3,230382,230587
2,4,230382,230587
2,1,230655,230859
1,2,230655,0
2,3,230655,230859
2,4,230655,230859
2,1,230928,231132
2,2,230928,231132
1,3,230928,0
2,4,230928,231132
2,1,231200,231541
2,2,231200,231541
2,3,231200,231541
2,4,231200,231541
