2,2,226,413
2,3,226,601
2,4,226,788
2,1,413,507
2,2,601,694
2,1,694,788
2,3,788,882
2,4,976,1351
1,1,976,0
2,2,1351,1444
2,4,1538,1632
2,1,1726,1819
2,3,1819,1913
2,2,1913,2007
2,3,2101,2194
1,4,2288,0
1,2,2382,0
2,3,2476,2851
1,1,2476,0
2,4,2851,3226
2,2,3038,3226
2,1,3226,3319
2,4,3413,3507
2,2,3601,3694
2,3,3788,3882
2,4,3976,4351
1,1,3976,0
2,2,4351,4444
2,1,4538,4632
2,3,4726,5288
2,1,5101,6132
2,4,5101,5288
2,3,5476,5757
2,4,5476,6132
2,2,5851,6132
2,3,5851,6132
1,4,6226,0
2,3,6226,6319
1,2,6226,0
1,1,6226,0
1,1,6413,0
2,3,6413,6507
1,1,6601,0
2,3,6601,6694
1,1,6788,0
2,3,6788,6882
2,4,6976,7257
1,2,6976,0
1,1,6976,0
1,1,7351,0
2,2,7351,7444
1,4,7351,0
2,2,7538,7632
1,4,7538,0
2,2,7726,7819
1,4,7726,0
1,4,7913,0
2,2,7913,8007
1,1,7913,0
2,2,8101,8194
1,4,8101,0
1,3,8288,0
1,4,8288,0
1,1,8351,0
1,2,8351,0
1,3,8413,0
2,4,8476,8726
1,1,8476,0
1,2,8476,0
2,3,8601,8851
2,2,8726,8976
2,1,8851,9101
2,4,8851,8913
2,3,8976,9038
2,2,9101,9163
2,4,9226,9507
2,3,9226,9319
2,1,9226,9319
2,1,9413,9507
2,3,9413,9694
2,1,9601,9882
2,2,9601,9694
2,4,9601,9694
2,3,9788,10069
2,4,9788,9882
2,4,9976,10257
2,2,9976,10069
2,1,9976,10069
2,1,10163,10257
2,2,10163,10444
2,1,10351,10632
2,3,10351,10444
2,4,10351,10444
2,3,10538,10632
2,4,10538,10632
1,4,10726,0
1,3,10726,0
1,2,10726,0
1,1,10726,0
1,1,10913,0
1,2,10913,0
1,3,11007,0
1,1,11101,0
1,4,11101,0
1,2,11194,0
1,4,11288,0
1,3,11288,0
1,2,11382,0
2,1,11476,11757
1,4,11476,0
2,3,11663,11944
1,2,11757,0
2,4,11757,11944
2,1,11851,12132
2,2,11944,12132
1,4,12038,0
1,3,12038,0
2,1,12226,12507
1,2,12226,0
1,3,12226,0
2,4,12226,12319
2,2,12413,12694
2,4,12413,12507
2,1,12601,12694
2,4,12601,12694
1,4,12788,0
1,1,12788,0
1,3,12851,0
1,2,12913,0
1,1,12976,0
1,3,12976,0
2,4,12976,13257
1,1,13163,0
1,2,13351,0
2,4,13351,13632
2,1,13351,13444
2,1,13538,13632
2,3,13538,13819
2,1,13726,13819
2,4,13726,14007
2,1,13913,14007
1,2,13913,0
2,3,13913,14194
2,4,14101,14194
2,1,14101,14194
1,1,14288,0
1,2,14288,0
1,3,14351,0
1,4,14351,0
1,2,14413,0
1,3,14476,0
1,4,14476,0
2,1,14476,14757
1,4,14663,0
1,4,14851,0
2,2,14851,15132
1,1,15038,0
2,3,15038,15132
1,4,15038,0
1,1,15226,0
2,2,15226,15507
2,4,15226,15319
2,1,15413,15694
2,4,15413,15507
2,4,15601,15694
2,2,15601,15694
1,3,15788,0
1,4,15788,0
1,1,15851,0
1,2,15913,0
1,1,15976,0
2,3,15976,16257
1,4,15976,0
1,1,16163,0
1,4,16351,0
2,1,16351,16444
2,3,16351,16632
2,1,16538,16632
2,4,16538,16819
2,1,16726,16819
2,3,16726,17007
2,1,16913,17007
1,2,16913,0
2,4,16913,17194
2,1,17101,17194
2,3,17101,17194
1,1,17288,0
1,2,17288,0
1,4,17351,0
1,3,17413,0
2,2,17476,17757
1,4,17476,0
2,1,17476,17569
1,3,17663,0
2,1,17663,17757
1,4,17757,0
1,1,17851,0
2,2,17851,17944
2,3,17851,18132
2,2,18038,18132
2,1,18226,18319
1,3,18226,0
2,4,18226,18507
2,2,18413,18694
2,1,18413,18507
2,1,18601,18694
2,4,18601,18694
1,1,18788,0
1,3,18788,0
1,2,18851,0
1,3,18913,0
1,2,18976,0
1,4,18976,0
2,1,18976,19163
2,3,19257,19444
2,1,19351,19632
1,2,19351,0
2,4,19351,19444
2,3,19538,19819
2,4,19538,19632
2,4,19726,19819
2,1,19726,20007
2,4,19913,20007
1,2,19913,0
2,3,19913,20194
2,1,20101,20194
2,2,20101,20194
1,1,20288,0
1,2,20288,0
1,3,20351,0
1,4,20351,0
1,2,20413,0
2,4,20476,20726
1,1,20476,0
1,3,20476,0
2,3,20601,20976
2,2,20726,20851
2,1,20851,20913
2,4,20851,21101
2,2,20976,21038
2,3,21101,21163
2,4,21226,21319
2,2,21226,21319
2,1,21226,21507
2,3,21413,21507
2,4,21413,21507
2,1,21601,21694
2,2,21601,21694
2,4,21601,21882
2,1,21788,21882
1,2,21788,0
1,3,21882,0
2,1,21976,22069
2,2,21976,22257
2,4,21976,22069
2,3,22163,22257
2,4,22163,22257
2,1,22351,22444
2,3,22351,22632
2,4,22351,22444
2,4,22538,22632
1,2,22538,0
1,1,22632,0
1,2,22679,0
2,3,22726,22819
2,4,22726,23007
2,2,22913,23007
2,3,22913,23194
2,1,23101,23382
2,4,23101,23194
1,4,23288,0
2,2,23288,23382
1,3,23382,0
2,1,23476,23569
2,2,23476,23569
2,4,23476,23757
2,3,23569,23663
2,1,23663,23757
2,2,23663,23851
2,3,23757,23944
2,1,23851,24132
2,4,23851,23944
2,2,23944,24038
2,3,24038,24132
2,4,24038,24132
2,2,24132,24226
2,4,24226,24507
2,1,24226,24507
2,3,24226,24507
1,2,24413,0
2,1,24601,24882
2,2,24601,24788
2,4,24601,24882
1,3,24788,0
1,2,24882,0
2,1,24976,25257
2,3,24976,25163
2,4,24976,25163
1,2,25163,0
1,3,25257,0
1,4,25257,0
1,1,25351,0
1,2,25351,0
1,4,25538,0
1,1,25538,0
1,3,25632,0
2,2,25726,26007
2,1,25726,26007
2,4,25726,26007
1,3,25913,0
2,4,26101,26382
2,1,26101,26382
2,3,26101,26288
1,2,26288,0
1,3,26382,0
1,1,26476,0
1,2,26476,0
1,4,26476,0
1,3,26569,0
1,1,26663,0
1,4,26757,0
1,3,26757,0
1,1,26851,0
1,2,26851,0
1,4,26851,0
1,2,27038,0
1,3,27038,0
1,1,27132,0
2,3,27226,27507
2,4,27226,27507
2,2,27226,27507
1,1,27413,0
2,1,27601,27882
2,2,27601,27882
2,3,27601,27788
1,4,27788,0
1,3,27882,0
2,4,27976,28257
2,2,27976,28163
2,1,27976,28163
1,3,28163,0
1,1,28257,0
1,2,28257,0
1,3,28351,0
1,4,28351,0
1,1,28538,0
1,2,28538,0
1,3,28632,0
2,2,28726,29007
2,4,28726,29007
2,1,28726,29007
1,3,28913,0
2,1,29101,29382
2,3,29101,29382
2,4,29101,29382
1,2,29288,0
2,2,29476,29757
2,1,29569,29663
2,4,29663,29944
2,3,29757,29851
2,1,29851,30132
2,2,29944,30038
2,4,30038,30132
2,3,30132,30226
2,1,30226,30507
2,2,30226,30507
2,4,30226,30507
2,3,30413,30694
2,4,30601,30882
2,2,30601,30882
2,1,30601,30694
2,1,30788,30882
2,3,30788,31163
2,1,30976,31257
2,2,30976,31257
2,4,30976,31163
2,4,31257,31444
2,1,31351,31632
2,2,31351,31632
2,3,31351,31444
2,3,31538,31632
2,4,31538,31632
2,4,31726,32007
2,1,31726,32007
2,3,31726,32007
2,2,31913,32194
2,3,32101,32288
2,1,32101,32382
2,4,32101,32382
2,2,32288,32382
2,3,32382,32663
2,1,32476,32757
2,2,32476,32663
2,4,32476,32757
2,2,32757,32944
2,1,32851,33132
2,3,32851,32944
2,4,32851,33132
2,3,33038,33132
2,2,33038,33132
2,1,33226,33507
1,3,33226,0
1,4,33226,0
1,2,33319,0
1,3,33413,0
1,4,33507,0
1,2,33601,0
1,3,33601,0
2,1,33601,33882
1,4,33694,0
1,2,33788,0
1,3,33882,0
1,1,33976,0
1,2,33976,0
2,4,33976,34257
1,3,34069,0
1,2,34163,0
1,1,34257,0
1,2,34351,0
1,3,34351,0
2,4,34351,34632
1,1,34444,0
1,2,34538,0
1,3,34632,0
2,2,34726,34913
2,4,34726,35007
2,1,34726,34819
2,3,34819,34913
2,1,34913,35007
2,2,35007,35101
2,1,35101,35382
2,3,35101,35288
2,4,35101,35194
2,2,35194,35288
2,4,35288,35382
2,3,35382,35476
2,4,35476,35663
2,2,35476,35757
2,1,35476,35569
2,3,35569,35663
2,1,35663,35757
2,3,35757,35851
2,1,35851,36132
2,2,35851,35944
2,4,35851,36038
2,3,35944,36038
2,2,36038,36132
2,3,36132,36226
2,1,36226,36694
2,2,36226,36507
2,4,36226,36319
2,3,36413,36507
2,2,36601,36694
2,1,36788,36882
1,4,36882,0
1,1,36976,0
1,3,36976,0
1,3,37163,0
1,1,37351,0
1,2,37351,0
2,4,37351,37444
1,1,37538,0
1,2,37538,0
2,3,37538,37632
2,1,37726,37819
1,4,37726,0
1,3,37913,0
2,2,37913,38007
1,4,38101,0
1,2,38288,0
1,3,38351,0
1,1,38413,0
2,2,38476,38569
1,4,38476,0
1,1,38663,0
2,3,38663,38757
1,4,38851,0
2,1,38851,38944
2,2,39038,39132
1,3,39038,0
1,4,39038,0
1,1,39226,0
1,2,39226,0
2,4,39226,39601
1,3,39319,0
1,1,39413,0
1,2,39601,0
1,1,39788,0
2,3,39788,39882
1,2,39882,0
2,3,39976,40351
1,4,39976,0
1,1,40163,0
1,4,40351,0
1,1,40351,0
1,1,40538,0
2,2,40538,40632
1,4,40538,0
2,2,40726,41101
1,3,40726,0
1,1,40913,0
1,3,40976,0
1,1,41038,0
1,4,41101,0
1,3,41288,0
2,1,41288,41382
1,4,41382,0
2,1,41476,41851
1,2,41476,0
1,4,41569,0
1,2,41663,0
1,3,41663,0
1,4,41851,0
1,3,41944,0
1,2,42038,0
1,1,42038,0
2,1,42226,42319
1,4,42226,0
1,3,42272,0
2,2,42413,42507
1,4,42413,0
1,1,42601,0
2,3,42601,42694
2,4,42788,42882
1,2,42788,0
1,1,42788,0
1,3,42882,0
1,2,42976,0
1,4,42976,0
1,1,43163,0
1,2,43351,0
2,4,43351,43444
1,1,43397,0
2,2,43538,43632
2,3,43726,43819
2,1,43913,44007
1,4,44101,0
2,1,44288,44382
1,3,44288,0
1,2,44382,0
2,3,44476,44569
1,4,44476,0
1,1,44476,0
1,3,44663,0
2,2,44663,44757
1,1,44851,0
2,4,44851,44944
1,2,45038,0
1,4,45038,0
2,1,45226,45507
2,3,45226,45507
2,4,45226,45694
1,2,45413,0
1,3,45601,0
1,1,45601,0
1,2,45788,0
1,4,45788,0
1,3,45882,0
2,1,45976,46444
2,2,45976,46257
2,4,45976,46257
1,3,46163,0
1,4,46351,0
1,2,46351,0
1,1,46538,0
1,3,46538,0
1,2,46632,0
1,1,46726,0
1,3,46726,0
2,4,46726,47007
1,2,46819,0
1,3,46913,0
1,2,47007,0
2,1,47101,47382
1,3,47101,0
1,4,47101,0
1,2,47194,0
1,4,47288,0
1,2,47382,0
2,3,47476,47757
1,4,47476,0
1,1,47476,0
1,2,47569,0
1,4,47663,0
1,1,47757,0
1,2,47757,0
1,3,47851,0
1,4,47851,0
1,4,48038,0
1,1,48038,0
2,1,48226,48507
1,2,48226,0
2,3,48226,48319
1,2,48413,0
2,4,48413,48507
1,4,48601,0
2,1,48601,48882
2,3,48601,48694
2,4,48788,48882
1,2,48788,0
1,3,48882,0
2,1,48976,49163
2,2,48976,49069
1,4,48976,0
1,3,49163,0
2,4,49163,49257
1,1,49257,0
1,2,49257,0
1,3,49351,0
1,4,49351,0
1,2,49538,0
1,4,49538,0
1,1,49632,0
2,2,49726,49819
1,3,49726,0
2,4,49726,50007
1,3,49913,0
2,1,49913,50007
2,2,50101,50194
2,4,50101,50382
1,1,50101,0
1,3,50288,0
2,1,50288,50382
1,2,50382,0
1,1,50476,0
2,3,50476,50569
2,4,50476,50663
2,1,50663,50757
1,2,50663,0
1,3,50757,0
1,4,50757,0
1,2,50851,0
1,1,50851,0
1,3,50944,0
1,1,51038,0
1,4,51038,0
1,2,51132,0
2,1,51226,51507
2,3,51226,51319
1,4,51226,0
1,4,51413,0
2,2,51413,51507
2,1,51601,51882
1,3,51601,0
2,4,51601,51694
1,2,51788,0
2,3,51788,51882
1,4,51882,0
1,3,51976,0
2,2,51976,52069
2,1,51976,52163
1,3,52163,0
2,4,52163,52257
1,1,52257,0
1,2,52257,0
1,3,52351,0
1,4,52351,0
1,1,52538,0
1,2,52538,0
1,3,52632,0
1,4,52726,0
2,2,52726,53007
2,1,52726,52819
2,3,52913,53007
1,4,52913,0
1,1,53101,0
2,2,53101,53194
2,4,53101,53382
2,1,53288,53382
1,3,53288,0
1,2,53382,0
1,1,53476,0
1,4,53476,0
1,3,53569,0
2,4,53663,53851
1,1,53851,0
1,3,53944,0
1,1,54038,0
1,3,54132,0
1,4,54226,0
1,2,54226,0
1,1,54226,0
1,1,54413,0
1,3,54413,0
1,2,54601,0
1,3,54601,0
1,4,54601,0
1,1,54788,0
1,4,54788,0
1,2,54882,0
1,4,54976,0
1,1,54976,0
1,3,54976,0
1,4,55163,0
1,1,55257,0
1,2,55257,0
1,4,55351,0
1,1,55351,0
1,3,55351,0
1,4,55538,0
1,2,55538,0
1,3,55632,0
1,1,55726,0
1,2,55726,0
1,4,55726,0
1,2,55913,0
1,3,55913,0
1,1,56101,0
1,3,56101,0
1,4,56101,0
1,2,56288,0
1,1,56288,0
1,3,56382,0
1,1,56476,0
1,2,56476,0
1,4,56476,0
1,1,56663,0
1,3,56757,0
1,4,56757,0
1,4,56851,0
1,1,56851,0
1,2,56851,0
1,3,56944,0
1,1,57038,0
1,4,57038,0
1,2,57132,0
1,1,57226,0
1,3,57226,0
1,4,57226,0
1,1,57413,0
1,2,57413,0
1,1,57601,0
1,2,57601,0
1,4,57601,0
1,3,57788,0
1,4,57788,0
1,2,57882,0
1,4,57976,0
1,3,57976,0
1,1,57976,0
1,1,58163,0
1,2,58163,0
1,4,58163,0
1,2,58351,0
1,3,58351,0
1,4,58351,0
1,1,58538,0
1,3,58538,0
1,2,58632,0
1,3,58726,0
1,4,58726,0
1,1,58819,0
1,2,58819,0
1,3,58913,0
1,4,58913,0
1,1,59007,0
1,2,59007,0
1,4,59101,0
1,3,59101,0
1,1,59194,0
1,2,59194,0
1,3,59288,0
1,4,59288,0
1,1,59382,0
1,2,59382,0
1,3,59476,0
1,4,59476,0
1,2,59569,0
1,1,59569,0
1,3,59663,0
1,4,59663,0
1,1,59757,0
1,2,59757,0
2,4,59851,60132
2,3,59944,60132
1,4,60226,0
1,3,60226,0
1,1,60226,0
1,2,60413,0
1,1,60601,0
1,3,60601,0
1,4,60788,0
1,1,60976,0
1,2,61163,0
1,4,61351,0
1,1,61351,0
1,3,61538,0
1,2,61632,0
1,1,61726,0
1,3,61913,0
1,1,62101,0
1,2,62101,0
2,4,62288,62663
1,1,62663,0
1,2,62663,0
1,3,62851,0
1,1,63038,0
1,2,63038,0
1,2,63226,0
1,4,63226,0
1,2,63601,0
1,3,63601,0
1,1,63976,0
1,2,64163,0
1,3,64351,0
1,1,64351,0
1,4,64538,0
1,2,64726,0
1,3,64913,0
1,1,65007,0
1,2,65101,0
1,4,65101,0
1,3,65288,0
1,2,65476,0
1,4,65663,0
1,1,65663,0
1,3,65757,0
1,1,65851,0
1,2,65851,0
1,3,66038,0
2,1,66226,66507
1,2,66226,0
1,4,66226,0
1,4,66413,0
2,2,66413,66507
1,1,66601,0
1,2,66601,0
1,4,66601,0
1,3,66788,0
1,4,66788,0
1,2,66882,0
1,3,66976,0
1,1,66976,0
2,4,66976,67257
2,3,67163,67257
1,1,67257,0
1,2,67257,0
1,3,67351,0
1,4,67351,0
1,1,67538,0
1,2,67538,0
1,3,67632,0
1,4,67726,0
2,2,67726,68007
1,1,67726,0
1,3,67913,0
2,4,67913,68007
1,1,68101,0
1,3,68101,0
1,4,68101,0
1,1,68288,0
1,4,68288,0
1,2,68382,0
1,4,68476,0
1,1,68476,0
2,3,68476,68757
2,1,68663,68757
1,2,68757,0
1,4,68757,0
1,1,68851,0
1,3,68851,0
1,1,69038,0
1,4,69038,0
1,3,69132,0
1,1,69226,0
1,2,69226,0
1,4,69226,0
1,3,69319,0
1,1,69413,0
1,2,69413,0
1,3,69507,0
1,1,69601,0
1,4,69601,0
1,2,69694,0
1,3,69788,0
1,4,69788,0
1,2,69882,0
1,1,69976,0
1,3,69976,0
1,4,70069,0
1,1,70163,0
1,2,70163,0
1,3,70257,0
1,4,70351,0
1,1,70351,0
1,3,70444,0
1,1,70538,0
1,2,70538,0
1,3,70632,0
2,1,70726,71476
1,2,70726,0
2,4,70726,71476
1,4,72226,0
2,1,72226,72413
1,2,72226,0
2,4,72507,72694
2,1,72601,72788
2,2,72788,73163
2,3,72788,73163
2,1,72976,73163
2,4,72976,73163
2,4,73351,73538
2,3,73351,73538
2,1,73538,73726
2,2,73726,74194
2,4,73726,73913
2,1,74007,74194
1,3,74101,0
2,4,74101,74663
2,3,74288,74663
2,2,74476,74663
2,1,74476,74663
2,2,74851,74944
2,4,74851,75038
2,1,75038,75226
2,3,75038,75132
2,2,75226,75413
2,4,75226,75601
2,3,75413,75601
2,1,75601,75788
2,2,75601,75788
2,3,75788,75976
2,4,75788,75976
2,1,75976,76538
1,2,75976,0
2,4,76163,76351
2,2,76351,76726
2,3,76538,76726
2,4,76538,76913
2,1,76726,77101
2,2,76913,77101
2,4,77101,77288
1,3,77101,0
2,1,77288,77476
2,2,77476,77851
2,4,77476,78132
2,3,77663,77851
2,1,77851,78226
2,2,78038,78226
2,4,78226,78319
2,4,78413,78507
2,3,78601,78694
2,4,78694,78788
2,2,78788,78976
1,1,78976,0
1,4,78976,0
2,1,79351,79726
2,3,79351,79538
1,4,79351,0
2,2,79538,79726
2,4,79726,79913
2,3,79726,80194
2,2,80007,80194
2,1,80101,80382
1,4,80101,0
2,4,80288,80476
2,1,80476,80663
2,3,80476,80569
2,4,80569,80663
2,2,80663,80757
2,3,80757,80851
2,1,80851,80944
2,4,80851,81038
2,2,80944,81038
2,3,81038,81132
2,2,81132,81226
2,3,81226,81413
1,4,81226,0
1,1,81226,0
1,2,81319,0
1,1,81413,0
1,1,81601,0
2,2,81601,81788
1,4,81601,0
1,3,81694,0
1,4,81788,0
1,2,81976,0
1,3,81976,0
2,4,81976,82163
1,2,82163,0
2,1,82351,82538
1,3,82351,0
1,4,82351,0
1,2,82444,0
1,4,82538,0
1,1,82726,0
1,2,82726,0
1,3,82726,0
1,4,82913,0
1,2,82913,0
1,1,83101,0
2,3,83101,83288
1,4,83101,0
1,1,83288,0
1,2,83288,0
1,4,83382,0
1,1,83476,0
2,2,83476,83663
1,3,83476,0
1,4,83569,0
1,3,83663,0
1,2,83757,0
2,1,83851,84101
2,4,83851,84101
2,3,83976,84101
2,2,84101,84226
2,3,84226,84507
1,1,84226,0
2,4,84226,84507
1,2,84319,0
1,1,84413,0
2,1,84601,84882
2,2,84601,84882
1,4,84601,0
1,4,84788,0
1,3,84882,0
1,2,84976,0
2,4,84976,85257
2,1,84976,85163
1,3,85163,0
1,1,85257,0
1,2,85257,0
1,3,85351,0
1,4,85351,0
1,1,85538,0
1,2,85538,0
1,3,85632,0
1,4,85726,0
2,1,85726,86007
2,2,85726,86007
1,3,85913,0
1,1,86101,0
2,2,86101,86382
2,4,86101,86382
1,3,86288,0
1,1,86382,0
2,2,86476,86663
2,3,86476,86757
1,4,86476,0
1,1,86569,0
1,4,86663,0
1,1,86757,0
1,2,86757,0
1,3,86851,0
1,4,86851,0
1,4,87038,0
1,1,87038,0
1,3,87132,0
1,1,87226,0
2,2,87226,87507
2,4,87226,87507
1,3,87413,0
1,3,87601,0
2,4,87601,87882
2,1,87601,87882
1,2,87788,0
1,3,87882,0
1,1,87976,0
2,2,87976,88257
2,4,87976,88163
1,1,88163,0
1,4,88257,0
1,3,88257,0
1,2,88351,0
1,1,88351,0
1,1,88538,0
1,3,88538,0
1,4,88632,0
1,1,88726,0
2,2,88726,89007
2,3,88726,89007
1,4,88913,0
2,4,89101,89382
2,2,89101,89382
1,1,89101,0
1,3,89288,0
2,1,89476,89757
2,2,89569,89663
2,4,89663,89944
2,3,89757,89851
2,1,89851,90132
2,2,89944,90038
2,4,90038,90132
2,3,90132,90226
2,2,90226,90507
1,1,90226,0
2,4,90226,90507
1,3,90413,0
2,1,90601,90882
2,3,90601,90882
1,4,90601,0
1,2,90788,0
1,1,90976,0
2,3,90976,91257
2,4,90976,91257
1,2,91069,0
1,1,91163,0
2,1,91351,91632
2,3,91351,91632
1,4,91351,0
1,2,91538,0
2,1,91726,92007
2,2,91726,92007
1,4,91726,0
1,3,91913,0
1,4,92101,0
2,2,92101,92382
2,3,92101,92382
1,1,92288,0
1,1,92476,0
2,2,92476,92757
2,4,92476,92757
1,3,92569,0
1,1,92663,0
2,2,92851,93038
2,1,92851,93132
1,4,92851,0
1,3,93038,0
1,2,93132,0
2,1,93226,93413
2,3,93226,93319
2,4,93226,93507
2,2,93319,93413
2,3,93413,93507
2,1,93507,93601
2,2,93601,93788
2,3,93601,93694
2,4,93601,93882
2,1,93694,93788
2,3,93788,93882
2,2,93882,93976
2,1,93976,94257
2,3,93976,94163
2,4,93976,94069
2,2,94069,94163
2,4,94163,94257
2,3,94257,94351
2,1,94351,94632
2,2,94351,94444
2,4,94351,94538
2,3,94444,94538
2,2,94538,94632
2,4,94632,94726
2,3,94726,95007
2,1,94726,94819
2,2,94726,94913
2,4,94819,94913
2,1,94913,95007
2,2,95007,95101
2,1,95101,95288
2,3,95101,95382
2,4,95101,95194
2,2,95194,95288
2,4,95288,95382
2,1,95382,95476
2,2,95476,95757
2,3,95476,95663
2,4,95476,95569
2,1,95569,95663
2,4,95663,95757
2,3,95757,95851
2,2,95851,96132
2,4,95851,96038
2,1,95851,95944
2,3,95944,96038
2,1,96038,96132
2,3,96132,96226
1,1,96226,0
1,2,96226,0
2,4,96226,97726
1,2,96601,0
1,3,96976,0
1,1,96976,0
1,3,97351,0
1,2,97538,0
1,1,97726,0
2,3,97913,98101
2,2,98288,98476
1,1,98476,0
1,4,98476,0
1,2,98569,0
1,3,98663,0
1,1,98757,0
1,3,98851,0
1,4,98944,0
1,2,99038,0
1,3,99132,0
2,1,99226,99413
2,4,99226,100163
1,3,99413,0
1,1,99507,0
2,3,99601,99788
1,1,99788,0
1,2,99882,0
2,1,99976,100163
1,3,99976,0
1,3,100163,0
1,2,100257,0
1,3,100351,0
2,4,100351,100444
1,1,100444,0
1,4,100538,0
2,2,100538,100632
1,3,100632,0
2,1,100726,101382
1,2,100726,0
1,4,100819,0
1,2,100913,0
2,3,100913,101007
1,4,101007,0
1,3,101101,0
1,2,101288,0
2,4,101288,101382
1,3,101382,0
1,1,101476,0
1,4,101476,0
1,2,101569,0
2,1,101663,101757
1,4,101663,0
1,3,101757,0
2,1,101851,102038
1,2,101851,0
1,4,101944,0
1,3,102038,0
1,2,102085,0
1,4,102132,0
1,3,102179,0
1,2,102226,0
2,1,102226,102319
2,3,102413,102507
1,4,102413,0
1,1,102601,0
2,2,102601,102694
2,4,102788,102882
1,1,102788,0
1,3,102788,0
1,2,102882,0
1,4,102976,0
1,1,102976,0
1,2,103163,0
1,4,103351,0
2,3,103351,103444
2,2,103538,103632
1,1,103538,0
2,1,103726,103819
1,3,103726,0
1,2,103913,0
2,4,103913,104007
1,4,104101,0
1,1,104288,0
1,2,104351,0
1,3,104413,0
1,4,104476,0
2,1,104476,104569
2,2,104663,104757
2,3,104851,105038
1,1,105038,0
2,2,105226,105319
1,3,105226,0
2,4,105226,105694
2,2,105413,105601
1,3,105413,0
1,1,105601,0
2,4,105788,105882
2,1,105976,106444
1,2,105976,0
2,3,105976,106069
1,2,106163,0
2,3,106163,106351
1,4,106351,0
2,1,106538,106632
2,4,106726,107007
1,2,106726,0
2,3,106726,107007
1,1,106913,0
1,1,107101,0
2,2,107101,107382
2,4,107101,107382
1,3,107288,0
1,1,107382,0
1,4,107476,0
2,3,107476,107663
2,2,107476,107757
1,1,107663,0
1,3,107757,0
1,4,107757,0
1,1,107851,0
1,2,107851,0
1,3,107944,0
1,4,108038,0
1,1,108038,0
1,2,108132,0
1,1,108226,0
1,3,108226,0
2,4,108226,108882
1,1,108413,0
1,3,108601,0
1,2,108601,0
2,2,108788,108882
2,3,108788,109069
2,1,108788,108882
2,1,108976,109257
2,2,108976,109069
2,4,108976,109069
1,3,109163,0
1,2,109257,0
1,1,109351,0
2,4,109351,109632
1,3,109444,0
1,1,109538,0
1,2,109632,0
2,1,109726,110007
1,3,109726,0
1,4,109726,0
1,3,109913,0
1,2,110007,0
1,1,110101,0
1,4,110101,0
1,3,110194,0
2,2,110288,110569
2,4,110288,110382
2,1,110288,110382
2,1,110476,110569
2,3,110476,110569
2,4,110476,110851
2,3,110663,110757
2,1,110757,111038
2,2,110851,110944
1,3,110851,0
2,4,110944,111038
2,3,111038,111132
2,2,111132,111226
2,1,111226,111507
1,3,111226,0
1,4,111226,0
1,3,111413,0
1,2,111507,0
1,1,111601,0
1,4,111601,0
1,3,111694,0
2,4,111788,111882
2,1,111788,111882
2,2,111788,112069
2,1,111976,112069
2,3,111976,112351
2,4,111976,112069
1,2,112163,0
1,1,112257,0
1,2,112351,0
1,4,112351,0
1,3,112444,0
2,1,112538,112632
1,4,112538,0
1,2,112632,0
1,1,112726,0
2,3,112726,113007
1,4,112726,0
1,1,112913,0
1,2,113007,0
1,4,113101,0
1,3,113101,0
1,2,113194,0
1,1,113288,0
1,3,113288,0
1,4,113288,0
2,1,113476,113569
2,4,113476,113757
2,1,113663,114132
2,2,113663,113757
2,3,113851,113944
2,2,113851,114132
2,4,114038,114132
1,1,114226,0
1,3,114226,0
1,4,114226,0
1,2,114413,0
1,3,114413,0
1,4,114601,0
1,2,114601,0
1,1,114601,0
1,3,114788,0
1,4,114788,0
1,2,114882,0
1,1,114976,0
1,3,114976,0
1,4,114976,0
1,1,115163,0
1,4,115257,0
1,2,115257,0
1,1,115351,0
1,3,115351,0
1,4,115351,0
1,1,115538,0
1,2,115538,0
1,3,115632,0
1,2,115726,0
1,4,115726,0
1,1,115726,0
1,4,115913,0
1,3,115913,0
1,1,116101,0
1,2,116101,0
1,3,116101,0
1,2,116288,0
1,4,116288,0
1,3,116382,0
1,2,116476,0
1,4,116476,0
1,1,116476,0
1,4,116663,0
1,1,116757,0
1,2,116757,0
1,1,116851,0
1,3,116851,0
1,4,116851,0
1,2,116944,0
1,3,117038,0
1,4,117038,0
1,1,117132,0
1,2,117226,0
1,3,117226,0
1,4,117226,0
1,1,117413,0
1,2,117413,0
1,1,117601,0
1,3,117601,0
1,4,117601,0
1,2,117788,0
1,1,117788,0
1,3,117882,0
1,1,117976,0
1,2,117976,0
1,4,117976,0
1,1,118163,0
1,3,118257,0
1,4,118257,0
1,3,118351,0
1,2,118351,0
1,1,118351,0
1,1,118538,0
1,4,118538,0
1,2,118632,0
1,3,118726,0
1,4,118726,0
1,1,118819,0
1,2,118819,0
1,4,118913,0
1,3,118913,0
1,1,119007,0
1,2,119007,0
1,3,119101,0
1,4,119101,0
1,1,119194,0
1,2,119194,0
1,4,119288,0
1,3,119288,0
1,2,119382,0
1,1,119382,0
1,3,119476,0
1,4,119476,0
1,1,119569,0
1,2,119569,0
1,3,119663,0
1,4,119663,0
1,1,119757,0
1,2,119757,0
2,4,119851,120132
2,3,119944,120132
2,1,120038,120226
1,2,120226,0
2,3,120226,120788
1,4,120226,0
2,4,120413,120788
1,1,120601,0
2,2,120788,120882
2,3,120976,121444
2,4,121163,121444
1,1,121351,0
2,2,121538,121632
2,3,121726,122194
2,4,121913,122194
1,1,122101,0
2,3,122288,122382
2,2,122476,122569
2,4,122663,122757
1,1,122663,0
2,2,122851,122944
1,4,122851,0
2,1,123038,123132
1,3,123038,0
1,2,123226,0
2,3,123226,123413
1,1,123413,0
1,2,123601,0
2,4,123601,123788
1,3,123788,0
1,1,123976,0
2,2,123976,124069
1,3,124163,0
2,4,124163,124257
1,1,124351,0
2,3,124351,124444
2,2,124538,124632
1,4,124538,0
2,4,124726,125007
2,1,124726,124819
1,3,124726,0
2,1,124913,125194
2,2,124913,125007
2,2,125101,125476
2,3,125101,125194
1,4,125101,0
2,1,125288,125476
2,4,125288,125382
1,4,125476,0
2,3,125476,126038
2,2,125663,126038
2,1,125851,126038
2,4,125851,126038
1,1,126226,0
1,2,126226,0
1,3,126226,0
2,4,126226,126507
1,2,126413,0
1,1,126413,0
1,1,126601,0
2,2,126601,126882
1,4,126601,0
1,3,126788,0
1,4,126788,0
1,1,126882,0
1,3,126976,0
1,2,126976,0
2,4,126976,127257
1,1,127163,0
1,2,127257,0
1,3,127257,0
2,1,127351,127632
1,4,127351,0
1,3,127538,0
1,4,127538,0
1,2,127632,0
1,4,127726,0
2,3,127726,128007
1,1,127726,0
1,1,127913,0
1,2,127913,0
2,1,128101,128382
1,3,128101,0
1,4,128101,0
1,2,128288,0
1,4,128288,0
1,3,128382,0
2,4,128476,128757
1,1,128476,0
1,2,128476,0
1,3,128663,0
1,1,128757,0
1,2,128757,0
1,3,128851,0
1,4,128851,0
1,2,128944,0
1,4,129038,0
1,1,129038,0
1,3,129132,0
1,1,129226,0
1,2,129226,0
1,4,129226,0
1,3,129319,0
1,1,129413,0
1,2,129413,0
1,4,129507,0
1,2,129601,0
1,3,129601,0
1,1,129601,0
1,4,129694,0
1,2,129788,0
1,3,129788,0
1,1,129882,0
1,2,129976,0
1,3,129976,0
1,4,129976,0
1,1,130069,0
1,4,130163,0
1,3,130163,0
1,2,130257,0
1,1,130351,0
1,3,130351,0
1,4,130351,0
1,2,130444,0
1,1,130538,0
1,4,130538,0
1,3,130632,0
1,2,130726,0
1,1,130726,0
1,3,130913,0
1,4,130913,0
1,1,131007,0
1,3,131101,0
1,4,131101,0
1,1,131194,0
1,2,131194,0
1,4,131288,0
1,2,131382,0
1,1,131382,0
1,3,131476,0
1,4,131476,0
1,1,131569,0
1,2,131569,0
1,3,131663,0
1,4,131663,0
1,2,131710,0
1,1,131757,0
1,4,131851,0
1,2,131851,0
1,3,131851,0
1,1,132226,0
1,2,132226,0
1,3,132226,0
2,4,132226,132413
1,2,132413,0
1,1,132507,0
2,3,132507,132694
1,2,132601,0
2,4,132601,132788
2,1,132788,132882
2,2,132788,133163
2,1,132976,133163
2,4,132976,133163
1,3,133163,0
1,4,133351,0
2,2,133351,133538
2,1,133351,133538
1,3,133538,0
2,4,133538,133726
2,1,133726,133913
2,2,133726,133913
2,3,133913,134101
2,4,134007,134194
2,1,134101,134288
1,2,134101,0
2,3,134288,134382
2,4,134288,134663
2,1,134476,134663
1,2,134476,0
2,3,134476,134663
1,2,134663,0
1,3,134757,0
1,2,134851,0
2,4,134851,134944
1,1,134851,0
1,3,134944,0
1,1,135038,0
2,2,135038,135132
1,4,135132,0
1,1,135226,0
2,2,135226,135413
2,3,135226,135413
1,4,135413,0
2,1,135413,135601
1,2,135601,0
2,3,135601,135882
2,4,135601,135694
2,1,135788,135882
2,2,135788,135882
1,3,135976,0
2,4,135976,136444
1,1,135976,0
1,2,136069,0
2,3,136163,136351
1,1,136351,0
1,2,136351,0
1,3,136444,0
2,1,136538,136819
2,2,136538,136632
1,4,136538,0
2,2,136726,137007
2,4,136726,137007
1,3,136913,0
2,1,136913,137007
2,1,137101,137288
1,2,137101,0
1,4,137101,0
1,3,137288,0
2,4,137288,137382
1,2,137382,0
2,3,137476,137663
1,4,137476,0
2,1,137476,137757
1,2,137663,0
1,3,137757,0
1,1,137851,0
1,2,137851,0
2,4,137851,138038
1,3,137944,0
1,2,138038,0
1,1,138038,0
1,4,138226,0
2,1,138226,138413
1,2,138226,0
1,3,138413,0
2,2,138507,138694
1,3,138601,0
2,1,138601,138788
1,4,138601,0
2,3,138788,139163
2,4,138788,138882
2,1,138976,139163
2,4,138976,139163
1,2,139163,0
1,1,139351,0
2,3,139351,139538
2,4,139351,139538
2,1,139538,139726
1,2,139538,0
2,3,139726,139913
2,4,139726,139913
2,2,139913,140101
2,1,140007,140194
1,3,140101,0
2,4,140101,140382
2,1,140288,140382
2,2,140288,140382
2,1,140476,140726
2,2,140476,140601
2,4,140476,140726
2,3,140601,140976
2,2,140726,140851
2,1,140851,141101
2,4,140851,141101
2,2,140976,141101
2,3,141101,141226
2,1,141226,141351
2,2,141226,141351
2,4,141226,141351
1,3,141413,0
2,4,141476,141601
2,1,141476,141601
2,2,141476,141601
2,1,141726,141851
2,2,141726,141851
2,3,141726,141851
2,4,141976,142101
2,2,141976,142101
2,3,141976,142101
2,3,142226,142351
2,4,142226,142351
2,1,142226,142351
2,1,142476,142601
2,2,142476,142601
2,3,142476,142601
2,2,142726,142851
2,3,142726,142851
2,4,142726,142851
2,2,142976,143101
2,4,142976,143101
2,1,142976,143101
1,1,143226,0
1,3,143226,0
1,4,143226,0
1,2,143288,0
1,3,143382,0
1,4,143476,0
1,1,143476,0
1,2,143476,0
1,4,143663,0
1,3,143663,0
1,1,143757,0
1,2,143757,0
1,4,143851,0
1,1,143944,0
1,2,143944,0
1,3,144038,0
1,4,144038,0
1,2,144132,0
2,4,144226,144507
2,1,144226,144507
1,3,144226,0
1,2,144319,0
1,3,144413,0
2,4,144601,144882
1,1,144601,0
2,3,144601,144882
1,1,144788,0
1,2,144882,0
2,4,144976,145163
2,1,144976,145257
1,3,144976,0
1,2,145163,0
1,3,145257,0
1,4,145257,0
1,1,145351,0
1,2,145351,0
1,3,145538,0
1,4,145538,0
1,2,145632,0
1,1,145726,0
2,3,145726,146007
2,4,145726,146007
1,2,145913,0
2,1,146101,146382
2,3,146101,146382
1,4,146101,0
1,2,146288,0
1,4,146382,0
2,1,146476,146757
2,2,146476,146663
1,3,146476,0
1,4,146569,0
1,3,146663,0
1,2,146757,0
1,4,146757,0
1,3,146851,0
1,1,146851,0
1,1,147038,0
1,4,147038,0
1,2,147132,0
2,1,147226,147507
2,3,147226,147507
1,4,147226,0
1,2,147413,0
2,4,147601,147882
1,2,147601,0
2,1,147601,147882
1,3,147788,0
1,2,147882,0
2,1,147976,148163
2,3,147976,148257
1,4,147976,0
1,4,148163,0
1,2,148257,0
1,1,148257,0
1,3,148351,0
1,4,148351,0
1,2,148538,0
1,4,148538,0
1,1,148632,0
2,3,148726,149007
2,2,148726,149007
1,4,148726,0
1,1,148913,0
2,1,149101,149382
2,3,149101,149382
1,4,149101,0
1,2,149288,0
2,4,149476,149757
2,3,149569,149663
2,1,149663,149944
2,2,149757,149851
2,4,149851,150132
2,3,149944,150038
2,1,150038,150132
2,2,150132,150226
2,1,150226,150507
2,3,150226,150507
1,4,150226,0
1,2,150413,0
2,2,150601,150882
2,4,150601,150882
1,1,150601,0
1,3,150788,0
2,2,150976,151257
2,1,150976,151257
1,4,150976,0
1,3,151069,0
1,4,151163,0
1,1,151351,0
2,2,151351,151632
2,4,151351,151632
1,3,151538,0
1,1,151726,0
2,3,151726,152007
2,4,151726,152007
1,2,151913,0
1,1,152101,0
2,2,152101,152382
2,3,152101,152382
1,4,152288,0
2,1,152476,152757
2,2,152476,152663
1,4,152476,0
1,3,152569,0
1,4,152663,0
1,2,152757,0
1,1,152851,0
2,3,152851,153038
2,4,152851,153132
1,2,152944,0
1,1,153038,0
1,3,153132,0
2,1,153226,153507
2,2,153226,153319
2,4,153226,153413
2,3,153319,153413
2,2,153413,153507
2,4,153507,153601
2,1,153601,153882
2,2,153601,153694
2,3,153601,153788
2,4,153694,153788
2,2,153788,153882
2,3,153882,153976
2,4,153976,154257
2,1,153976,154069
2,2,153976,154163
2,3,154069,154163
2,1,154163,154257
2,2,154257,154351
2,1,154351,154538
2,3,154351,154444
2,4,154351,154632
2,2,154444,154538
2,3,154538,154632
2,1,154632,154726
2,2,154726,155007
2,3,154726,154913
2,4,154726,154819
2,1,154819,154913
2,4,154913,155007
2,3,155007,155101
2,4,155101,155288
2,1,155101,155194
2,2,155101,155382
2,3,155194,155288
2,1,155288,155382
2,4,155382,155476
2,1,155476,155663
2,2,155476,155569
2,3,155569,155757
2,2,155663,155851
2,4,155663,155757
2,1,155757,155944
2,3,155851,155944
2,4,155851,156038
2,2,155944,156132
2,3,156038,156132
2,1,156038,156132
2,4,156132,156226
2,2,156226,159038
2,1,156226,158944
1,3,156226,0
2,4,157538,159132
2,3,158476,159132
1,1,159038,0
1,2,159132,0
2,1,159226,160632
2,3,159226,159882
2,4,159226,159882
2,2,159788,160632
2,4,159976,161007
2,3,159976,160444
2,3,160538,160819
2,1,160726,161288
2,2,160726,161194
2,3,160913,161101
2,4,161101,161382
2,2,161288,161476
2,3,161382,161569
2,1,161476,161851
2,4,161476,161663
2,2,161663,162226
2,3,161851,161944
2,4,161851,161944
2,3,162038,162226
2,4,162038,162226
2,1,162226,162507
2,3,162413,162507
2,4,162413,162694
2,2,162601,162694
2,4,162788,162882
2,1,162788,163069
2,2,162976,163069
2,4,162976,163257
2,1,163163,163444
2,3,163163,163257
2,3,163351,163632
2,4,163351,163444
2,4,163538,163632
2,1,163538,163632
2,3,163726,164007
2,2,163726,163819
2,1,163913,164194
2,4,163913,164007
2,2,164101,164194
2,4,164101,164382
2,1,164288,164569
2,3,164288,164382
2,3,164476,164757
2,4,164476,164569
2,4,164663,164757
2,2,164663,164757
2,2,164851,165132
2,3,164851,164944
2,1,165038,165132
2,4,165038,165319
2,1,165226,165507
2,3,165226,165319
2,3,165413,165694
2,2,165413,165507
2,4,165601,165694
2,2,165601,165882
2,1,165788,166069
2,3,165788,165882
2,2,165976,166069
2,4,165976,166257
2,1,166163,166257
2,3,166163,166444
2,4,166351,166538
2,1,166444,166632
2,2,166538,166819
2,3,166632,166726
2,1,166726,166913
2,4,166819,167007
2,3,166913,167194
2,2,167007,167101
1,1,167101,0
2,4,167101,167288
1,2,167194,0
1,3,167288,0
1,4,167382,0
2,1,168226,168476
2,2,168226,168476
1,4,168226,0
2,4,168476,168851
1,1,168601,0
1,2,168601,0
2,3,168663,168851
2,1,168851,168976
1,4,168976,0
1,3,169069,0
2,2,169163,169351
2,1,169257,169444
1,3,169351,0
2,4,169351,169726
1,2,169444,0
2,3,169538,169726
1,1,169538,0
1,2,169632,0
1,1,169726,0
1,3,169819,0
1,2,169913,0
2,4,169913,170194
2,3,170007,170101
2,2,170101,170382
1,1,170101,0
2,3,170194,170288
2,1,170288,170476
1,4,170288,0
1,3,170382,0
2,2,170476,170663
2,4,170476,170757
1,1,170569,0
1,3,170663,0
2,1,170757,170851
2,2,170757,170944
2,4,170851,171132
2,3,170851,171038
1,1,171038,0
1,2,171038,0
1,3,171132,0
2,1,171226,171413
1,2,171226,0
1,4,171226,0
1,3,171319,0
1,2,171413,0
2,4,171507,171694
1,1,171507,0
1,2,171601,0
1,3,171601,0
1,1,171788,0
2,2,171788,172163
1,4,171788,0
1,3,171882,0
1,4,171976,0
1,1,172069,0
2,3,172163,172257
2,2,172257,172351
1,1,172351,0
2,4,172351,172538
2,3,172444,172726
2,2,172538,172632
2,4,172632,172819
2,1,172726,172913
2,2,172819,173007
2,3,172913,173101
1,4,172913,0
2,1,173007,173194
1,2,173101,0
2,4,173101,173382
2,3,173194,173288
2,2,173288,173569
2,1,173382,173476
1,4,173476,0
2,3,173476,173663
2,1,173569,173663
2,4,173663,173757
1,1,173757,0
2,2,173757,173851
1,3,173851,0
2,4,173851,174132
2,1,173944,174038
1,2,174038,0
2,3,174038,174132
2,1,174132,174226
1,4,174226,0
1,3,174226,0
1,2,174226,0
1,3,174413,0
1,4,174413,0
1,1,174601,0
2,2,174601,174882
1,4,174601,0
2,1,174788,174882
2,3,174788,175069
2,4,174976,175257
2,2,174976,175069
2,1,175163,175444
2,3,175163,175257
2,2,175351,175632
1,3,175351,0
2,4,175351,175444
2,1,175538,175632
2,4,175538,176007
1,3,175632,0
1,1,175726,0
1,3,175819,0
2,1,175913,176007
2,2,175913,176194
2,1,176101,176194
2,3,176101,176194
2,4,176101,176194
2,2,176288,176569
2,4,176288,176382
1,4,176476,0
2,1,176476,176757
2,3,176476,176569
2,2,176663,176757
2,4,176663,176757
1,3,176757,0
2,1,176851,176944
2,2,176851,177132
1,4,176851,0
2,3,177038,177132
1,4,177038,0
2,1,177038,177132
2,2,177226,177319
2,4,177226,177507
2,1,177413,177507
2,3,177413,177694
2,1,177601,177882
1,2,177601,0
2,4,177601,177694
1,4,177788,0
2,3,177788,177882
2,2,177788,178069
2,1,177976,178069
2,4,177976,178257
2,2,178163,178257
2,3,178163,178257
2,1,178351,178444
2,2,178351,179663
2,4,178351,178444
2,1,178538,179569
2,3,178538,179288
2,4,178538,179194
1,4,179288,0
1,3,179382,0
1,4,179476,0
1,1,179663,0
1,2,179757,0
2,1,179851,180038
1,3,180226,0
1,4,180226,0
1,1,180226,0
1,2,180226,0
1,3,180413,0
1,1,180601,0
1,3,180788,0
1,2,180882,0
1,1,180976,0
1,3,180976,0
1,4,180976,0
1,4,181163,0
1,2,181351,0
1,1,181351,0
1,4,181538,0
1,4,181726,0
1,1,181913,0
1,2,181913,0
1,4,182101,0
1,1,182288,0
1,2,182288,0
1,4,182351,0
1,3,182351,0
1,2,182413,0
1,1,182476,0
1,3,182476,0
1,4,182476,0
1,2,182663,0
1,3,182851,0
1,2,183038,0
1,4,183038,0
1,1,183226,0
1,3,183226,0
1,4,183226,0
1,1,183413,0
1,3,183601,0
1,3,183788,0
1,2,183882,0
1,3,183976,0
1,1,183976,0
1,4,183976,0
1,2,184163,0
1,3,184351,0
1,4,184351,0
1,1,184538,0
1,1,184726,0
1,3,184913,0
1,4,184913,0
1,1,185101,0
1,4,185288,0
1,3,185288,0
1,1,185382,0
1,2,185382,0
1,1,185476,0
1,3,185476,0
1,4,185476,0
1,2,185569,0
1,3,185663,0
1,4,185663,0
1,2,185757,0
1,1,185757,0
1,4,185851,0
1,1,185944,0
1,3,186038,0
1,4,186038,0
1,2,186132,0
2,1,186226,186976
1,3,186226,0
1,4,186226,0
1,3,186976,0
2,4,186976,187726
1,1,187257,0
1,1,187538,0
2,2,187726,188476
1,3,187726,0
1,4,188101,0
2,3,188476,188851
1,1,188476,0
1,2,188757,0
2,1,188851,189226
1,2,189038,0
1,3,189226,0
2,4,189226,189601
1,1,189601,0
2,2,189601,189976
2,3,189976,190351
1,4,189976,0
1,4,190257,0
1,2,190351,0
2,1,190351,190726
1,2,190538,0
1,3,190726,0
2,4,190726,191476
2,1,191101,191757
1,3,191101,0
2,2,191476,191757
1,3,191476,0
1,4,191663,0
1,3,191757,0
1,1,191851,0
1,2,191897,0
1,3,191944,0
1,4,192038,0
1,1,192132,0
1,2,192226,0
1,4,192226,0
1,2,192319,0
1,4,192413,0
1,1,192413,0
1,3,192413,0
2,1,192601,192882
1,2,192601,0
2,3,192601,192788
1,4,192601,0
1,4,192788,0
1,3,192882,0
2,2,192976,193163
2,4,192976,193257
1,1,192976,0
1,1,193163,0
1,2,193257,0
1,3,193257,0
1,1,193351,0
1,4,193351,0
1,1,193538,0
1,2,193538,0
1,3,193632,0
2,4,193726,194007
1,1,193726,0
2,2,193726,194007
1,3,193913,0
2,1,194101,194382
2,3,194101,194382
1,4,194101,0
1,2,194288,0
1,4,194382,0
1,3,194476,0
2,2,194476,194757
2,1,194476,194663
1,4,194569,0
1,3,194663,0
1,1,194757,0
1,4,194757,0
1,2,194851,0
1,3,194851,0
1,2,195038,0
1,4,195038,0
1,3,195132,0
2,1,195226,195507
2,2,195226,195507
1,4,195226,0
1,3,195413,0
1,1,195601,0
2,2,195601,195882
2,4,195601,195882
1,3,195788,0
1,1,195882,0
2,4,195976,196257
1,2,195976,0
2,3,195976,196163
1,1,196163,0
1,2,196257,0
1,3,196257,0
1,1,196351,0
1,4,196351,0
1,3,196538,0
1,4,196538,0
1,1,196632,0
1,2,196726,0
2,3,196726,197007
2,4,196726,197007
1,1,196913,0
2,1,197101,197382
2,3,197101,197382
1,4,197101,0
1,2,197288,0
2,2,197476,197757
2,3,197569,197663
2,4,197663,197944
2,3,197757,197851
2,1,197851,198132
2,2,197944,198038
2,4,198038,198132
2,3,198132,198226
2,1,198226,198507
2,2,198226,198507
1,4,198226,0
1,3,198413,0
1,1,198601,0
1,2,198601,0
1,4,198601,0
1,3,198788,0
1,4,198788,0
1,1,198976,0
1,3,198976,0
1,2,199069,0
1,4,199163,0
1,3,199163,0
1,1,199163,0
1,1,199351,0
2,2,199351,199632
2,4,199351,199632
1,3,199538,0
1,1,199726,0
1,3,199726,0
1,4,199726,0
1,2,199913,0
1,1,199913,0
1,2,200101,0
1,3,200101,0
1,4,200101,0
1,1,200288,0
1,3,200288,0
1,2,200382,0
1,3,200476,0
1,4,200476,0
1,2,200569,0
1,4,200663,0
1,1,200663,0
1,3,200663,0
2,1,200851,201132
1,2,200851,0
2,3,200851,201132
1,4,201038,0
1,2,201226,0
1,3,201226,0
2,4,201226,201507
1,1,201319,0
1,3,201413,0
1,2,201507,0
2,1,201601,201882
1,3,201601,0
1,4,201601,0
1,2,201694,0
1,4,201788,0
1,2,201882,0
1,4,201976,0
1,1,201976,0
2,3,201976,202257
1,2,202069,0
1,4,202163,0
1,1,202257,0
2,2,202351,202632
1,3,202351,0
1,4,202351,0
1,1,202444,0
1,4,202538,0
1,3,202632,0
2,1,202726,203007
2,2,202726,202913
2,4,202726,202819
2,3,202819,203007
2,4,202913,203101
2,2,203007,203194
2,1,203101,203288
2,4,203194,203382
2,3,203288,203476
2,1,203382,203569
2,2,203476,203663
2,4,203569,203757
2,1,203663,204038
2,3,203663,203851
2,2,203757,203944
2,4,203851,204132
2,3,203944,204132
2,2,204038,204226
2,1,204132,204226
1,3,204226,0
2,4,204226,207226
1,1,205726,0
2,2,205772,207038
1,2,207226,0
1,1,207272,0
1,3,207413,0
1,2,207601,0
1,4,207788,0
1,2,207976,0
1,3,208022,0
1,1,208257,0
1,2,208538,0
1,4,208726,0
2,3,208772,209288
1,2,209288,0
1,3,209476,0
2,1,209522,210226
1,2,210226,0
1,4,210226,0
1,3,210413,0
1,1,210601,0
1,2,210788,0
1,1,210976,0
2,4,210976,211538
1,3,211351,0
1,2,211538,0
1,1,211726,0
2,3,211726,212476
1,4,212101,0
1,1,212476,0
2,4,212476,213226
1,2,212757,0
2,1,212851,213226
1,3,213038,0
1,2,213226,0
1,3,213272,0
1,1,213413,0
1,4,213601,0
1,2,213788,0
2,3,213976,214351
1,2,214538,0
1,4,214726,0
1,3,215101,0
1,2,215476,0
1,1,215757,0
2,4,216038,217726
